3 0.37734375 0.30078125 0.0859375 0.08125
3 0.884375 0.64296875 0.23125 0.2203125
3 0.8828125 0.47734375 0.22890625 0.1625
3 0.22890625 0.66484375 0.178125 0.1984375
1 0.16015625 0.1828125 0.0328125 0.0765625
1 0.49296875 0.3640625 0.1 0.10078125
1 0.49609375 0.53359375 0.14921875 0.25
3 0.1859375 0.55546875 0.14453125 0.165625
5 0.68046875 0.3578125 0.1578125 0.20234375
1 0.115625 0.4171875 0.103125 0.16953125
0 0.88515625 0.8421875 0.2296875 0.315625
3 0.2609375 0.27578125 0.0703125 0.06875
3 0.2203125 0.17265625 0.04609375 0.0515625
0 0.13984375 0.24140625 0.03515625 0.0765625
3 0.0578125 0.28125 0.07578125 0.07578125
4 0.040625 0.51015625 0.06640625 0.1265625
0 0.09453125 0.18203125 0.0203125 0.04765625
3 0.846875 0.24765625 0.07109375 0.04296875
3 0.296875 0.35703125 0.08359375 0.1125
3 0.1796875 0.1578125 0.03125 0.0390625
4 0.04453125 0.3421875 0.04296875 0.1140625
0 0.12421875 0.16796875 0.03671875 0.0453125
0 0.91640625 0.253125 0.034375 0.06796875
0 0.065625 0.18046875 0.02265625 0.05
0 0.21796875 0.2140625 0.02109375 0.05390625
4 0.2671875 0.79609375 0.0703125 0.22265625
0 0.39375 0.35546875 0.03671875 0.125
0 0.33828125 0.43984375 0.04140625 0.16171875
5 0.6234375 0.190625 0.07109375 0.0765625