1 0.909375 0.203125 0.0421875 0.05
3 0.78046875 0.715625 0.20625 0.26875
3 0.83984375 0.56640625 0.14375 0.175
3 0.759375 0.29609375 0.071875 0.0890625
3 0.90390625 0.359375 0.0875 0.1296875
0 0.8625 0.28046875 0.0359375 0.084375
2 0.5578125 0.415625 0.31875 0.521875
5 0.0640625 0.2671875 0.128125 0.103125
3 0.078125 0.5203125 0.153125 0.1734375
3 0.8046875 0.2296875 0.053125 0.053125
3 0.8109375 0.18359375 0.0390625 0.0390625
0 0.04140625 0.60859375 0.08125 0.20625
0 0.9375 0.2328125 0.0125 0.0625
3 0.86328125 0.20625 0.015625 0.040625
0 0.7640625 0.22109375 0.0234375 0.04375
1 0.18515625 0.8015625 0.228125 0.396875
0 0.10546875 0.98984375 0.05625 0.0203125
2 0.30625 0.38984375 0.18125 0.35
0 0.38125 0.56328125 0.03125 0.253125
3 0.01484375 0.8078125 0.028125 0.228125
4 0.96328125 0.8625 0.05625 0.1375
4 0.7734375 0.928125 0.05 0.053125
4 0.94765625 0.634375 0.0296875 0.265625
4 0.990625 0.51328125 0.01875 0.0890625
4 0.98125 0.43359375 0.0265625 0.15625
4 0.97578125 0.33359375 0.0203125 0.06875
0 0.89453125 0.2453125 0.01875 0.06875
0 0.80390625 0.36328125 0.0234375 0.109375
0 0.7265625 0.37578125 0.021875 0.11875
0 0.81484375 0.28515625 0.0234375 0.05
3 0.85 0.15234375 0.034375 0.053125
1 0.88515625 0.16328125 0.0125 0.046875
2 0.93671875 0.14765625 0.05625 0.0828125
0 0.9625 0.1875 0.0125 0.05
1 0.1953125 0.2390625 0.05625 0.0546875