3 0.12734375 0.08203125 0.0484375 0.0375
3 0.4546875 0.7125 0.1796875 0.1953125
3 0.68828125 0.23359375 0.24375 0.2125
3 0.4875 0.97890625 0.228125 0.0421875
3 0.546875 0.171875 0.1875 0.1625
1 0.39453125 0.1015625 0.1796875 0.115625
2 0.07734375 0.13515625 0.06875 0.0546875
1 0.146875 0.121875 0.0734375 0.0375
4 0.31953125 0.0234375 0.1359375 0.0234375
2 0.10859375 0.43828125 0.0828125 0.078125
2 0.1078125 0.5015625 0.08125 0.059375
4 0.83203125 0.25859375 0.246875 0.0546875
4 0.8796875 0.0453125 0.240625 0.05625
4 0.28046875 0.0515625 0.08125 0.01875
0 0.19375 0.17890625 0.078125 0.0171875
0 0.1515625 0.1953125 0.0609375 0.01875
0 0.1484375 0.07734375 0.06875 0.015625
0 0.1421875 0.04921875 0.05625 0.015625
2 0.05859375 0.234375 0.059375 0.040625
3 0.12734375 0.1546875 0.046875 0.034375