3 0.2234375 0.5171875 0.234375 0.2125
3 0.7671875 0.6828125 0.20625 0.278125
3 0.82890625 0.525 0.15 0.171875
1 0.7953125 0.29609375 0.065625 0.15
3 0.8984375 0.2140625 0.084375 0.0625
5 0.5609375 0.190625 0.146875 0.209375
0 0.87578125 0.3515625 0.0515625 0.121875
1 0.90390625 0.1390625 0.025 0.0578125
0 0.703125 0.26484375 0.046875 0.109375
0 0.84921875 0.17109375 0.0328125 0.0765625
4 0.96796875 0.39296875 0.028125 0.146875
4 0.95390625 0.2984375 0.0375 0.0796875
3 0.5953125 0.3171875 0.10625 0.11875
0 0.609375 0.34765625 0.05 0.11875
0 0.78515625 0.2015625 0.0328125 0.04375
0 0.3984375 0.39296875 0.0734375 0.175
0 0.821875 0.14765625 0.0203125 0.05625
3 0.709375 0.18515625 0.0609375 0.05625
0 0.8296875 0.15078125 0.021875 0.0625
4 0.971875 0.4890625 0.05625 0.13125
3 0.7578125 0.16875 0.04375 0.05625
5 0.2 0.28359375 0.346875 0.3640625
0 0.2828125 0.74375 0.09375 0.3515625
0 0.09765625 0.72421875 0.1203125 0.3046875
4 0.49453125 0.9484375 0.075 0.103125
4 0.94140625 0.8109375 0.090625 0.178125
3 0.91328125 0.309375 0.0453125 0.109375
3 0.84453125 0.2625 0.03125 0.1
3 0.8296875 0.11171875 0.0359375 0.0265625
1 0.93203125 0.15390625 0.03125 0.059375
0 0.88359375 0.13984375 0.0125 0.0640625
0 0.87578125 0.1640625 0.0171875 0.040625
0 0.92734375 0.10625 0.009375 0.0328125
0 0.91328125 0.10234375 0.009375 0.0234375
0 0.89765625 0.09453125 0.0125 0.0265625
3 0.87578125 0.09375 0.025 0.034375