2 0.3390625 0.165625 0.140625 0.16875
3 0.90546875 0.6234375 0.1875 0.2484375
3 0.87890625 0.42734375 0.2125 0.153125
3 0.68828125 0.63515625 0.2375 0.259375
3 0.09921875 0.3234375 0.08125 0.1
3 0.1875 0.2953125 0.08125 0.1
3 0.20625 0.68984375 0.2375 0.275
0 0.37265625 0.3890625 0.0453125 0.128125
3 0.3046875 0.26015625 0.06875 0.071875
3 0.47890625 0.3625 0.040625 0.115625
3 0.48984375 0.27734375 0.078125 0.075
0 0.33984375 0.30390625 0.040625 0.1078125
4 0.29765625 0.521875 0.046875 0.159375
2 0.92265625 0.875 0.1515625 0.25
3 0.23359375 0.18515625 0.046875 0.05625
3 0.16015625 0.53125 0.153125 0.15625
0 0.3734375 0.2765625 0.046875 0.09375
0 0.4265625 0.3078125 0.0375 0.1125
5 0.13359375 0.16328125 0.084375 0.121875
4 0.02265625 0.44453125 0.040625 0.18125
4 0.05234375 0.75703125 0.046875 0.0625
1 0.20625 0.21015625 0.05 0.05625
0 0.6359375 0.36953125 0.05 0.15
4 0.04609375 0.865625 0.075 0.16875
0 0.51015625 0.425 0.053125 0.1609375
0 0.54921875 0.46328125 0.0421875 0.178125
0 0.190625 0.39609375 0.05 0.1171875
0 0.8109375 0.21640625 0.015625 0.053125
1 0.68671875 0.19375 0.0390625 0.05625
0 0.7390625 0.2015625 0.025 0.0515625
3 0.8390625 0.2171875 0.0390625 0.0640625
3 0.91328125 0.2046875 0.0828125 0.053125
3 0.94765625 0.2578125 0.1 0.078125
0 0.94921875 0.26640625 0.025 0.05
1 0.64453125 0.18515625 0.0375 0.040625
0 0.51015625 0.1640625 0.01875 0.04375
0 0.56328125 0.16953125 0.01875 0.05
3 0.0421875 0.2265625 0.04375 0.109375
0 0.06171875 0.13515625 0.0125 0.04375
4 0.053125 0.42734375 0.021875 0.146875
4 0.01640625 0.296875 0.03125 0.0609375
3 0.084375 0.12265625 0.021875 0.0421875
0 0.09609375 0.1421875 0.0125 0.05
0 0.16015625 0.14765625 0.0125 0.03125
0 0.2109375 0.23203125 0.015625 0.05
3 0.18125 0.17890625 0.028125 0.053125
0 0.478125 0.27109375 0.0234375 0.065625
4 0.29921875 0.8046875 0.053125 0.234375