3 0.8203125 0.8375 0.359375 0.3125
2 0.64375 0.1890625 0.13828125 0.115625
3 0.41484375 0.30859375 0.0953125 0.08984375
1 0.22734375 0.35859375 0.08203125 0.1421875
0 0.378125 0.44453125 0.065625 0.15625
5 0.2109375 0.2046875 0.078125 0.14296875
0 0.5125 0.30234375 0.04375 0.1078125
4 0.04140625 0.496875 0.07265625 0.13203125
4 0.0671875 0.353125 0.0609375 0.14453125
3 0.18203125 0.5515625 0.15546875 0.16953125
3 0.328125 0.23046875 0.0609375 0.06328125
3 0.2921875 0.23984375 0.05 0.075
1 0.42421875 0.1671875 0.03046875 0.0484375
4 0.2703125 0.7828125 0.08515625 0.2125
0 0.07890625 0.21640625 0.0171875 0.05078125
3 0.084375 0.16875 0.028125 0.0484375
0 0.10703125 0.1796875 0.01484375 0.05703125
0 0.12578125 0.18046875 0.01875 0.0671875
0 0.4921875 0.63828125 0.0640625 0.2625
0 0.97734375 0.26875 0.03125 0.07109375
0 0.8 0.23203125 0.0234375 0.05
5 0.7453125 0.2296875 0.08125 0.07265625
0 0.5046875 0.17890625 0.015625 0.0390625
0 0.5359375 0.190625 0.0109375 0.03125
3 0.453125 0.16484375 0.02421875 0.0421875
1 0.27421875 0.33203125 0.04453125 0.128125
3 0.25078125 0.2171875 0.0296875 0.0671875
0 0.15703125 0.1921875 0.03046875 0.0796875
5 0.18671875 0.10703125 0.0640625 0.08125
0 0.090625 0.12890625 0.01796875 0.03828125
2 0.0953125 0.10234375 0.04375 0.05546875
3 0.0875 0.29453125 0.03046875 0.08515625
4 0.0765625 0.83125 0.05546875 0.11171875
3 0.234375 0.70078125 0.1828125 0.2515625