5 0.253125 0.43828125 0.309375 0.2359375
1 0.428125 0.92578125 0.1625 0.0953125
4 0.371875 0.9921875 0.140625 0.015625
3 0.28125 0.97265625 0.09375 0.0546875
1 0.21484375 0.91484375 0.0828125 0.053125
1 0.21875 0.83984375 0.0875 0.0453125
3 0.2421875 0.28125 0.0671875 0.059375
3 0.55625 0.853125 0.125 0.15
3 0.72421875 0.7875 0.25625 0.2
3 0.8171875 0.13046875 0.290625 0.2609375
3 0.2703125 0.775 0.0625 0.06875
3 0.32578125 0.0609375 0.090625 0.109375
4 0.53046875 0.9921875 0.1625 0.015625
4 0.8546875 0.7796875 0.290625 0.046875
0 0.43671875 0.72421875 0.159375 0.046875
0 0.37265625 0.62578125 0.121875 0.040625
0 0.33515625 0.7546875 0.11875 0.028125
3 0.265625 0.10546875 0.053125 0.0828125
3 0.26484375 0.00546875 0.0984375 0.0109375
2 0.16015625 0.58125 0.084375 0.0796875