5 0.303125 0.178125 0.075 0.09375
1 0.36328125 0.3234375 0.08125 0.146875
3 0.9421875 0.61875 0.115625 0.2625
3 0.13671875 0.2265625 0.0625 0.0625
5 0.48203125 0.4046875 0.115625 0.2125
1 0.52109375 0.790625 0.215625 0.3484375
3 0.36953125 0.2203125 0.0734375 0.0609375
0 0.24296875 0.240625 0.0375 0.0875
3 0.12265625 0.31328125 0.08125 0.09375
3 0.228125 0.69296875 0.21875 0.2828125
1 0.7296875 0.20078125 0.05625 0.0375
5 0.340625 0.0859375 0.084375 0.09375
0 0.19296875 0.221875 0.03125 0.071875
4 0.06015625 0.8765625 0.075 0.13125
3 0.9484375 0.2265625 0.103125 0.09375
4 0.0328125 0.49140625 0.0640625 0.1265625
4 0.05234375 0.30625 0.040625 0.071875
3 0.18359375 0.53515625 0.153125 0.171875
4 0.29921875 0.75390625 0.071875 0.246875
4 0.0796875 0.778125 0.053125 0.128125
3 0.84609375 0.2046875 0.065625 0.078125
1 0.60078125 0.53828125 0.140625 0.25625
1 0.42578125 0.29296875 0.04375 0.115625
3 0.48046875 0.246875 0.0359375 0.090625
0 0.1328125 0.37421875 0.0421875 0.15625
3 0.15703125 0.1734375 0.0375 0.053125
0 0.1640625 0.19609375 0.01875 0.065625
0 0.10859375 0.17734375 0.015625 0.065625
3 0.12578125 0.15234375 0.025 0.059375
0 0.08671875 0.13515625 0.0125 0.053125
0 0.1 0.13515625 0.0109375 0.0484375
0 0.14296875 0.10546875 0.0125 0.021875
3 0.16484375 0.12578125 0.0265625 0.04375
3 0.06328125 0.2015625 0.025 0.06875
2 0.20234375 0.06015625 0.0484375 0.06875
5 0.240625 0.1453125 0.046875 0.0859375
3 0.45234375 0.125 0.0390625 0.071875
3 0.58984375 0.17265625 0.0375 0.040625
3 0.53359375 0.159375 0.034375 0.0359375