1 0.1265625 0.6921875 0.2296875 0.325
2 0.91015625 0.1421875 0.084375 0.125
5 0.55 0.321875 0.1203125 0.1921875
1 0.46328125 0.61015625 0.1375 0.265625
3 0.3796875 0.440625 0.153125 0.11875
3 0.69609375 0.31796875 0.09375 0.084375
0 0.79609375 0.34375 0.0484375 0.0953125
3 0.85625 0.58359375 0.1515625 0.1734375
5 0.49140625 0.43125 0.04375 0.0921875
3 0.82109375 0.28671875 0.078125 0.0875
4 0.98984375 0.55234375 0.01875 0.1125
0 0.28828125 0.5546875 0.0671875 0.2
3 0.5921875 0.490625 0.1625 0.16875
3 0.80546875 0.74140625 0.23125 0.2890625
3 0.79296875 0.19375 0.05 0.0375
3 0.92578125 0.23125 0.0609375 0.0625
4 0.89765625 0.40859375 0.04375 0.134375
3 0.628125 0.2671875 0.04375 0.065625
3 0.73671875 0.2109375 0.053125 0.0375
3 0.41796875 0.328125 0.10625 0.1078125
3 0.73125 0.24765625 0.06875 0.03125
0 0.89921875 0.2703125 0.028125 0.06875
3 0.625 0.37578125 0.125 0.071875
0 0.18984375 0.45859375 0.059375 0.140625
4 0.99296875 0.42734375 0.0140625 0.1171875
3 0.915625 0.35625 0.084375 0.0875
0 0.0625 0.5453125 0.084375 0.1703125
0 0.009375 0.67890625 0.01875 0.2265625