0 0.42890625 0.66796875 0.215625 0.078125
3 0.2984375 0.5078125 0.28125 0.209375
1 0.6625 0.30078125 0.1328125 0.06875
4 0.634375 0.02890625 0.1453125 0.0578125
3 0.55546875 0.42578125 0.153125 0.1421875
3 0.321875 0.2125 0.1703125 0.1984375
0 0.7203125 0.23515625 0.1 0.046875
3 0.4234375 0.146875 0.1796875 0.1515625
4 0.18125 0.2515625 0.278125 0.0953125
1 0.771875 0.73359375 0.0640625 0.0640625
0 0.77109375 0.1203125 0.090625 0.028125
3 0.77890625 0.07421875 0.065625 0.053125
3 0.80078125 0.24375 0.04375 0.05625
0 0.72421875 0.15859375 0.090625 0.040625
0 0.7765625 0.1921875 0.065625 0.028125
1 0.83359375 0.0890625 0.046875 0.0375
4 0.10859375 0.0328125 0.215625 0.065625
4 0.48125 0.009375 0.1546875 0.01875
0 0.66171875 0.19921875 0.1265625 0.03125
3 0.78671875 0.025 0.065625 0.0390625
2 0.8921875 0.09765625 0.06875 0.034375
3 0.8390625 0.12578125 0.0375 0.028125
3 0.84140625 0.15625 0.0359375 0.028125
3 0.79765625 0.19296875 0.071875 0.03125
5 0.72421875 0.465625 0.2 0.10625