0 0.37890625 0.3265625 0.03984375 0.103125
1 0.5453125 0.4609375 0.11015625 0.18203125
3 0.1796875 0.546875 0.14375 0.17265625
3 0.23671875 0.7078125 0.19140625 0.2625
0 0.7234375 0.4234375 0.06328125 0.11484375
2 0.703125 0.1875 0.13125 0.0875
4 0.26640625 0.7828125 0.071875 0.27421875
3 0.8234375 0.52734375 0.246875 0.26953125
4 0.04921875 0.34453125 0.0265625 0.1296875
3 0.32578125 0.24609375 0.06328125 0.06953125
0 0.56015625 0.69453125 0.09765625 0.25
4 0.06015625 0.8140625 0.11328125 0.20546875
4 0.03828125 0.50078125 0.06015625 0.15703125
4 0.07421875 0.34140625 0.02109375 0.15078125
1 0.15625 0.3703125 0.09609375 0.178125
3 0.26484375 0.28828125 0.0796875 0.10703125
3 0.2296875 0.19609375 0.05078125 0.05859375
3 0.1484375 0.18671875 0.04140625 0.0546875
0 0.11171875 0.14609375 0.0125 0.03671875
0 0.090625 0.1296875 0.00703125 0.0296875
2 0.16015625 0.08046875 0.0375 0.0609375
2 0.36640625 0.13671875 0.05234375 0.0671875
0 0.52578125 0.1890625 0.0125 0.0390625
0 0.553125 0.19453125 0.0109375 0.0390625