3 0.1578125 0.40859375 0.140625 0.134375
5 0.421875 0.18125 0.1484375 0.25
3 0.15 0.55 0.159375 0.18125
3 0.21640625 0.71484375 0.215625 0.290625
0 0.665625 0.409375 0.065625 0.140625
5 0.55625 0.2828125 0.190625 0.203125
0 0.9875 0.94140625 0.025 0.1171875
3 0.9625 0.22421875 0.075 0.11875
1 0.06640625 0.17421875 0.046875 0.084375
0 0.1953125 0.23828125 0.034375 0.0921875
0 0.27265625 0.33515625 0.040625 0.1609375
1 0.278125 0.1984375 0.0875 0.153125
3 0.33671875 0.303125 0.1046875 0.140625
5 0.79140625 0.5765625 0.3125 0.4875
0 0.653125 0.775 0.125 0.25
0 0.09296875 0.16875 0.025 0.065625
4 0.03828125 0.7984375 0.075 0.0734375
0 0.74140625 0.20234375 0.0359375 0.0640625
0 0.73984375 0.2078125 0.03125 0.05625
0 0.16171875 0.1625 0.0234375 0.0640625
3 0.11171875 0.1109375 0.03125 0.05625
4 0.02109375 0.46875 0.040625 0.221875
3 0.09140625 0.30078125 0.075 0.084375
4 0.0125 0.3125 0.021875 0.065625
4 0.03984375 0.88203125 0.0578125 0.1125
5 0.8796875 0.215625 0.1125 0.08125
4 0.03359375 0.21953125 0.0140625 0.053125
3 0.05859375 0.115625 0.0265625 0.040625
3 0.08359375 0.11875 0.021875 0.034375
3 0.03984375 0.07578125 0.015625 0.025
3 0.05703125 0.0828125 0.0125 0.028125
3 0.07265625 0.0890625 0.01875 0.021875
5 0.07734375 0.02578125 0.028125 0.0359375
0 0.67109375 0.18515625 0.0140625 0.028125