3 0.22578125 0.5921875 0.2375 0.23125
3 0.38046875 0.33203125 0.128125 0.1078125
3 0.77109375 0.69296875 0.2359375 0.275
0 0.79765625 0.31875 0.0453125 0.109375
0 0.6203125 0.3578125 0.0421875 0.109375
1 0.33359375 0.90234375 0.3421875 0.1953125
0 0.5140625 0.475 0.0484375 0.178125
5 0.50390625 0.26640625 0.11875 0.18125
0 0.328125 0.39453125 0.065625 0.1125
5 0.5953125 0.22109375 0.0765625 0.1421875
0 0.70078125 0.31015625 0.05 0.1
3 0.7828125 0.21484375 0.059375 0.0609375
4 0.70859375 0.834375 0.09375 0.2203125
3 0.8171875 0.53671875 0.1453125 0.1625
3 0.87734375 0.31640625 0.075 0.090625
0 0.74375 0.33125 0.03125 0.115625
3 0.00546875 0.53359375 0.0109375 0.190625
3 0.840625 0.25859375 0.06875 0.06875
4 0.9234375 0.87734375 0.075 0.1328125
4 0.97265625 0.48671875 0.0546875 0.14375
3 0.7265625 0.23828125 0.053125 0.053125
0 0.86171875 0.36640625 0.0515625 0.121875
0 0.57578125 0.50703125 0.05625 0.19375
4 0.921875 0.7734375 0.04375 0.078125
0 0.7390625 0.18203125 0.0171875 0.04375
3 0.7375 0.171875 0.0390625 0.0515625
4 0.94609375 0.32109375 0.040625 0.096875
3 0.0515625 0.21875 0.075 0.078125
1 0.11484375 0.2296875 0.0625 0.078125
3 0.68125 0.22734375 0.04375 0.109375
0 0.78046875 0.159375 0.021875 0.04375
3 0.81875 0.18125 0.028125 0.0625
0 0.77890625 0.159375 0.0140625 0.0515625
0 0.86875 0.1890625 0.0375 0.0765625
0 0.84375 0.16484375 0.0171875 0.059375
0 0.828125 0.14765625 0.00625 0.021875
5 0.76640625 0.07421875 0.05 0.08125
3 0.93828125 0.21484375 0.034375 0.078125
3 0.9265625 0.1515625 0.034375 0.0453125
0 0.89609375 0.1484375 0.0125 0.065625
3 0.928125 0.26484375 0.0625 0.040625