5 0.46171875 0.1375 0.140625 0.146875
1 0.721875 0.2484375 0.0609375 0.0984375
0 0.4328125 0.3890625 0.0703125 0.1265625
0 0.546875 0.3859375 0.065625 0.134375
2 0.83671875 0.17265625 0.109375 0.146875
3 0.90546875 0.3359375 0.0828125 0.096875
0 0.7984375 0.2765625 0.034375 0.090625
4 0.72421875 0.490625 0.0484375 0.175
1 0.60234375 0.134375 0.071875 0.0578125
4 0.98125 0.5078125 0.0375 0.1203125
3 0.83984375 0.54453125 0.1640625 0.1625
0 0.9265625 0.17890625 0.025 0.065625
1 0.86171875 0.2859375 0.040625 0.109375
3 0.77734375 0.71484375 0.2 0.259375
0 0.01171875 0.53359375 0.0234375 0.2109375
0 0.23046875 0.225 0.0359375 0.04375
5 0.72265625 0.09296875 0.075 0.1109375
5 0.9015625 0.1234375 0.0578125 0.096875
5 0.1765625 0.23828125 0.025 0.05