5 0.8171875 0.49765625 0.2015625 0.26640625
3 0.66171875 0.396875 0.13046875 0.121875
3 0.23125 0.696875 0.22578125 0.26328125
5 0.3140625 0.178125 0.103125 0.125
3 0.30859375 0.28203125 0.07421875 0.08125
0 0.3265625 0.384375 0.05234375 0.13125
3 0.9171875 0.2546875 0.09765625 0.0875
3 0.18359375 0.54375 0.14921875 0.15625
1 0.196875 0.29609375 0.0578125 0.10546875
5 0.49296875 0.25390625 0.1640625 0.17421875
3 0.12578125 0.3359375 0.07890625 0.08828125
4 0.0765625 0.8671875 0.07265625 0.13515625
3 0.2453125 0.19765625 0.04921875 0.05234375
4 0.4984375 0.94765625 0.09375 0.1046875
3 0.90625 0.9265625 0.175 0.14453125
0 0.4484375 0.40078125 0.03671875 0.1328125
0 0.54453125 0.428125 0.046875 0.14921875
3 0.1359375 0.246875 0.0640625 0.0625
0 0.24375 0.28125 0.02734375 0.08828125
0 0.9734375 0.68359375 0.053125 0.2203125
4 0.06328125 0.3296875 0.0359375 0.07734375
0 0.14453125 0.37421875 0.05234375 0.096875
4 0.08359375 0.7625 0.0484375 0.06875
4 0.03671875 0.50625 0.0671875 0.11796875
0 0.37890625 0.3015625 0.02109375 0.103125
0 0.39609375 0.3984375 0.03359375 0.15
0 0.5046875 0.51171875 0.0515625 0.1921875
3 0.49375 0.35234375 0.03671875 0.12109375
0 0.6203125 0.71796875 0.08046875 0.2890625
3 0.9484375 0.45546875 0.0421875 0.16953125
1 0.60390625 0.19609375 0.02265625 0.0390625
3 0.8234375 0.234375 0.06015625 0.059375
3 0.1984375 0.1703125 0.0203125 0.03984375
0 0.2171875 0.1765625 0.0109375 0.0421875
0 0.209375 0.21953125 0.02578125 0.03125
0 0.1265625 0.184375 0.01484375 0.05234375
1 0.146875 0.1765625 0.02578125 0.05390625
3 0.1796875 0.2046875 0.0296875 0.05
0 0.1703125 0.15546875 0.021875 0.04296875
0 0.1015625 0.1640625 0.03359375 0.08359375