3 0.72734375 0.78671875 0.2890625 0.2140625
5 0.40546875 0.3828125 0.2578125 0.159375
3 0.5703125 0.85 0.1875 0.1515625
0 0.6359375 0.35703125 0.25625 0.0984375
1 0.3171875 0.68203125 0.10625 0.0734375
3 0.39296875 0.60390625 0.14375 0.125
3 0.578125 0.1875 0.2734375 0.240625
5 0.4 0.14453125 0.2125 0.2296875
0 0.3390625 0.78828125 0.1046875 0.0515625
5 0.2484375 0.66171875 0.146875 0.1328125
3 0.2375 0.778125 0.084375 0.0609375
0 0.2203125 0.809375 0.06875 0.0296875
0 0.225 0.8859375 0.075 0.01875
0 0.23515625 0.86328125 0.0875 0.028125
1 0.24296875 0.01875 0.08125 0.0375
3 0.8671875 0.11875 0.265625 0.2375
4 0.8796875 0.96484375 0.16875 0.0703125
2 0.14921875 0.85703125 0.140625 0.084375
3 0.17265625 0.48984375 0.05625 0.053125
0 0.54375 0.6625 0.240625 0.05
0 0.3671875 0.5375 0.128125 0.0390625
5 0.07890625 0.93046875 0.065625 0.0484375
4 0.3953125 0.91171875 0.146875 0.0359375
4 0.53203125 0.9890625 0.121875 0.021875
4 0.4234375 0.99296875 0.1671875 0.0140625
4 0.3625 0.978125 0.146875 0.0203125
4 0.30859375 0.99453125 0.028125 0.0109375
0 0.23984375 0.9265625 0.08125 0.0203125
3 0.1359375 0.921875 0.0484375 0.034375
3 0.14140625 0.9796875 0.059375 0.0140625
3 0.13125 0.9578125 0.053125 0.025
5 0.14609375 0.7046875 0.084375 0.0703125
4 0.96796875 0.5359375 0.0625 0.125