3 0.40859375 0.3203125 0.06875 0.10546875
3 0.5390625 0.321875 0.09296875 0.09921875
5 0.228125 0.24921875 0.07421875 0.1578125
3 0.23515625 0.70078125 0.19296875 0.26171875
3 0.75234375 0.42890625 0.1734375 0.1734375
3 0.18046875 0.54453125 0.140625 0.16484375
3 0.12890625 0.1984375 0.03671875 0.0640625
1 0.1609375 0.1921875 0.0375 0.059375
5 0.19140625 0.12578125 0.05546875 0.0875
1 0.98984375 0.26484375 0.0203125 0.0890625
3 0.1703125 0.2125 0.0421875 0.05234375
0 0.253125 0.359375 0.03515625 0.1
0 0.4765625 0.3390625 0.03671875 0.1265625
3 0.715625 0.22890625 0.05234375 0.04453125
4 0.14296875 0.38515625 0.0453125 0.17578125
0 0.3640625 0.34765625 0.03359375 0.11953125
4 0.04609375 0.3421875 0.0265625 0.10078125
5 0.33671875 0.16796875 0.10546875 0.1203125
3 0.2984375 0.25625 0.0671875 0.0921875
0 0.30390625 0.28828125 0.01328125 0.06875
0 0.31328125 0.265625 0.01640625 0.046875
0 0.31171875 0.3671875 0.0375 0.12734375
5 0.41640625 0.23203125 0.0546875 0.096875
3 0.10546875 0.33515625 0.03828125 0.1078125
3 0.08359375 0.27890625 0.05390625 0.0328125
4 0.071875 0.353125 0.01796875 0.125
4 0.0375 0.51640625 0.05703125 0.1171875
1 0.07578125 0.15859375 0.021875 0.053125
3 0.1203125 0.1453125 0.06328125 0.05
3 0.11640625 0.159375 0.02734375 0.03125
5 0.13984375 0.0765625 0.03359375 0.0296875
5 0.4640625 0.16875 0.07421875 0.0515625
4 0.07734375 0.8140625 0.06796875 0.16328125
4 0.4859375 0.97421875 0.06328125 0.0515625