5 0.646875 0.3953125 0.234375 0.1734375
2 0.8015625 0.73984375 0.1921875 0.1421875
3 0.29453125 0.7671875 0.26875 0.221875
0 0.23203125 0.315625 0.2 0.065625
1 0.5578125 0.4640625 0.1734375 0.103125
3 0.39609375 0.271875 0.196875 0.23125
0 0.50625 0.590625 0.178125 0.065625
0 0.4328125 0.0578125 0.2234375 0.115625
3 0.6515625 0.52109375 0.103125 0.103125
4 0.60625 0.87265625 0.1671875 0.0484375
3 0.66328125 0.8734375 0.103125 0.0765625
0 0.7171875 0.72421875 0.08125 0.053125
3 0.4546875 0.81328125 0.153125 0.14375
0 0.65390625 0.68671875 0.109375 0.034375
1 0.84453125 0.93671875 0.090625 0.046875
3 0.83828125 0.88359375 0.065625 0.040625
3 0.8296875 0.8375 0.053125 0.0484375
4 0.484375 0.96171875 0.1078125 0.0625
3 0.7125 0.0234375 0.084375 0.046875
0 0.6046875 0.2703125 0.146875 0.06875
4 0.14375 0.93046875 0.159375 0.06875
3 0.77734375 0.66796875 0.059375 0.03125
1 0.7765625 0.215625 0.053125 0.05
0 0.684375 0.63046875 0.1375 0.084375
4 0.0625 0.54296875 0.125 0.09375
3 0.73671875 0.0953125 0.08125 0.0796875
5 0.89140625 0.8578125 0.09375 0.0578125
5 0.78671875 0.546875 0.1640625 0.09375