3 0.7578125 0.6875 0.2 0.271875
3 0.81328125 0.546875 0.15625 0.184375
0 0.6546875 0.26796875 0.0375 0.090625
3 0.8828125 0.3109375 0.0703125 0.1125
0 0.15625 0.55859375 0.140625 0.2734375
2 0.04609375 0.89296875 0.0921875 0.2140625
4 0.675 0.75390625 0.1203125 0.1546875
3 0.06640625 0.43828125 0.1328125 0.1453125
3 0.803125 0.384375 0.125 0.13125
3 0.7296875 0.17578125 0.0625 0.06875
5 0.4375 0.36640625 0.2390625 0.4359375
0 0.775 0.259375 0.05625 0.096875
1 0.87421875 0.1734375 0.04375 0.090625
4 0.9171875 0.7953125 0.0546875 0.140625
3 0.78984375 0.178125 0.0515625 0.0609375
3 0.0234375 0.56796875 0.046875 0.228125
4 0.940625 0.30703125 0.05 0.1125
4 0.93359375 0.51640625 0.03125 0.26875
4 0.946875 0.4375 0.0625 0.171875
3 0.93515625 0.2 0.0265625 0.078125
0 0.83203125 0.17578125 0.0359375 0.1015625
5 0.84609375 0.084375 0.06875 0.08125
0 0.9046875 0.1234375 0.025 0.090625
5 0.72265625 0.08359375 0.053125 0.0609375
3 0.6359375 0.2296875 0.096875 0.115625
3 0.2109375 0.19609375 0.05 0.053125
0 0.1609375 0.20859375 0.0234375 0.059375
3 0.03828125 0.2234375 0.075 0.103125