3 0.3828125 0.58515625 0.103125 0.1359375
3 0.3375 0.115625 0.1 0.0875
1 0.53359375 0.57578125 0.23125 0.125
3 0.43046875 0.86171875 0.14375 0.2046875
1 0.57109375 0.44765625 0.2390625 0.1375
5 0.171875 0.39921875 0.2375 0.190625
1 0.68671875 0.74765625 0.3328125 0.1875
3 0.49765625 0.79921875 0.1796875 0.2234375
3 0.71171875 0.22734375 0.28125 0.2390625
3 0.3546875 0.63203125 0.115625 0.1078125
3 0.29609375 0.19609375 0.1046875 0.071875
2 0.13046875 0.13046875 0.121875 0.084375
0 0.32421875 0.35234375 0.10625 0.040625
3 0.278125 0.3421875 0.084375 0.084375
1 0.209375 0.1328125 0.06875 0.04375
0 0.31875 0.26796875 0.109375 0.0375
4 0.50546875 0.02890625 0.1265625 0.05625
3 0.5484375 0.17734375 0.1625 0.153125
3 0.3703125 0.41328125 0.1265625 0.09375
0 0.31953125 0.296875 0.109375 0.0375
3 0.209375 0.18671875 0.071875 0.059375
4 0.328125 0.04296875 0.075 0.025
3 0.8203125 0.98046875 0.303125 0.0390625
4 0.78046875 0.06640625 0.0875 0.0578125
0 0.27109375 0.25546875 0.0609375 0.0265625
0 0.28125 0.3953125 0.046875 0.03125
0 0.1984375 0.29296875 0.0609375 0.0375
4 0.86015625 0.08984375 0.1234375 0.0578125
4 0.95859375 0.3953125 0.0828125 0.0625
0 0.52890625 0.3234375 0.215625 0.0734375
3 0.265625 0.06953125 0.084375 0.0421875
0 0.16875 0.23203125 0.01875 0.009375
0 0.2078125 0.25234375 0.03125 0.0296875
0 0.3203125 0.465625 0.1046875 0.028125
3 0.14609375 0.17734375 0.0375 0.01875
3 0.15234375 0.20234375 0.01875 0.021875
3 0.26171875 0.2234375 0.090625 0.03125
0 0.1453125 0.0734375 0.05625 0.028125
0 0.128125 0.075 0.040625 0.0109375