3 0.828125 0.5421875 0.1453125 0.15625
1 0.45859375 0.52578125 0.13125 0.2265625
3 0.76875 0.69765625 0.215625 0.271875
0 0.43671875 0.34453125 0.05625 0.121875
3 0.8921875 0.3328125 0.075 0.10625
3 0.30859375 0.5125 0.178125 0.2015625
2 0.0828125 0.90390625 0.165625 0.1921875
3 0.7421875 0.2359375 0.065625 0.071875
3 0.31875 0.40390625 0.1796875 0.121875
3 0.07578125 0.25078125 0.084375 0.090625
0 0.52578125 0.33046875 0.075 0.1234375
4 0.64765625 0.76015625 0.065625 0.29375
4 0.940625 0.77109375 0.078125 0.06875
4 0.9265625 0.5890625 0.046875 0.246875
4 0.96953125 0.465625 0.034375 0.1921875
3 0.8015625 0.36953125 0.096875 0.13125
3 0.95625 0.22734375 0.05 0.06875
0 0.16796875 0.83984375 0.10625 0.3203125
3 0.17578125 0.22578125 0.0625 0.059375
1 0.31640625 0.2078125 0.046875 0.046875
3 0.46015625 0.2 0.0640625 0.034375
0 0.37890625 0.20078125 0.015625 0.040625
5 0.621875 0.13203125 0.06875 0.06875
3 0.81953125 0.184375 0.0421875 0.0640625
3 0.78984375 0.18359375 0.03125 0.053125
0 0.56171875 0.16328125 0.0109375 0.046875
3 0.5875 0.26953125 0.059375 0.075
0 0.60859375 0.3125 0.021875 0.1
0 0.896875 0.21328125 0.0203125 0.06875
3 0.8734375 0.15859375 0.0375 0.0515625
3 0.93359375 0.15859375 0.025 0.046875
0 0.92109375 0.178125 0.0125 0.053125
0 0.87734375 0.1875 0.0125 0.0515625
0 0.8390625 0.1984375 0.015625 0.059375
0 0.9078125 0.14140625 0.009375 0.040625
0 0.89453125 0.13671875 0.00625 0.034375
5 0.90390625 0.09453125 0.05 0.046875
0 0.9375 0.1078125 0.009375 0.028125
0 0.81875 0.1015625 0.0078125 0.028125
5 0.6703125 0.271875 0.10625 0.228125
0 0.71015625 0.13125 0.009375 0.01875
3 0.77890625 0.11796875 0.028125 0.03125
0 0.50390625 0.17421875 0.0109375 0.0296875
0 0.4953125 0.1859375 0.0125 0.034375
0 0.475 0.16953125 0.0140625 0.025
0 0.30078125 0.21953125 0.0171875 0.03125
0 0.2140625 0.23828125 0.01875 0.034375
0 0.06171875 0.25390625 0.021875 0.046875
4 0.95 0.31953125 0.015625 0.0640625
4 0.9734375 0.31328125 0.0140625 0.040625
4 0.9390625 0.4125 0.028125 0.0890625
4 0.93203125 0.8609375 0.05 0.1171875