5 0.3453125 0.225 0.290625 0.34375
1 0.7 0.42421875 0.109375 0.2140625
1 0.93046875 0.38359375 0.1125 0.178125
0 0.39765625 0.50625 0.075 0.246875
0 0.58203125 0.653125 0.06875 0.29375
3 0.1890625 0.63671875 0.228125 0.234375
3 0.8546875 0.525 0.1859375 0.1640625
3 0.80078125 0.6953125 0.225 0.2921875
0 0.9453125 0.1765625 0.0328125 0.1
0 0.12890625 0.8046875 0.1234375 0.309375
4 0.9953125 0.303125 0.009375 0.125
3 0.64296875 0.20078125 0.09375 0.1
3 0.6171875 0.2875 0.109375 0.0796875
0 0.86796875 0.21328125 0.034375 0.0921875
4 0.9921875 0.49609375 0.015625 0.115625
5 0.77265625 0.1453125 0.121875 0.178125
4 0.88046875 0.80625 0.0796875 0.25
3 0.5859375 0.409375 0.13125 0.15625
1 0.12265625 0.1953125 0.078125 0.0625
0 0.29765625 0.753125 0.08125 0.30625
0 0.8984375 0.20703125 0.028125 0.096875
0 0.7640625 0.23671875 0.021875 0.1
0 0.71875 0.240625 0.025 0.10625
0 0.91796875 0.13046875 0.015625 0.059375
0 0.88671875 0.18828125 0.0203125 0.090625
0 0.8765625 0.1359375 0.0171875 0.053125
0 0.94375 0.08359375 0.0125 0.040625
0 0.92578125 0.07265625 0.0234375 0.046875
0 0.9859375 0.11015625 0.0125 0.0453125
3 0.9828125 0.08046875 0.021875 0.034375
0 0.959375 0.0609375 0.0109375 0.0375
3 0.975 0.24140625 0.05 0.0875
0 0.52421875 0.36875 0.028125 0.134375
5 0.58203125 0.09921875 0.0578125 0.0859375
0 0.05390625 0.19609375 0.0375 0.078125