1 0.6046875 0.3171875 0.084375 0.1265625
1 0.6875 0.29765625 0.0671875 0.109375
3 0.44140625 0.42109375 0.1375 0.14375
0 0.5265625 0.3203125 0.040625 0.1140625
5 0.175 0.27265625 0.35 0.478125
4 0.94921875 0.34453125 0.034375 0.125
3 0.7578125 0.71171875 0.221875 0.2875
0 0.86484375 0.21796875 0.028125 0.065625
3 0.81171875 0.5484375 0.153125 0.16875
3 0.61171875 0.23125 0.071875 0.040625
3 0.74375 0.2265625 0.05625 0.071875
1 0.69375 0.19453125 0.0625 0.0671875
4 0.9609375 0.509375 0.0609375 0.121875
4 0.73203125 0.8015625 0.06875 0.234375
1 0.79453125 0.28515625 0.06875 0.1453125
0 0.546875 0.48828125 0.0625 0.171875
4 0.93359375 0.85703125 0.0640625 0.1640625
3 0.8859375 0.13671875 0.034375 0.04375
3 0.9375 0.28046875 0.075 0.0984375
5 0.8328125 0.1125 0.0609375 0.0828125
3 0.7625 0.17890625 0.0421875 0.05
1 0.8328125 0.18828125 0.040625 0.0671875
3 0.44140625 0.19453125 0.05625 0.0546875
3 0.5125 0.175 0.040625 0.046875
3 0.76015625 0.11953125 0.03125 0.0375