0 0.2578125 0.34609375 0.046875 0.128125
3 0.2515625 0.7484375 0.240625 0.265625
1 0.1734375 0.25 0.0625 0.0953125
2 0.65859375 0.2765625 0.2875 0.25
1 0.2234375 0.24140625 0.05625 0.090625
3 0.98359375 0.2734375 0.0328125 0.1109375
0 0.46796875 0.38515625 0.04375 0.134375
0 0.375 0.37265625 0.046875 0.134375
2 0.74765625 0.678125 0.5046875 0.64375
0 0.14765625 0.4265625 0.05625 0.134375
0 0.290625 0.27109375 0.05 0.084375
3 0.20234375 0.59765625 0.15 0.1765625
3 0.13984375 0.35625 0.090625 0.09375
4 0.03984375 0.55625 0.071875 0.13125
4 0.084375 0.94453125 0.08125 0.1109375
0 0.40703125 0.34375 0.040625 0.121875
3 0.36640625 0.26171875 0.06875 0.0828125
5 0.25234375 0.16953125 0.05625 0.0859375
3 0.30234375 0.196875 0.0484375 0.0296875
4 0.09453125 0.903125 0.078125 0.19375
4 0.090625 0.83359375 0.046875 0.06875
4 0.04921875 0.428125 0.053125 0.1296875
5 0.84375 0.48359375 0.015625 0.00625
3 0.9109375 0.25078125 0.065625 0.08125
2 0.45625 0.1453125 0.04375 0.0734375
5 0.1109375 0.04921875 0.0359375 0.0625
5 0.29765625 0.11484375 0.053125 0.078125
0 0.42578125 0.28046875 0.0296875 0.1
3 0.14140625 0.16015625 0.03125 0.059375
3 0.2046875 0.171875 0.034375 0.05
3 0.1546875 0.1421875 0.025 0.053125
0 0.10234375 0.1875 0.0171875 0.05625
3 0.10546875 0.1203125 0.021875 0.03125
3 0.39609375 0.15625 0.021875 0.0328125
4 0.3109375 0.90859375 0.0703125 0.1828125
4 0.5078125 0.90234375 0.1 0.1953125
4 0.84453125 0.2359375 0.021875 0.075