3 0.55625 0.4140625 0.184375 0.14375
3 0.28515625 0.2109375 0.3015625 0.2140625
1 0.7234375 0.2921875 0.121875 0.0765625
3 0.42578125 0.15390625 0.2125 0.1734375
1 0.59609375 0.07890625 0.1734375 0.115625
0 0.73203125 0.403125 0.096875 0.04375
1 0.7703125 0.14609375 0.11875 0.0875
0 0.68984375 0.440625 0.084375 0.04375
4 0.6703125 0.00703125 0.134375 0.0140625
1 0.79375 0.73828125 0.05 0.075
0 0.2453125 0.73671875 0.225 0.103125
0 0.38046875 0.53515625 0.259375 0.0875
4 0.2109375 0.2359375 0.265625 0.078125
4 0.51015625 0.00625 0.1953125 0.0125
4 0.68515625 0.0296875 0.121875 0.021875
0 0.70625 0.23125 0.115625 0.0390625
0 0.78203125 0.0921875 0.096875 0.025
0 0.8359375 0.065625 0.065625 0.0125
0 0.79453125 0.23984375 0.08125 0.025
3 0.85234375 0.1546875 0.0625 0.0625
3 0.87890625 0.06875 0.065625 0.04375
0 0.66484375 0.50703125 0.14375 0.034375
0 0.79296875 0.8046875 0.059375 0.021875
0 0.85546875 0.45859375 0.025 0.0109375
0 0.12109375 0.8046875 0.240625 0.1296875