3 0.60234375 0.54375 0.13125 0.121875
3 0.70390625 0.4515625 0.096875 0.0953125
1 0.69609375 0.32421875 0.11875 0.065625
5 0.8375 0.2453125 0.096875 0.0875
3 0.76875 0.14140625 0.06875 0.071875
1 0.63515625 0.65625 0.125 0.11875
3 0.30078125 0.23125 0.290625 0.2171875
1 0.78359375 0.2015625 0.075 0.046875
1 0.59453125 0.25 0.1640625 0.0703125
0 0.7140625 0.2484375 0.0953125 0.040625
0 0.471875 0.41953125 0.203125 0.06875
3 0.7046875 0.96796875 0.078125 0.0625
4 0.653125 0.05234375 0.1125 0.0265625
1 0.8234375 0.4734375 0.05 0.0703125
1 0.84765625 0.09296875 0.053125 0.03125
4 0.49609375 0.03828125 0.1234375 0.0609375
1 0.784375 0.65078125 0.040625 0.0765625
3 0.4515625 0.18203125 0.1625 0.153125
4 0.203125 0.26015625 0.2125 0.065625
1 0.7421875 0.89921875 0.0640625 0.153125
4 0.1734375 0.075 0.184375 0.08125
0 0.7828125 0.7234375 0.05 0.03125