3 0.6640625 0.184375 0.059375 0.0875
1 0.66484375 0.3125 0.0796875 0.128125
3 0.759375 0.65390625 0.2078125 0.16875
1 0.74296875 0.171875 0.046875 0.05
3 0.81328125 0.546875 0.159375 0.1765625
1 0.82265625 0.18046875 0.046875 0.078125
3 0.75 0.2515625 0.075 0.090625
0 0.44375 0.40703125 0.046875 0.16875
4 0.71015625 0.76640625 0.1171875 0.221875
1 0.0125 0.2421875 0.025 0.075
4 0.95 0.32890625 0.03125 0.13125
0 0.59296875 0.27734375 0.0390625 0.1046875
0 0.659375 0.21796875 0.053125 0.05625
0 0.46328125 0.56328125 0.05625 0.25625
0 0.38046875 0.41328125 0.05 0.1671875
5 0.43046875 0.2359375 0.20625 0.2546875
5 0.31015625 0.13125 0.2 0.2390625
4 0.94375 0.884375 0.075 0.23125
4 0.965625 0.515625 0.0640625 0.1234375
4 0.94140625 0.31796875 0.01875 0.14375
3 0.859375 0.24609375 0.0703125 0.1078125
0 0.8640625 0.1421875 0.0125 0.05625
1 0.83046875 0.10703125 0.0328125 0.0515625
1 0.8625 0.11015625 0.03125 0.0515625
1 0.5828125 0.60703125 0.121875 0.284375