3 0.13671875 0.2171875 0.0484375 0.06171875
3 0.7421875 0.6390625 0.26796875 0.24765625
3 0.4078125 0.46640625 0.1453125 0.17421875
3 0.93046875 0.921875 0.1359375 0.15234375
3 0.29375 0.2734375 0.06953125 0.084375
3 0.23359375 0.64921875 0.1734375 0.16640625
3 0.290625 0.2 0.05078125 0.04921875
3 0.17890625 0.540625 0.14296875 0.1578125
4 0.0578125 0.3515625 0.03984375 0.15234375
3 0.4640625 0.30625 0.08203125 0.10234375
0 0.23671875 0.30703125 0.04453125 0.10546875
3 0.615625 0.3484375 0.1421875 0.1375
5 0.75 0.18671875 0.084375 0.10078125
0 0.10546875 0.1453125 0.0125 0.046875
0 0.17890625 0.2140625 0.02109375 0.0640625
4 0.27109375 0.725 0.09453125 0.1375
0 0.13515625 0.23125 0.01953125 0.0765625
5 0.52421875 0.15859375 0.11953125 0.11171875
5 0.28984375 0.1203125 0.0484375 0.059375
5 0.23359375 0.1421875 0.07265625 0.13046875
0 0.63203125 0.846875 0.09296875 0.30625
4 0.06953125 0.825 0.0796875 0.14375
4 0.0390625 0.5109375 0.065625 0.109375
4 0.14765625 0.41171875 0.028125 0.0984375
3 0.103125 0.31875 0.0421875 0.1015625
3 0.1625 0.15546875 0.03203125 0.040625
3 0.1484375 0.175 0.03671875 0.04609375
3 0.11953125 0.13125 0.02109375 0.040625
3 0.13984375 0.1359375 0.01640625 0.02890625
0 0.08359375 0.14140625 0.009375 0.0375
0 0.34453125 0.33984375 0.0265625 0.1203125