3 0.34296875 0.7734375 0.178125 0.171875
3 0.440625 0.81875 0.16875 0.146875
0 0.71640625 0.6125 0.090625 0.040625
2 0.7859375 0.0421875 0.228125 0.078125
1 0.5890625 0.884375 0.1625 0.103125
4 0.6484375 0.95625 0.1125 0.0203125
3 0.7625 0.70859375 0.06875 0.059375
0 0.60625 0.5953125 0.140625 0.05
0 0.72890625 0.78515625 0.084375 0.03125
3 0.80703125 0.75390625 0.040625 0.046875
1 0.75 0.76328125 0.090625 0.053125
1 0.78125 0.83203125 0.0640625 0.0453125
0 0.85078125 0.90234375 0.065625 0.05
4 0.48125 0.9609375 0.121875 0.0671875
2 0.84375 0.78828125 0.0859375 0.059375
4 0.1828125 0.7421875 0.1890625 0.0515625
4 0.17578125 0.925 0.2046875 0.0578125
3 0.728125 0.94453125 0.084375 0.084375
4 0.69609375 0.9296875 0.053125 0.015625
0 0.7671875 0.86796875 0.078125 0.021875
0 0.8171875 0.93671875 0.05 0.015625
5 0.83671875 0.8578125 0.053125 0.040625
5 0.8953125 0.8359375 0.0734375 0.053125
2 0.86328125 0.653125 0.071875 0.05
2 0.87265625 0.71484375 0.053125 0.04375