3 0.1734375 0.2234375 0.053125 0.071875
3 0.8984375 0.3171875 0.065625 0.10625
3 0.79921875 0.41328125 0.140625 0.128125
3 0.775 0.70234375 0.2 0.2734375
1 0.5140625 0.43125 0.10625 0.1875
3 0.8328125 0.5484375 0.146875 0.18125
3 0.70703125 0.27421875 0.0625 0.084375
3 0.6203125 0.23671875 0.059375 0.0765625
0 0.6296875 0.32734375 0.040625 0.1296875
3 0.73125 0.2171875 0.05625 0.0515625
3 0.7640625 0.19453125 0.040625 0.0609375
0 0.89375 0.35234375 0.03125 0.084375
3 0.5328125 0.28671875 0.078125 0.078125
4 0.96875 0.475 0.04375 0.1828125
0 0.8453125 0.21640625 0.01875 0.071875
0 0.8921875 0.2171875 0.01875 0.078125
3 0.940625 0.28125 0.0546875 0.0578125
4 0.9390625 0.76953125 0.05 0.065625
5 0.065625 0.39453125 0.13125 0.484375
4 0.95 0.86953125 0.05625 0.1140625
0 0.05703125 0.66328125 0.1140625 0.2953125
1 0.31953125 0.1953125 0.040625 0.0625
1 0.86484375 0.17109375 0.0453125 0.09375
0 0.434375 0.17578125 0.0140625 0.04375