0 0.740625 0.1421875 0.0828125 0.021875
1 0.81953125 0.16640625 0.078125 0.053125
3 0.696875 0.3890625 0.0859375 0.0875
3 0.571875 0.16953125 0.1375 0.140625
3 0.43828125 0.15703125 0.178125 0.153125
3 0.6703125 0.55078125 0.1296875 0.103125
3 0.28125 0.2171875 0.2828125 0.2046875
1 0.2921875 0.89453125 0.35625 0.2109375
3 0.61875 0.4421875 0.1359375 0.10625
1 0.796875 0.27890625 0.0890625 0.0546875
0 0.74765625 0.17421875 0.096875 0.0265625
0 0.81328125 0.2125 0.06875 0.03125
3 0.7515625 0.32421875 0.078125 0.0765625
3 0.55390625 0.77421875 0.171875 0.184375
3 0.74453125 0.9421875 0.103125 0.115625
3 0.7734375 0.84921875 0.0640625 0.0921875
0 0.82890625 0.07421875 0.0546875 0.0171875
4 0.121875 0.046875 0.125 0.06875
4 0.215625 0.053125 0.059375 0.05625
4 0.49140625 0.021875 0.1828125 0.04375
4 0.6546875 0.0359375 0.071875 0.0375
5 0.88671875 0.13828125 0.128125 0.05625