3 0.71171875 0.4890625 0.18125 0.1828125
1 0.90625 0.2125 0.059375 0.08125
3 0.7875 0.70234375 0.21875 0.2875
5 0.334375 0.41796875 0.215625 0.33125
0 0.55859375 0.3375 0.0625 0.115625
3 0.840625 0.54765625 0.159375 0.1515625
3 0.0609375 0.24375 0.1140625 0.090625
0 0.79609375 0.26015625 0.034375 0.084375
3 0.8484375 0.209375 0.05 0.0796875
3 0.8484375 0.14140625 0.04375 0.040625
4 0.965625 0.90234375 0.06875 0.1953125
3 0.90546875 0.32578125 0.08125 0.0875
4 0.97734375 0.48046875 0.0453125 0.2203125
3 0.734375 0.23671875 0.059375 0.0625
1 0.73359375 0.18984375 0.05 0.0515625
0 0.8953125 0.3890625 0.05625 0.14375
0 0.47890625 0.52265625 0.0640625 0.221875
4 0.95625 0.83828125 0.0484375 0.20625
3 0.17578125 0.2171875 0.046875 0.0625
0 0.93359375 0.1140625 0.0171875 0.0578125
3 0.89765625 0.125 0.0375 0.04375
0 0.95078125 0.09921875 0.0125 0.034375
0 0.41484375 0.19140625 0.0203125 0.05
5 0.52890625 0.1546875 0.046875 0.065625
3 0.9609375 0.30078125 0.06875 0.0875