3 0.3796875 0.45859375 0.2375 0.1890625
3 0.3328125 0.22578125 0.1890625 0.1875
0 0.5015625 0.63046875 0.184375 0.0734375
0 0.3546875 0.73046875 0.2640625 0.096875
1 0.73828125 0.3125 0.1 0.0515625
3 0.45 0.178125 0.175 0.1546875
1 0.78828125 0.1015625 0.08125 0.0453125
0 0.77578125 0.21328125 0.071875 0.0265625
0 0.55234375 0.33203125 0.16875 0.05625
5 0.778125 0.86875 0.140625 0.20625
3 0.68515625 0.51484375 0.1140625 0.1
0 0.7640625 0.15390625 0.0734375 0.025
3 0.721875 0.0734375 0.0859375 0.059375
3 0.715625 0.38828125 0.1 0.06875
3 0.7515625 0.26875 0.071875 0.034375
3 0.85078125 0.16015625 0.04375 0.03125
3 0.8359375 0.196875 0.046875 0.04375
1 0.8484375 0.07421875 0.046875 0.028125
4 0.11953125 0.0640625 0.2390625 0.0640625
4 0.18359375 0.2578125 0.26875 0.071875
4 0.4703125 0.03359375 0.115625 0.065625
4 0.653125 0.03984375 0.1125 0.015625
4 0.6640625 0.05234375 0.128125 0.01875