2 0.30859375 0.2328125 0.265625 0.184375
3 0.559375 0.84765625 0.2234375 0.146875
3 0.39375 0.82109375 0.125 0.1171875
0 0.678125 0.875 0.259375 0.0953125
3 0.1546875 0.1015625 0.046875 0.04375
4 0.9203125 0.196875 0.159375 0.078125
4 0.45703125 0.1328125 0.109375 0.065625
3 0.59765625 0.14296875 0.18125 0.175
2 0.159375 0.2171875 0.08125 0.134375
4 0.94453125 0.0375 0.1109375 0.075
3 0.7578125 0.18984375 0.29375 0.246875
2 0.5171875 0.55546875 0.69375 0.4328125
4 0.50390625 0.06484375 0.153125 0.05
4 0.9046875 0.03125 0.190625 0.0625
3 0.36015625 0.0890625 0.115625 0.071875
0 0.2515625 0.1015625 0.0953125 0.034375
4 0.51484375 0.0109375 0.2015625 0.021875
3 0.24609375 0.85546875 0.075 0.075
3 0.134375 0.03828125 0.04375 0.03125
0 0.1296875 0.059375 0.04375 0.015625
4 0.22578125 0.021875 0.078125 0.021875
0 0.83359375 0.97578125 0.3328125 0.0484375
4 0.3484375 0.0140625 0.0765625 0.028125