3 0.6984375 0.7609375 0.2671875 0.2
3 0.209375 0.70703125 0.0625 0.0421875
3 0.23828125 0.09609375 0.0765625 0.184375
3 0.54921875 0.81875 0.16875 0.15
3 0.40703125 0.41328125 0.1984375 0.14375
3 0.309375 0.7984375 0.1 0.0890625
0 0.2953125 0.565625 0.0921875 0.0328125
3 0.309375 0.67890625 0.1296875 0.075
0 0.7203125 0.471875 0.2890625 0.096875
0 0.39609375 0.8703125 0.1375 0.04375
5 0.18125 0.42265625 0.09375 0.115625
0 0.19140625 0.91796875 0.06875 0.0328125
0 0.228125 0.8171875 0.05 0.025
0 0.3109375 0.7421875 0.10625 0.03125
0 0.23046875 0.77890625 0.046875 0.028125
0 0.77265625 0.21171875 0.303125 0.10625
3 0.371875 0.62734375 0.1390625 0.1125
0 0.18984375 0.88828125 0.084375 0.025
4 0.840625 0.9375 0.1875 0.0625
3 0.32734375 0.50234375 0.115625 0.090625
3 0.19453125 0.83203125 0.046875 0.04375
5 0.115625 0.875 0.090625 0.0515625
0 0.1421875 0.81640625 0.075 0.0515625
0 0.23125 0.7890625 0.05 0.025
5 0.41328125 0.1015625 0.303125 0.203125
0 0.55078125 0.584375 0.215625 0.08125
4 0.9359375 0.53671875 0.128125 0.0796875
4 0.3109375 0.9578125 0.0421875 0.028125
4 0.425 0.9515625 0.153125 0.025
4 0.5203125 0.97109375 0.115625 0.05
0 0.21640625 0.86171875 0.065625 0.0140625
0 0.1859375 0.871875 0.053125 0.0078125
3 0.16640625 0.87265625 0.04375 0.034375
5 0.1390625 0.825 0.0515625 0.040625
5 0.17109375 0.75234375 0.04375 0.028125
0 0.2265625 0.753125 0.053125 0.015625
0 0.2171875 0.7328125 0.0578125 0.015625
5 0.07578125 0.834375 0.053125 0.040625
2 0.05625 0.91328125 0.0296875 0.0234375
0 0.12734375 0.91484375 0.025 0.0265625
3 0.15 0.5375 0.065625 0.040625
1 0.1953125 0.34609375 0.053125 0.034375
0 0.22578125 0.25390625 0.0375 0.0203125