2 0.29765625 0.3046875 0.20703125 0.2546875
0 0.496875 0.43515625 0.0390625 0.15859375
3 0.51875 0.309375 0.09765625 0.08046875
1 0.6171875 0.53125 0.19609375 0.19375
3 0.23203125 0.6921875 0.21796875 0.2703125
2 0.696875 0.85234375 0.26484375 0.2921875
3 0.184375 0.540625 0.14765625 0.1484375
1 0.9671875 0.71328125 0.065625 0.1765625
5 0.2359375 0.1578125 0.05 0.059375
3 0.18046875 0.21640625 0.0375 0.0578125
3 0.9359375 0.58515625 0.11796875 0.2140625
1 0.71171875 0.23671875 0.07109375 0.0390625
0 0.4453125 0.4421875 0.04140625 0.16328125
3 0.75859375 0.46640625 0.16953125 0.153125
1 0.11328125 0.215625 0.046875 0.07890625
3 0.4484375 0.27421875 0.05234375 0.0765625
4 0.484375 0.940625 0.1078125 0.115625
3 0.92109375 0.246875 0.13515625 0.075
4 0.03828125 0.49453125 0.0640625 0.13515625
4 0.0796875 0.8484375 0.0625 0.16796875
3 0.1390625 0.165625 0.03671875 0.03671875
3 0.90625 0.41484375 0.1640625 0.1640625
3 0.1296875 0.12890625 0.03359375 0.0234375
1 0.66640625 0.2046875 0.03828125 0.04609375
4 0.059375 0.32265625 0.040625 0.06328125
1 0.96953125 0.81796875 0.0609375 0.33515625
5 0.55390625 0.19140625 0.07578125 0.05703125
3 0.43515625 0.16796875 0.08046875 0.05078125
3 0.10078125 0.14453125 0.040625 0.03203125
0 0.58984375 0.38046875 0.1 0.09296875
0 0.66015625 0.37109375 0.0359375 0.09140625
0 0.6984375 0.66171875 0.08125 0.121875
4 0.19140625 0.353125 0.02109375 0.1125
4 0.2453125 0.3828125 0.0359375 0.11953125
3 0.1265625 0.334375 0.08359375 0.1125
0 0.11953125 0.35625 0.04375 0.1203125
3 0.07578125 0.26328125 0.05078125 0.0515625
4 0.05703125 0.41953125 0.02578125 0.13203125
0 0.153125 0.20078125 0.0171875 0.06015625
3 0.1765625 0.17734375 0.02734375 0.02265625
3 0.196875 0.17109375 0.02734375 0.04140625
3 0.1625 0.14765625 0.02109375 0.03203125
0 0.084375 0.14921875 0.01015625 0.04609375
0 0.10390625 0.1640625 0.0125 0.02421875
0 0.4765625 0.175 0.0125 0.02734375
0 0.60234375 0.19921875 0.01171875 0.025
3 0.78515625 0.2484375 0.065625 0.05078125
0 0.83359375 0.24140625 0.02421875 0.059375