3 0.22734375 0.6546875 0.1703125 0.17734375
3 0.18203125 0.55703125 0.1453125 0.16796875
0 0.3875 0.2828125 0.03984375 0.08984375
2 0.95546875 0.2140625 0.078125 0.22734375
1 0.1171875 0.409375 0.1015625 0.1609375
4 0.0453125 0.35078125 0.0203125 0.1125
3 0.2921875 0.2375 0.0578125 0.06796875
0 0.4046875 0.3921875 0.05078125 0.1390625
0 0.215625 0.2703125 0.03125 0.084375
3 0.246875 0.19296875 0.046875 0.03984375
1 0.2375 0.25 0.053125 0.0890625
1 0.16953125 0.21875 0.0453125 0.0640625
0 0.09921875 0.14921875 0.04921875 0.0640625
4 0.040625 0.5171875 0.0671875 0.12109375
2 0.2125 0.15625 0.059375 0.08515625
4 0.25859375 0.8140625 0.0515625 0.18828125
4 0.0765625 0.8203125 0.05625 0.20390625
3 0.05703125 0.271875 0.08359375 0.0828125
4 0.071875 0.303125 0.015625 0.053125
0 0.13359375 0.23203125 0.021875 0.07890625
0 0.06484375 0.1828125 0.015625 0.0484375
5 0.14375 0.16328125 0.04140625 0.05390625
5 0.165625 0.1046875 0.053125 0.07265625
2 0.346875 0.1375 0.05 0.07109375
2 0.2859375 0.128125 0.04296875 0.05234375