1 0.6578125 0.72421875 0.15625 0.1171875
0 0.49921875 0.63828125 0.1921875 0.0578125
3 0.31171875 0.778125 0.271875 0.228125
0 0.57734375 0.39375 0.1515625 0.059375
0 0.34296875 0.54765625 0.2453125 0.0734375
1 0.834375 0.89765625 0.05625 0.04375
4 0.50625 0.9671875 0.1265625 0.065625
0 0.62421875 0.546875 0.125 0.05625
3 0.678125 0.88125 0.103125 0.0734375
1 0.8125 0.81953125 0.065625 0.05
0 0.6703125 0.68359375 0.11875 0.0203125
0 0.7484375 0.68671875 0.075 0.025
3 0.77421875 0.653125 0.0734375 0.0625
3 0.634375 0.39453125 0.115625 0.109375
3 0.4640625 0.8265625 0.1703125 0.15625
3 0.76796875 0.76796875 0.06875 0.06875
4 0.484375 0.559375 0.153125 0.0546875
2 0.32109375 0.20078125 0.63125 0.4015625
1 0.684375 0.5609375 0.06875 0.0875
4 0.64609375 0.9359375 0.1328125 0.03125
4 0.63984375 0.96328125 0.1125 0.034375
0 0.60390625 0.6359375 0.10625 0.0375
3 0.659375 0.87109375 0.06875 0.0609375
3 0.715625 0.51328125 0.0875 0.06875
4 0.31171875 0.375 0.290625 0.0578125
3 0.8375 0.79921875 0.05 0.0171875
3 0.821875 0.76171875 0.046875 0.0515625
0 0.83203125 0.84453125 0.053125 0.0125
0 0.871875 0.8796875 0.034375 0.015625
3 0.81484375 0.93984375 0.059375 0.034375
0 0.86875 0.9375 0.034375 0.0125
3 0.88828125 0.92578125 0.03125 0.025
0 0.88125 0.90625 0.0234375 0.0109375
3 0.740625 0.93515625 0.05625 0.0609375
5 0.903125 0.61796875 0.125 0.0875