3 0.33359375 0.21171875 0.278125 0.2015625
0 0.76484375 0.30078125 0.096875 0.0359375
3 0.47421875 0.15546875 0.184375 0.15625
2 0.44765625 0.69296875 0.70625 0.5734375
0 0.79921875 0.3765625 0.0765625 0.03125
3 0.64296875 0.37109375 0.15625 0.1328125
0 0.83828125 0.16875 0.0828125 0.015625
0 0.78359375 0.20859375 0.103125 0.0234375
1 0.628125 0.07890625 0.1875 0.1078125
0 0.7875 0.14921875 0.1046875 0.025
1 0.8890625 0.08046875 0.078125 0.040625
0 0.7796875 0.35234375 0.0875 0.0359375
0 0.8078125 0.2515625 0.08125 0.025
4 0.70390625 0.0078125 0.125 0.015625
4 0.52734375 0.01484375 0.153125 0.0296875
2 0.89921875 0.51171875 0.1265625 0.221875
5 0.54140625 0.97734375 0.3890625 0.0453125
1 0.16328125 0.39375 0.2734375 0.2125
0 0.82109375 0.109375 0.090625 0.01875
0 0.90859375 0.13125 0.028125 0.0125
0 0.81171875 0.2234375 0.0890625 0.015625
0 0.8640625 0.25703125 0.03125 0.009375
0 0.79921875 0.31796875 0.084375 0.0171875
3 0.83828125 0.3046875 0.0625 0.05625
3 0.85546875 0.2796875 0.053125 0.0328125
3 0.8640625 0.140625 0.0515625 0.0359375
3 0.95 0.06796875 0.034375 0.0234375
0 0.92265625 0.0546875 0.046875 0.0125
3 0.7890625 0.025 0.0890625 0.040625