3 0.43984375 0.65859375 0.259375 0.25625
3 0.61640625 0.42265625 0.171875 0.1484375
3 0.475 0.15078125 0.184375 0.159375
3 0.309375 0.21875 0.290625 0.221875
0 0.82734375 0.109375 0.0578125 0.0265625
3 0.346875 0.94609375 0.3515625 0.1078125
5 0.8703125 0.21875 0.10625 0.059375
4 0.81953125 0.03828125 0.0390625 0.01875
4 0.81015625 0.05078125 0.046875 0.0171875
3 0.71015625 0.07421875 0.1109375 0.08125
0 0.81328125 0.12890625 0.06875 0.0203125
0 0.8109375 0.1203125 0.0703125 0.03125
0 0.1546875 0.9671875 0.309375 0.065625
0 0.6609375 0.10078125 0.1234375 0.053125
5 0.840625 0.32265625 0.0890625 0.0703125
3 0.80859375 0.25625 0.071875 0.0671875
0 0.765625 0.38046875 0.075 0.053125
3 0.8203125 0.171875 0.06875 0.053125
0 0.7640625 0.29609375 0.0875 0.05625
3 0.71640625 0.1984375 0.1203125 0.0765625
0 0.94765625 0.11953125 0.0765625 0.05
1 0.87265625 0.06953125 0.0703125 0.03125
0 0.878125 0.02421875 0.053125 0.0484375
0 0.7015625 0.2953125 0.184375 0.078125
3 0.8703125 0.14609375 0.053125 0.04375
4 0.06484375 0.49375 0.1296875 0.06875
4 0.1390625 0.0359375 0.153125 0.071875
4 0.240625 0.04453125 0.071875 0.05625
4 0.5140625 0.01328125 0.1515625 0.025
4 0.60625 0.01171875 0.18125 0.0234375
3 0.73359375 0.04296875 0.115625 0.040625
4 0.7234375 0.01015625 0.071875 0.01875
2 0.89765625 0.17890625 0.0796875 0.0234375
3 0.81328125 0.378125 0.0421875 0.06875
5 0.9953125 0.10546875 0.009375 0.034375
5 0.91640625 0.39296875 0.06875 0.065625
3 0.84140625 0.7125 0.06875 0.075
3 0.83046875 0.78125 0.046875 0.053125
3 0.81640625 0.8640625 0.065625 0.0625
3 0.77890625 0.9671875 0.071875 0.065625
3 0.82421875 0.96484375 0.0546875 0.0703125