3 0.678125 0.79921875 0.2390625 0.19375
3 0.54609375 0.8515625 0.215625 0.1734375
3 0.21875 0.8171875 0.103125 0.0703125
3 0.13203125 0.81640625 0.0625 0.0390625
3 0.1703125 0.79453125 0.075 0.05
3 0.2484375 0.68359375 0.090625 0.078125
3 0.2203125 0.62265625 0.096875 0.065625
3 0.246875 0.5203125 0.071875 0.1046875
3 0.2828125 0.33125 0.08125 0.115625
1 0.40234375 0.92421875 0.1875 0.0953125
0 0.13828125 0.5171875 0.06875 0.025
1 0.13125 0.484375 0.075 0.0390625
1 0.17421875 0.31171875 0.0640625 0.0515625
0 0.1671875 0.959375 0.075 0.028125
1 0.11796875 0.93203125 0.0640625 0.028125
5 0.17265625 0.71796875 0.09375 0.0546875
5 0.62265625 0.0859375 0.25625 0.115625
5 0.071875 0.59609375 0.13125 0.115625
5 0.040625 0.82265625 0.08125 0.059375
2 0.59765625 0.38984375 0.6734375 0.490625
0 0.2875 0.746875 0.140625 0.0390625
0 0.2203125 0.0375 0.1234375 0.0453125
0 0.1640625 0.8890625 0.0609375 0.021875
0 0.16171875 0.87421875 0.0625 0.01875
4 0.4765625 0.99140625 0.175 0.0171875
4 0.43671875 0.98984375 0.1953125 0.0203125
4 0.30078125 0.98515625 0.13125 0.0234375
3 0.21796875 0.00546875 0.1359375 0.0109375
0 0.146875 0.43671875 0.05625 0.025
5 0.06796875 0.896875 0.08125 0.05625
3 0.10625 0.87734375 0.0375 0.034375