3 0.81640625 0.515625 0.22265625 0.2328125
3 0.2421875 0.69296875 0.19453125 0.26015625
3 0.18125 0.54296875 0.13984375 0.1640625
3 0.190625 0.41328125 0.1109375 0.115625
0 0.4828125 0.33203125 0.03828125 0.109375
1 0.1046875 0.203125 0.05 0.071875
3 0.28984375 0.27421875 0.08125 0.10078125
5 0.45546875 0.2609375 0.12578125 0.13359375
5 0.61015625 0.47109375 0.2015625 0.35390625
5 0.4234375 0.2109375 0.19765625 0.22421875
0 0.471875 0.63203125 0.06953125 0.2609375
0 0.684375 0.74453125 0.09921875 0.278125
3 0.13359375 0.33203125 0.0953125 0.1015625
0 0.2 0.240625 0.034375 0.07734375
3 0.07421875 0.29765625 0.05703125 0.0796875
3 0.92421875 0.259375 0.11484375 0.10078125
4 0.0796875 0.81328125 0.06953125 0.15859375
4 0.246875 0.95859375 0.05078125 0.0828125
4 0.05234375 0.471875 0.0359375 0.17578125
0 0.24453125 0.29609375 0.02734375 0.10078125
5 0.25625 0.18671875 0.0703125 0.07578125
0 0.15859375 0.17578125 0.0140625 0.05390625
3 0.10234375 0.13046875 0.07109375 0.05625
3 0.82109375 0.23046875 0.05703125 0.0625