2 0.87265625 0.1109375 0.20625 0.221875
3 0.4640625 0.8109375 0.225 0.165625
3 0.3234375 0.74921875 0.2875 0.2015625
1 0.82265625 0.75625 0.09375 0.059375
1 0.60078125 0.54140625 0.190625 0.11875
3 0.81015625 0.65234375 0.078125 0.065625
3 0.7953125 0.5203125 0.1421875 0.1015625
4 0.703125 0.95234375 0.13125 0.028125
0 0.86640625 0.82109375 0.059375 0.03125
3 0.7515625 0.69609375 0.103125 0.0875
0 0.1421875 0.0640625 0.275 0.128125
0 0.54375 0.23515625 0.203125 0.06875
0 0.80078125 0.603125 0.090625 0.0359375
5 0.68984375 0.103125 0.33125 0.20625
4 0.23515625 0.71015625 0.2921875 0.1171875
3 0.77734375 0.85078125 0.096875 0.0765625
4 0.20390625 0.909375 0.20625 0.13125
4 0.54765625 0.96796875 0.1796875 0.0640625
3 0.75859375 0.94453125 0.11875 0.090625
0 0.86171875 0.90546875 0.065625 0.0171875
0 0.90859375 0.9125 0.053125 0.0109375
0 0.89609375 0.8921875 0.0546875 0.0109375
0 0.7484375 0.5203125 0.1 0.025
0 0.74609375 0.58203125 0.10625 0.03125
0 0.840625 0.7265625 0.0703125 0.0171875
5 0.92578125 0.46328125 0.1484375 0.1359375
1 0.86484375 0.359375 0.040625 0.0390625