1 0.271875 0.346875 0.078125 0.128125
3 0.77734375 0.49921875 0.17265625 0.1765625
3 0.5671875 0.38359375 0.10625 0.12578125
1 0.6859375 0.91796875 0.30390625 0.1609375
2 0.665625 0.165625 0.20546875 0.16171875
5 0.45703125 0.14453125 0.10546875 0.08828125
3 0.246875 0.69453125 0.1765625 0.2609375
0 0.54375 0.51875 0.06171875 0.13203125
3 0.1828125 0.53046875 0.1328125 0.1296875
4 0.11796875 0.66328125 0.0546875 0.1703125
3 0.38828125 0.25859375 0.06171875 0.05234375
4 0.22265625 0.84921875 0.07578125 0.16640625
4 0.0515625 0.46875 0.0515625 0.17890625
0 0.39296875 0.3234375 0.03203125 0.09296875
0 0.36015625 0.30390625 0.03984375 0.0796875
1 0.16875 0.18671875 0.0328125 0.06640625
2 0.246875 0.26015625 0.12109375 0.2171875
0 0.11953125 0.20625 0.03046875 0.05078125
4 0.0828125 0.8359375 0.09453125 0.19453125
0 0.1890625 0.409375 0.0453125 0.09140625
4 0.20234375 0.36953125 0.03359375 0.13046875
3 0.34375 0.2375 0.053125 0.06484375
3 0.13125 0.33046875 0.06328125 0.0953125
0 0.78125 0.73125 0.12109375 0.32734375
0 0.4796875 0.28125 0.05625 0.115625
0 0.4328125 0.34609375 0.03828125 0.134375
4 0.165625 0.32890625 0.02265625 0.08359375
0 0.2 0.3171875 0.0375 0.06328125
4 0.146875 0.43125 0.0359375 0.06015625
4 0.1203125 0.95546875 0.0625 0.0890625
3 0.0671875 0.3 0.0515625 0.09140625
3 0.82421875 0.22890625 0.0578125 0.06015625
0 0.809375 0.2328125 0.0109375 0.0375
0 0.821875 0.23984375 0.01640625 0.03515625
0 0.92421875 0.24453125 0.02890625 0.053125
0 0.97421875 0.27421875 0.0421875 0.0640625
0 0.9046875 0.24375 0.0140625 0.0390625
0 0.878125 0.259375 0.028125 0.025
0 0.796875 0.24609375 0.0171875 0.03984375
0 0.31015625 0.2765625 0.02890625 0.08828125
0 0.084375 0.19296875 0.0234375 0.0515625
5 0.11171875 0.17890625 0.03125 0.04453125