5 0.390625 0.3484375 0.184375 0.246875
2 0.75390625 0.1859375 0.15 0.203125
3 0.78359375 0.72109375 0.234375 0.284375
0 0.30703125 0.78671875 0.06875 0.2109375
1 0.4625 0.44296875 0.109375 0.1828125
3 0.26015625 0.6140625 0.24375 0.209375
0 0.596875 0.49765625 0.06875 0.1875
0 0.04765625 0.575 0.0953125 0.2359375
3 0.5234375 0.34375 0.109375 0.109375
4 0.89453125 0.39140625 0.05 0.1765625
3 0.8953125 0.33203125 0.08125 0.1078125
0 0.7375 0.27421875 0.05625 0.0875
3 0.83203125 0.55234375 0.1515625 0.1609375
0 0.69765625 0.34140625 0.0375 0.115625
1 0.9625 0.13984375 0.05 0.096875
3 0.90625 0.146875 0.0421875 0.0703125
3 0.8578125 0.15625 0.05 0.0546875
4 0.978125 0.51953125 0.04375 0.1125
3 0.01171875 0.27890625 0.0234375 0.0890625
0 0.25859375 0.39375 0.0734375 0.1546875
4 0.95546875 0.8796875 0.071875 0.16875
3 0.678125 0.2109375 0.0328125 0.0625
1 0.20078125 0.21171875 0.053125 0.05625
0 0.6390625 0.309375 0.0890625 0.14375
4 0.54765625 0.94921875 0.0984375 0.1015625
3 0.0734375 0.25390625 0.084375 0.0859375
5 0.87890625 0.090625 0.0609375 0.096875
5 0.55078125 0.2015625 0.096875 0.171875