4 0.08359375 0.82109375 0.10625 0.184375
4 0.07734375 0.8421875 0.1 0.134375
3 0.25390625 0.7046875 0.2265625 0.2921875
3 0.19296875 0.571875 0.18125 0.2125
3 0.340625 0.42890625 0.13125 0.1625
3 0.6265625 0.40625 0.159375 0.234375
0 0.49921875 0.60546875 0.096875 0.23125
0 0.5890625 0.58828125 0.071875 0.2359375
0 0.8734375 0.45078125 0.1 0.196875
1 0.23671875 0.375 0.096875 0.1703125
4 0.03671875 0.49375 0.0734375 0.1671875
4 0.04453125 0.47109375 0.078125 0.184375
3 0.4046875 0.3578125 0.109375 0.15
0 0.5046875 0.49765625 0.08125 0.175
0 0.48203125 0.40625 0.059375 0.134375
0 0.48046875 0.30703125 0.04375 0.11875
0 0.50234375 0.34296875 0.053125 0.103125
4 0.05390625 0.3828125 0.0375 0.0703125
4 0.09296875 0.36328125 0.0375 0.1578125
0 0.1390625 0.39140625 0.071875 0.153125
3 0.0765625 0.31171875 0.078125 0.09375
4 0.05859375 0.33203125 0.0375 0.0796875
3 0.290625 0.23828125 0.059375 0.115625
0 0.29609375 0.25703125 0.040625 0.0875
0 0.31875 0.28125 0.03125 0.10625
0 0.34296875 0.29375 0.028125 0.0921875
3 0.134375 0.33125 0.08125 0.121875
3 0.4015625 0.27109375 0.08125 0.09375
0 0.17421875 0.24609375 0.025 0.075
1 0.221875 0.259375 0.075 0.1015625
3 0.059375 0.2203125 0.05625 0.065625
3 0.11640625 0.21171875 0.0484375 0.071875
3 0.2578125 0.18125 0.046875 0.0546875
0 0.14140625 0.2375 0.015625 0.0796875
0 0.1875 0.23203125 0.009375 0.078125
5 0.22109375 0.16328125 0.040625 0.04375
3 0.2 0.1859375 0.0375 0.0375
1 0.16484375 0.2203125 0.04375 0.08125
3 0.14375 0.14375 0.034375 0.0390625
0 0.0859375 0.15546875 0.021875 0.040625
0 0.10546875 0.15859375 0.01875 0.04375
3 0.07421875 0.11171875 0.028125 0.0328125
0 0.090625 0.1234375 0.0140625 0.03125
3 0.18203125 0.15703125 0.034375 0.046875
0 0.1078125 0.13359375 0.015625 0.034375
3 0.1078125 0.11875 0.03125 0.0421875
3 0.36328125 0.1484375 0.040625 0.053125
4 0.41328125 0.15390625 0.009375 0.028125
1 0.43125 0.1546875 0.021875 0.04375
5 0.48203125 0.1546875 0.075 0.078125
5 0.5421875 0.1828125 0.046875 0.0484375
5 0.61640625 0.18125 0.0625 0.08125
3 0.68515625 0.215625 0.075 0.06875
3 0.784375 0.2328125 0.08125 0.053125
3 0.82578125 0.22578125 0.059375 0.065625
5 0.9234375 0.25390625 0.153125 0.109375
3 0.3046875 0.140625 0.0296875 0.028125
1 0.2515625 0.11328125 0.0203125 0.025