3 0.7046875 0.35390625 0.090625 0.0859375
3 0.31328125 0.23125 0.234375 0.18125
0 0.7421875 0.275 0.0875 0.021875
2 0.1859375 0.93203125 0.371875 0.1359375
3 0.44765625 0.1796875 0.16875 0.146875
1 0.56640625 0.74609375 0.196875 0.140625
3 0.66328125 0.125 0.096875 0.06875
5 0.55 0.59765625 0.225 0.184375
0 0.79921875 0.15 0.053125 0.025
3 0.7578125 0.92421875 0.071875 0.0921875
0 0.64921875 0.3171875 0.1125 0.0453125
3 0.275 0.93984375 0.203125 0.1203125
3 0.7671875 0.20078125 0.08125 0.0484375
0 0.81796875 0.1109375 0.0625 0.021875
2 0.8859375 0.15703125 0.06875 0.059375
3 0.7828125 0.321875 0.046875 0.046875
3 0.73125 0.15078125 0.084375 0.065625
0 0.25078125 0.5765625 0.29375 0.109375
3 0.76015625 0.38203125 0.05625 0.05625
3 0.68515625 0.9703125 0.075 0.059375
0 0.63671875 0.08671875 0.1375 0.028125
4 0.68125 0.0515625 0.0859375 0.053125
4 0.18203125 0.28828125 0.2390625 0.046875
4 0.20546875 0.06875 0.1515625 0.053125
4 0.14296875 0.35234375 0.128125 0.06875
1 0.79609375 0.6796875 0.03125 0.0515625
3 0.69765625 0.4953125 0.103125 0.06875
0 0.68359375 0.4328125 0.1109375 0.03125
0 0.6875 0.57421875 0.053125 0.0375
3 0.80234375 0.23984375 0.05 0.0375
3 0.76640625 0.278125 0.05625 0.05625
5 0.86015625 0.08046875 0.1078125 0.04375
3 0.81953125 0.1375 0.05 0.015625
4 0.53046875 0.05390625 0.1984375 0.025
4 0.5359375 0.07578125 0.178125 0.021875
4 0.57421875 0.18203125 0.071875 0.034375
0 0.5375 0.44296875 0.1875 0.046875