3 0.303125 0.228125 0.28125 0.209375
3 0.453125 0.17109375 0.1796875 0.153125
3 0.75546875 0.30546875 0.08125 0.0625
2 0.09765625 0.940625 0.1953125 0.11875
3 0.53671875 0.8375 0.1734375 0.184375
1 0.3484375 0.72578125 0.31875 0.196875
0 0.625 0.71015625 0.146875 0.078125
3 0.353125 0.921875 0.23125 0.15625
0 0.6390625 0.56875 0.15 0.0671875
0 0.66484375 0.46015625 0.146875 0.04375
3 0.6734375 0.10859375 0.103125 0.071875
3 0.7625 0.93828125 0.10625 0.1234375
3 0.63984375 0.19765625 0.146875 0.11875
0 0.65078125 0.528125 0.15 0.05625
5 0.7203125 0.37421875 0.26875 0.1296875
0 0.84296875 0.08203125 0.071875 0.0375
3 0.815625 0.20625 0.071875 0.0625
0 0.80546875 0.13125 0.065625 0.04375
4 0.24375 0.3328125 0.3625 0.1046875
0 0.8421875 0.13046875 0.0625 0.046875
0 0.9015625 0.06328125 0.040625 0.028125
1 0.815625 0.6296875 0.0484375 0.0375
3 0.859375 0.18984375 0.0328125 0.0390625
3 0.81875 0.23828125 0.059375 0.03125
0 0.7953125 0.19140625 0.059375 0.034375
4 0.5890625 0.05625 0.10625 0.028125
4 0.6828125 0.0625 0.09375 0.0359375
4 0.1296875 0.05078125 0.11875 0.05625
4 0.2421875 0.06328125 0.0640625 0.065625
4 0.42109375 0.06796875 0.259375 0.05
4 0.54375 0.02890625 0.1875 0.028125
4 0.69140625 0.0234375 0.0640625 0.0140625
3 0.79140625 0.04765625 0.071875 0.040625
0 0.78125 0.85390625 0.0375 0.0125
0 0.7734375 0.83359375 0.04375 0.0171875
0 0.7859375 0.809375 0.03125 0.0171875