3 0.7109375 0.45546875 0.140625 0.159375
2 0.37421875 0.3046875 0.25 0.25625
0 0.321875 0.465625 0.0671875 0.15
3 0.121875 0.484375 0.209375 0.171875
3 0.82421875 0.55859375 0.1578125 0.1453125
3 0.78671875 0.734375 0.21875 0.2875
0 0.45234375 0.43828125 0.053125 0.128125
3 0.73515625 0.290625 0.08125 0.1015625
4 0.975 0.52890625 0.05 0.1234375
0 0.06328125 0.596875 0.0875 0.2203125
4 0.74609375 0.83671875 0.06875 0.234375
4 0.9515625 0.88125 0.06875 0.178125
4 0.9515625 0.37265625 0.053125 0.153125
3 0.83828125 0.30625 0.06875 0.103125
3 0.571875 0.3328125 0.109375 0.121875
4 0.8734375 0.34921875 0.0265625 0.11875
0 0.82109375 0.225 0.025 0.071875
0 0.76640625 0.20859375 0.0265625 0.05
0 0.928125 0.22890625 0.025 0.05625
0 0.87578125 0.17890625 0.0203125 0.0515625
0 0.040625 0.2859375 0.034375 0.0828125
0 0.0046875 0.28125 0.009375 0.065625
3 0.53984375 0.18515625 0.040625 0.046875
1 0.60625 0.15859375 0.0203125 0.040625
5 0.82265625 0.08671875 0.053125 0.1
3 0.92265625 0.17109375 0.034375 0.0546875
3 0.8796875 0.13359375 0.034375 0.0359375
3 0.83515625 0.1875 0.040625 0.0515625
3 0.9140625 0.33046875 0.05 0.10625