2 0.24296875 0.28671875 0.3453125 0.209375
4 0.2921875 0.73203125 0.3515625 0.34375
3 0.5265625 0.584375 0.196875 0.2
2 0.19375 0.1234375 0.196875 0.1203125
3 0.72265625 0.1734375 0.290625 0.2546875
3 0.33203125 0.07109375 0.1 0.08125
1 0.6609375 0.41328125 0.29375 0.1375
3 0.8734375 0.840625 0.253125 0.31875
3 0.7078125 0.8875 0.2375 0.225
3 0.55078125 0.90546875 0.1484375 0.1875
4 0.896875 0.18203125 0.184375 0.0828125
4 0.43203125 0.11796875 0.0890625 0.059375
3 0.2296875 0.4015625 0.075 0.0609375
3 0.5625 0.128125 0.175 0.16875
4 0.88046875 0.028125 0.2203125 0.05625
4 0.4625 0.05 0.1625 0.05
3 0.26484375 0.9609375 0.1109375 0.078125
4 0.32265625 0.00703125 0.084375 0.0125
0 0.18828125 0.04140625 0.075 0.01875
3 0.1984375 0.00703125 0.071875 0.0140625
0 0.1484375 0.01484375 0.0546875 0.015625
3 0.1140625 0.053125 0.04375 0.025
0 0.4015625 0.43828125 0.2 0.0984375
0 0.30390625 0.5203125 0.121875 0.025
1 0.14375 0.42265625 0.03125 0.028125
1 0.159375 0.51953125 0.05 0.040625
1 0.21640625 0.90546875 0.05 0.0328125
0 0.45546875 0.84296875 0.1234375 0.046875
3 0.41171875 0.6234375 0.153125 0.134375