3 0.2265625 0.69609375 0.221875 0.2671875
1 0.4109375 0.48984375 0.11015625 0.196875
3 0.58515625 0.33125 0.11796875 0.10546875
1 0.71484375 0.9390625 0.328125 0.11796875
3 0.30234375 0.28125 0.07890625 0.0890625
1 0.3796875 0.28828125 0.0671875 0.07890625
3 0.12578125 0.33125 0.0796875 0.0875
3 0.95390625 0.62421875 0.08515625 0.2515625
3 0.184375 0.54296875 0.146875 0.15703125
1 0.45546875 0.28203125 0.06640625 0.06171875
3 0.878125 0.46875 0.17421875 0.15234375
3 0.3734375 0.39765625 0.103125 0.11328125
3 0.45234375 0.35859375 0.09609375 0.0953125
1 0.59375 0.64140625 0.13671875 0.26796875
1 0.128125 0.20234375 0.0390625 0.065625
3 0.7109375 0.48984375 0.209375 0.1328125
4 0.07734375 0.8640625 0.0734375 0.12578125
4 0.40703125 0.95859375 0.0515625 0.0796875
0 0.7921875 0.703125 0.10390625 0.21875
3 0.253125 0.215625 0.04765625 0.03984375
5 0.81796875 0.20859375 0.1234375 0.13359375
0 0.23671875 0.290625 0.034375 0.07890625
0 0.171875 0.2578125 0.04296875 0.09296875
4 0.05078125 0.41484375 0.0203125 0.1390625
4 0.0609375 0.3328125 0.0375 0.0828125
0 0.23046875 0.26484375 0.0359375 0.0890625
4 0.04140625 0.5078125 0.05859375 0.1140625
3 0.59609375 0.4078125 0.12734375 0.14609375
4 0.09375 0.76875 0.05 0.07265625
0 0.13984375 0.3890625 0.04921875 0.12109375
5 0.16015625 0.1046875 0.07578125 0.09296875
1 0.5375 0.19140625 0.0671875 0.046875
3 0.28203125 0.19609375 0.01640625 0.05234375
0 0.30859375 0.1984375 0.01953125 0.03359375
0 0.34609375 0.22109375 0.0140625 0.0453125
0 0.38828125 0.23515625 0.01875 0.02578125
0 0.728125 0.3625 0.0578125 0.12109375
0 0.19609375 0.23046875 0.0140625 0.07265625
0 0.0953125 0.20390625 0.01875 0.0734375
0 0.08125 0.17109375 0.0109375 0.04609375
0 0.103125 0.1453125 0.0265625 0.04375
1 0.17265625 0.18359375 0.034375 0.03203125
3 0.2046875 0.20078125 0.01875 0.0578125
3 0.22890625 0.18203125 0.028125 0.04453125
3 0.91953125 0.25546875 0.07421875 0.0953125