3 0.4796875 0.44375 0.190625 0.1890625
3 0.69765625 0.82421875 0.284375 0.2125
3 0.54296875 0.88515625 0.184375 0.1625
1 0.31953125 0.846875 0.15 0.08125
5 0.33046875 0.15 0.390625 0.3
0 0.1828125 0.81796875 0.059375 0.0375
0 0.24296875 0.80390625 0.078125 0.0453125
1 0.1890625 0.88984375 0.0796875 0.04375
0 0.1046875 0.975 0.046875 0.028125
0 0.375 0.6765625 0.153125 0.05
0 0.22734375 0.74609375 0.075 0.03125
0 0.36484375 0.61328125 0.15625 0.05
4 0.84140625 0.96953125 0.1921875 0.0609375
0 0.38125 0.93515625 0.165625 0.0546875
3 0.32265625 0.94921875 0.134375 0.1015625
3 0.3421875 0.7484375 0.146875 0.0953125
0 0.1734375 0.97890625 0.078125 0.0421875
0 0.17578125 0.94140625 0.078125 0.01875
0 0.19140625 0.92109375 0.090625 0.01875
3 0.2609375 0.65859375 0.1203125 0.090625
1 0.13203125 0.578125 0.0515625 0.0203125
3 0.1296875 0.88046875 0.0671875 0.0515625