5 0.4984375 0.2265625 0.17109375 0.2578125
3 0.18828125 0.4140625 0.1234375 0.11875
5 0.32890625 0.2484375 0.08359375 0.17109375
5 0.67734375 0.334375 0.23828125 0.2578125
3 0.23984375 0.690625 0.19140625 0.26328125
3 0.18203125 0.5421875 0.1421875 0.165625
0 0.25234375 0.284375 0.03046875 0.09375
3 0.4390625 0.378125 0.125 0.15625
0 0.14921875 0.20390625 0.01484375 0.06484375
5 0.74296875 0.209375 0.08359375 0.08515625
5 0.91640625 0.69609375 0.16015625 0.54375
3 0.821875 0.23125 0.0609375 0.05703125
3 0.14375 0.16171875 0.03671875 0.03671875
3 0.07109375 0.30703125 0.053125 0.0671875
1 0.11015625 0.2015625 0.040625 0.0546875
3 0.13125 0.32421875 0.11328125 0.096875
3 0.93125 0.253125 0.10703125 0.096875
3 0.1109375 0.1546875 0.02578125 0.03828125
1 0.396875 0.1515625 0.0515625 0.0375
0 0.21875 0.2109375 0.01875 0.06171875
0 0.3484375 0.403125 0.0421875 0.13984375
3 0.16328125 0.15234375 0.02890625 0.046875
3 0.115625 0.13125 0.03203125 0.03515625
3 0.08984375 0.1171875 0.0234375 0.034375
4 0.0765625 0.23984375 0.0125 0.040625
0 0.084375 0.17109375 0.01484375 0.0515625
4 0.04765625 0.32109375 0.015625 0.03984375
4 0.0515625 0.48046875 0.0203125 0.20546875
4 0.0828125 0.803125 0.05625 0.14609375
4 0.25546875 0.965625 0.05078125 0.06875