3 0.684375 0.4859375 0.184375 0.1796875
3 0.18046875 0.54765625 0.14765625 0.16796875
1 0.3046875 0.31484375 0.06328125 0.1140625
3 0.23828125 0.6875 0.2015625 0.25859375
1 0.1984375 0.23515625 0.053125 0.08203125
1 0.2765625 0.378125 0.103125 0.15703125
1 0.1484375 0.19296875 0.0359375 0.0703125
1 0.446875 0.5578125 0.13828125 0.178125
0 0.25390625 0.2609375 0.0390625 0.07578125
0 0.915625 0.678125 0.1265625 0.2578125
3 0.12265625 0.33359375 0.08359375 0.09453125
5 0.83671875 0.1984375 0.278125 0.2140625
0 0.1359375 0.37578125 0.05 0.1171875
5 0.47734375 0.2921875 0.12421875 0.209375
5 0.1203125 0.11875 0.034375 0.0578125
0 0.3609375 0.32421875 0.03984375 0.115625
3 0.2421875 0.2078125 0.04140625 0.03515625
4 0.36328125 0.83671875 0.078125 0.32578125
4 0.06953125 0.859375 0.10859375 0.28046875
3 0.5453125 0.3109375 0.05625 0.09765625
3 0.8359375 0.42109375 0.15390625 0.15234375
2 0.459375 0.13984375 0.121875 0.1140625
1 0.67578125 0.20859375 0.03671875 0.04375
3 0.3140625 0.25625 0.0625 0.0796875
0 0.2234375 0.3171875 0.025 0.0859375
0 0.40390625 0.3546875 0.03203125 0.08671875
0 0.5171875 0.459375 0.040625 0.1703125
4 0.0359375 0.515625 0.071875 0.12265625
4 0.1125 0.234375 0.053125 0.05625
0 0.09609375 0.165625 0.0140625 0.046875
3 0.18046875 0.1578125 0.02734375 0.03125
5 0.14765625 0.12890625 0.034375 0.05234375
3 0.23984375 0.17578125 0.03515625 0.03203125
5 0.1421875 0.07578125 0.03046875 0.0375
4 0.04765625 0.4171875 0.02890625 0.15625