0 0.79921875 0.1359375 0.078125 0.015625
0 0.803125 0.14375 0.059375 0.025
3 0.31015625 0.23046875 0.265625 0.2046875
1 0.72890625 0.26640625 0.121875 0.06875
0 0.71171875 0.50078125 0.090625 0.09375
3 0.70234375 0.50703125 0.096875 0.109375
3 0.4734375 0.1765625 0.1703125 0.15
2 0.84296875 0.86171875 0.2453125 0.2765625
2 0.33671875 0.71953125 0.6734375 0.5609375
1 0.75390625 0.1875 0.1140625 0.065625
5 0.82578125 0.3125 0.1234375 0.0671875
0 0.5875 0.378125 0.2171875 0.053125
4 0.10859375 0.06796875 0.215625 0.0484375
4 0.25234375 0.065625 0.078125 0.0390625
4 0.14140625 0.1265625 0.2828125 0.0578125
4 0.1421875 0.35078125 0.284375 0.08125
3 0.74921875 0.4796875 0.078125 0.075
3 0.74765625 0.3640625 0.078125 0.05625
3 0.7765625 0.39765625 0.0828125 0.05625
3 0.68203125 0.11875 0.0875 0.084375
3 0.83671875 0.25859375 0.05625 0.040625
0 0.63515625 0.12421875 0.146875 0.040625
3 0.80078125 0.0734375 0.0671875 0.03125
3 0.803125 0.05234375 0.071875 0.034375
3 0.8203125 0.14140625 0.0796875 0.0625
4 0.5078125 0.02421875 0.128125 0.0484375
4 0.596875 0.03515625 0.1609375 0.0359375
4 0.6625 0.065625 0.146875 0.03125
4 0.70546875 0.03671875 0.05 0.025