4 0.490625 0.02578125 0.140625 0.05
4 0.64765625 0.0484375 0.15 0.028125
4 0.7 0.0203125 0.065625 0.025
1 0.42265625 0.92578125 0.2609375 0.1484375
0 0.56796875 0.484375 0.15625 0.040625
0 0.7484375 0.33203125 0.0859375 0.01875
3 0.50234375 0.58203125 0.184375 0.13125
3 0.60703125 0.2671875 0.159375 0.13125
3 0.60625 0.4234375 0.11875 0.08125
0 0.7546875 0.31328125 0.071875 0.01875
1 0.5890625 0.1078125 0.1609375 0.1
3 0.43046875 0.17421875 0.2125 0.1609375
3 0.29765625 0.23359375 0.3203125 0.1984375
5 0.83515625 0.475 0.053125 0.059375
0 0.753125 0.1890625 0.084375 0.0203125
3 0.76484375 0.22890625 0.0625 0.053125
1 0.79140625 0.26015625 0.078125 0.0375
2 0.83828125 0.096875 0.1125 0.08125
0 0.78359375 0.09375 0.06875 0.01875
1 0.803125 0.17734375 0.059375 0.03125
5 0.7484375 0.934375 0.1109375 0.13125