1 0.2984375 0.4484375 0.1453125 0.20625
3 0.7625 0.69140625 0.2375 0.2921875
2 0.70859375 0.2046875 0.13125 0.215625
5 0.5171875 0.23046875 0.103125 0.1390625
1 0.8921875 0.13515625 0.0484375 0.06875
0 0.11171875 0.43828125 0.078125 0.109375
1 0.21796875 0.1859375 0.0765625 0.0515625
3 0.87109375 0.303125 0.084375 0.1
0 0.51953125 0.53671875 0.05625 0.215625
4 0.9671875 0.48203125 0.065625 0.1421875
0 0.6046875 0.26953125 0.05 0.109375
3 0.8140625 0.525 0.15 0.165625
4 0.721875 0.34609375 0.05 0.109375
0 0.8578125 0.12265625 0.01875 0.053125
4 0.83359375 0.38359375 0.0375 0.128125
0 0.5265625 0.8265625 0.09375 0.346875
3 0.03671875 0.2578125 0.0734375 0.1046875
3 0.40703125 0.1578125 0.0625 0.065625
5 0.6484375 0.06171875 0.0875 0.0953125
5 0.796875 0.1484375 0.0609375 0.175
5 0.78671875 0.03203125 0.059375 0.0640625