3 0.63828125 0.884375 0.1125 0.0921875
3 0.41953125 0.8203125 0.1703125 0.1640625
3 0.25625 0.75703125 0.2828125 0.215625
3 0.5 0.3390625 0.2046875 0.1765625
1 0.70390625 0.73984375 0.075 0.05625
0 0.6671875 0.4765625 0.1125 0.0515625
3 0.6625 0.68125 0.125 0.109375
0 0.64453125 0.55625 0.109375 0.0375
2 0.796875 0.7953125 0.23125 0.1109375
0 0.32109375 0.05234375 0.2515625 0.1015625
3 0.5078125 0.6640625 0.19375 0.13125
2 0.69453125 0.1265625 0.546875 0.253125
3 0.74453125 0.559375 0.05625 0.06875
0 0.61328125 0.5125 0.153125 0.04375
0 0.7015625 0.52109375 0.071875 0.0375
3 0.728125 0.6265625 0.040625 0.04375
3 0.67109375 0.5796875 0.08125 0.0734375
4 0.09296875 0.759375 0.18125 0.065625
4 0.13359375 0.94140625 0.2125 0.0640625
0 0.38203125 0.49296875 0.25 0.059375
3 0.5984375 0.39609375 0.146875 0.121875
4 0.4609375 0.97421875 0.1328125 0.0515625
4 0.55625 0.96484375 0.16875 0.0296875
4 0.67109375 0.96171875 0.053125 0.0203125
4 0.725 0.9015625 0.046875 0.01875
0 0.79453125 0.93125 0.0640625 0.015625
0 0.790625 0.90859375 0.059375 0.015625
0 0.803125 0.8765625 0.0625 0.0140625
0 0.75234375 0.646875 0.0421875 0.015625
3 0.75546875 0.69140625 0.0296875 0.05625
4 0.01640625 0.5859375 0.03125 0.0421875