1 0.41875 0.39296875 0.0859375 0.1578125
5 0.5921875 0.49453125 0.16953125 0.27734375
3 0.18203125 0.540625 0.13828125 0.16015625
3 0.2265625 0.6359375 0.184375 0.15546875
1 0.790625 0.73125 0.21015625 0.403125
3 0.415625 0.26015625 0.06640625 0.06640625
1 0.49140625 0.37109375 0.06875 0.153125
0 0.2703125 0.2875 0.02421875 0.09296875
0 0.20703125 0.259375 0.01484375 0.103125
3 0.146875 0.18515625 0.0453125 0.04140625
0 0.2375 0.26484375 0.03125 0.090625
1 0.9859375 0.25 0.028125 0.10625
3 0.1796875 0.16015625 0.028125 0.0421875
0 0.284375 0.24296875 0.0125 0.07734375
5 0.2671875 0.18359375 0.05234375 0.08359375
0 0.35546875 0.33828125 0.0578125 0.09609375
3 0.1796875 0.215625 0.0375 0.05078125
4 0.046875 0.82890625 0.09296875 0.3421875
0 0.1359375 0.37890625 0.046875 0.10234375
5 0.33125 0.21484375 0.07734375 0.10625
1 0.5015625 0.27265625 0.06328125 0.046875
3 0.13984375 0.24765625 0.0578125 0.06328125
2 0.18671875 0.084375 0.04609375 0.05234375
0 0.18515625 0.240625 0.01796875 0.06953125
1 0.53046875 0.83671875 0.2328125 0.32578125
4 0.28359375 0.77890625 0.0453125 0.38359375
4 0.03828125 0.5046875 0.0453125 0.10234375
4 0.053125 0.4234375 0.0234375 0.14296875
4 0.06015625 0.3546875 0.0375 0.13515625
3 0.09921875 0.3234375 0.04921875 0.12421875
3 0.2125 0.18515625 0.0265625 0.0609375
5 0.3078125 0.1125 0.0640625 0.07890625
0 0.10078125 0.1703125 0.03359375 0.05234375
0 0.08359375 0.20390625 0.01015625 0.06015625
3 0.0671875 0.22734375 0.021875 0.059375
0 0.13203125 0.2015625 0.0125 0.021875
0 0.1296875 0.1484375 0.01328125 0.034375
3 0.14375 0.14609375 0.01796875 0.03671875
3 0.92109375 0.246875 0.08828125 0.075
3 0.82265625 0.22578125 0.04296875 0.05546875