5 0.80859375 0.26640625 0.115625 0.178125
3 0.63359375 0.3390625 0.13125 0.146875
3 0.221875 0.3921875 0.30625 0.2578125
3 0.68046875 0.55546875 0.1 0.0796875
3 0.31640625 0.76796875 0.2515625 0.215625
1 0.7875 0.8875 0.078125 0.053125
3 0.45703125 0.8171875 0.165625 0.15
4 0.21328125 0.7390625 0.21875 0.0609375
1 0.71875 0.628125 0.1125 0.0578125
0 0.47890625 0.58359375 0.19375 0.0515625
3 0.72421875 0.6625 0.0875 0.090625
0 0.75 0.74140625 0.078125 0.034375
4 0.659375 0.9515625 0.1125 0.028125
1 0.84921875 0.9046875 0.046875 0.0234375
3 0.8375 0.81484375 0.04375 0.0375
0 0.75625 0.78828125 0.0734375 0.03125
0 0.7515625 0.82890625 0.075 0.03125
3 0.821875 0.76484375 0.0453125 0.046875
4 0.490625 0.9640625 0.10625 0.0625
0 0.28828125 0.02421875 0.253125 0.0484375
3 0.71796875 0.921875 0.103125 0.03125
2 0.89921875 0.728125 0.06875 0.0515625
5 0.92421875 0.80703125 0.071875 0.04375
3 0.86796875 0.8734375 0.046875 0.0265625
0 0.82578125 0.871875 0.040625 0.0140625