5 0.23515625 0.140625 0.084375 0.078125
3 0.21640625 0.71796875 0.20625 0.26875
0 0.14921875 0.2140625 0.025 0.078125
0 0.1734375 0.22265625 0.025 0.078125
3 0.1625 0.55078125 0.1625 0.1640625
4 0.01875 0.33984375 0.0359375 0.121875
3 0.0375 0.27265625 0.075 0.0875
1 0.0921875 0.4125 0.1125 0.16875
1 0.23125 0.23203125 0.05625 0.1
3 0.075 0.2140625 0.0640625 0.0671875
0 0.82265625 0.51484375 0.078125 0.190625
3 0.12109375 0.16171875 0.0375 0.040625
4 0.15 0.76875 0.096875 0.18125
1 0.82109375 0.21015625 0.0609375 0.059375
4 0.375 0.684375 0.05625 0.15
3 0.103125 0.12578125 0.03125 0.0296875
3 0.36484375 0.2640625 0.046875 0.071875
4 0.0234375 0.51875 0.046875 0.15625
3 0.28203125 0.315625 0.0921875 0.09375
0 0.10625 0.1859375 0.01875 0.046875
0 0.2828125 0.20859375 0.0421875 0.0625
0 0.39765625 0.43125 0.059375 0.159375
0 0.296875 0.43515625 0.05625 0.171875
2 0.39453125 0.12734375 0.0609375 0.084375
1 0.55859375 0.1734375 0.015625 0.0546875
1 0.48046875 0.15546875 0.028125 0.040625
1 0.32265625 0.26484375 0.059375 0.0953125