3 0.84453125 0.56640625 0.20390625 0.25703125
3 0.24453125 0.69765625 0.20859375 0.31796875
4 0.27578125 0.76015625 0.11875 0.27421875
4 0.06171875 0.80078125 0.1234375 0.2203125
4 0.03984375 0.49375 0.0734375 0.1390625
4 0.07578125 0.37265625 0.0390625 0.17578125
4 0.0546875 0.34765625 0.0234375 0.12578125
3 0.06171875 0.28515625 0.08359375 0.1140625
5 0.546875 0.38671875 0.21015625 0.39296875
3 0.63671875 0.20546875 0.05625 0.0625
3 0.9125 0.26640625 0.071875 0.08828125
3 0.98984375 0.25234375 0.0203125 0.1328125
3 0.4734375 0.159375 0.04296875 0.07734375
3 0.1765625 0.5609375 0.1625 0.2
5 0.3890625 0.1921875 0.14140625 0.221875
3 0.16171875 0.2328125 0.0734375 0.10390625
0 0.18671875 0.27734375 0.04453125 0.09609375
0 0.2453125 0.25390625 0.03046875 0.13671875
0 0.27265625 0.27734375 0.03359375 0.14140625
0 0.21640625 0.234375 0.034375 0.1203125
0 0.68203125 0.409375 0.05546875 0.17734375
1 0.8453125 0.24375 0.07578125 0.06015625
3 0.0578125 0.1953125 0.03671875 0.0609375
3 0.11171875 0.18125 0.04140625 0.084375
0 0.09140625 0.15703125 0.0296875 0.05625
0 0.1453125 0.16015625 0.02890625 0.04609375
2 0.1765625 0.1234375 0.08125 0.1203125
3 0.10234375 0.10703125 0.02734375 0.05234375
2 0.325 0.12265625 0.02890625 0.06171875