1 0.3859375 0.28203125 0.178125 0.09375
3 0.44609375 0.72890625 0.146875 0.165625
3 0.7109375 0.65234375 0.246875 0.215625
3 0.69921875 0.23046875 0.271875 0.1984375
3 0.6984375 0.89609375 0.325 0.2078125
1 0.45859375 0.3765625 0.190625 0.1078125
3 0.36328125 0.6375 0.11875 0.1203125
3 0.546875 0.1703125 0.16875 0.1453125
1 0.2125 0.76015625 0.05625 0.028125
3 0.18046875 0.20546875 0.0625 0.05
0 0.4515625 0.9578125 0.159375 0.078125
3 0.23984375 0.36953125 0.053125 0.046875
1 0.2484375 0.2921875 0.06875 0.05
3 0.23046875 0.2328125 0.0640625 0.0625
1 0.17109375 0.090625 0.0609375 0.0359375
3 0.309375 0.3484375 0.090625 0.08125
0 0.21875 0.11875 0.059375 0.028125
3 0.27421875 0.44921875 0.1 0.084375
0 0.503125 0.70546875 0.1734375 0.071875
0 0.4609375 0.50859375 0.221875 0.075
3 0.38125 0.49921875 0.1140625 0.140625
3 0.24296875 0.0734375 0.05625 0.0828125
4 0.31171875 0.0390625 0.071875 0.034375
3 0.3078125 0.2421875 0.0921875 0.08125
3 0.6078125 0.909375 0.128125 0.18125
0 0.2296875 0.16796875 0.06875 0.028125
4 0.5140625 0.0296875 0.1203125 0.059375
3 0.32734375 0.11171875 0.1 0.0890625
5 0.08984375 0.1453125 0.084375 0.09375
0 0.3921875 0.11796875 0.1515625 0.04375
1 0.21640625 0.13046875 0.0640625 0.040625
0 0.15234375 0.13671875 0.0375 0.034375
0 0.18515625 0.1234375 0.046875 0.0375
1 0.89453125 0.60859375 0.209375 0.2671875
0 0.9453125 0.89296875 0.109375 0.08125
4 0.953125 0.4015625 0.09375 0.053125
4 0.8234375 0.05390625 0.15 0.078125
4 0.41875 0.03671875 0.153125 0.025
3 0.30625 0.48046875 0.09375 0.0875
3 0.1546875 0.17734375 0.0375 0.028125
0 0.17421875 0.25703125 0.03125 0.021875
0 0.1953125 0.30234375 0.0296875 0.01875
3 0.2390625 0.9265625 0.0734375 0.078125
0 0.2421875 0.90390625 0.04375 0.021875
0 0.271875 0.98125 0.0671875 0.0265625
5 0.21796875 0.70234375 0.0625 0.0796875