5 0.7421875 0.296875 0.1625 0.16484375
5 0.25625 0.20859375 0.08359375 0.146875
3 0.23046875 0.69453125 0.21484375 0.26796875
5 0.52421875 0.25390625 0.17109375 0.175
3 0.13046875 0.33203125 0.06796875 0.08984375
2 0.70234375 0.66953125 0.58046875 0.6578125
2 0.0765625 0.88984375 0.071875 0.21953125
4 0.08203125 0.46484375 0.03359375 0.175
4 0.05703125 0.46953125 0.04921875 0.18828125
0 0.18359375 0.2015625 0.02421875 0.06640625
4 0.215625 0.36875 0.05546875 0.1453125
3 0.18359375 0.5484375 0.14765625 0.16171875
3 0.9734375 0.27890625 0.05234375 0.10078125
0 0.1515625 0.1984375 0.03671875 0.07890625
4 0.134375 0.41328125 0.03984375 0.1234375
4 0.4578125 0.821875 0.05703125 0.32421875
4 0.60546875 0.84609375 0.09453125 0.3078125
4 0.07890625 0.77421875 0.0484375 0.10859375
0 0.10546875 0.19921875 0.01875 0.06171875
1 0.10078125 0.18046875 0.02734375 0.05546875
4 0.04140625 0.31875 0.03359375 0.10234375
3 0.06640625 0.2265625 0.028125 0.075
0 0.2296875 0.24921875 0.025 0.090625
0 0.12265625 0.140625 0.01484375 0.04375
5 0.13984375 0.07421875 0.0390625 0.05078125
5 0.278125 0.109375 0.0515625 0.0765625
3 0.1921875 0.10625 0.021875 0.0359375
3 0.82265625 0.23125 0.05 0.06953125
0 0.8609375 0.24375 0.028125 0.05
4 0.39140625 0.971875 0.0453125 0.05546875