3 0.7734375 0.70859375 0.20625 0.275
3 0.10234375 0.6515625 0.2046875 0.2125
3 0.82734375 0.5703125 0.1625 0.209375
1 0.72109375 0.26640625 0.0484375 0.10625
3 0.55625 0.340625 0.1 0.109375
3 0.64375 0.25390625 0.06875 0.090625
1 0.84453125 0.19921875 0.0484375 0.075
0 0.79375 0.2125 0.021875 0.0625
0 0.8953125 0.146875 0.0203125 0.046875
3 0.89296875 0.22421875 0.071875 0.071875
1 0.934375 0.13984375 0.025 0.053125
4 0.74296875 0.79921875 0.0921875 0.2875
4 0.953125 0.8234375 0.09375 0.2140625
4 0.97578125 0.4953125 0.0484375 0.159375
4 0.9671875 0.34921875 0.0203125 0.115625
3 0.9578125 0.2859375 0.084375 0.11875
3 0.95390625 0.20390625 0.0625 0.075
0 0.77890625 0.265625 0.025 0.09375
0 0.68671875 0.36640625 0.03125 0.134375
0 0.66171875 0.44453125 0.046875 0.1703125
5 0.7953125 0.153125 0.071875 0.125
3 0.52265625 0.3 0.0796875 0.103125
1 0.49453125 0.171875 0.03125 0.046875
0 0.1890625 0.228125 0.021875 0.040625
0 0.15859375 0.2359375 0.01875 0.04375
0 0.0640625 0.25546875 0.03125 0.0609375