1 0.7 0.2390625 0.125 0.0625
3 0.7515625 0.94609375 0.096875 0.1078125
3 0.765625 0.1828125 0.06875 0.04375
2 0.29296875 0.70078125 0.5859375 0.5984375
0 0.74375 0.1421875 0.090625 0.0375
0 0.75859375 0.30078125 0.0859375 0.025
4 0.46484375 0.00859375 0.1234375 0.0171875
0 0.79453125 0.071875 0.065625 0.028125
3 0.234375 0.190625 0.3421875 0.23125
0 0.58984375 0.08671875 0.134375 0.059375
4 0.1125 0.03828125 0.215625 0.06875
0 0.65390625 0.4046875 0.13125 0.0265625
0 0.6265625 0.37109375 0.128125 0.0375
3 0.4265625 0.14140625 0.1671875 0.1546875
1 0.83203125 0.0453125 0.075 0.040625
4 0.18984375 0.02890625 0.0734375 0.046875
0 0.80390625 0.109375 0.065625 0.025
4 0.58125 0.00703125 0.146875 0.0125
4 0.6171875 0.0296875 0.1453125 0.028125
2 0.8546875 0.15859375 0.1078125 0.0859375
4 0.2375 0.16796875 0.178125 0.0625
3 0.5453125 0.0828125 0.1 0.078125
5 0.83125 0.6953125 0.18125 0.1625
4 0.7640625 0.81328125 0.075 0.021875
3 0.765625 0.84609375 0.0640625 0.04375
0 0.80546875 0.56953125 0.0421875 0.01875
1 0.82109375 0.50703125 0.053125 0.03125
5 0.86171875 0.3703125 0.0578125 0.046875
3 0.73359375 0.278125 0.0921875 0.021875
0 0.67265625 0.334375 0.11875 0.03125
0 0.72578125 0.37109375 0.071875 0.021875
0 0.71171875 0.4296875 0.103125 0.0234375
4 0.10546875 0.25390625 0.171875 0.046875
4 0.6734375 0.0046875 0.0453125 0.009375
4 0.75859375 0.02109375 0.05625 0.0171875
3 0.7109375 0.0359375 0.0484375 0.0546875
0 0.81953125 0.01328125 0.046875 0.015625
3 0.8625 0.09140625 0.0515625 0.0390625
5 0.9390625 0.1203125 0.075 0.053125
3 0.890625 0.040625 0.034375 0.0234375
0 0.81875 0.1859375 0.028125 0.0125