0 0.01953125 0.51171875 0.0375 0.15
0 0.0234375 0.35703125 0.0328125 0.1296875
0 0.25 0.8296875 0.04375 0.259375
0 0.471875 0.6375 0.0625 0.234375
0 0.8125 0.54296875 0.0625 0.2
0 0.4265625 0.3234375 0.0375 0.1125
0 0.134375 0.22109375 0.0171875 0.06875
3 0.228125 0.70234375 0.1796875 0.228125
3 0.15390625 0.584375 0.1453125 0.1875
3 0.34609375 0.33671875 0.090625 0.0984375
3 0.371875 0.25546875 0.071875 0.0765625
3 0.94765625 0.54453125 0.1046875 0.1625
3 0.77890625 0.42265625 0.146875 0.1328125
3 0.578125 0.19140625 0.059375 0.04375
1 0.48046875 0.3109375 0.0546875 0.08125
1 0.09765625 0.41328125 0.090625 0.13125
1 0.5203125 0.37578125 0.08125 0.125
1 0.25 0.25234375 0.05625 0.0953125