5 0.1859375 0.64453125 0.1375 0.109375
3 0.41796875 0.496875 0.153125 0.14375
0 0.63203125 0.26015625 0.2734375 0.10625
3 0.33359375 0.66796875 0.1 0.090625
0 0.57265625 0.48515625 0.215625 0.0609375
3 0.2046875 0.79375 0.04375 0.0546875
0 0.31015625 0.79296875 0.10625 0.05
0 0.22890625 0.875 0.078125 0.028125
3 0.31796875 0.90390625 0.096875 0.0609375
4 0.50703125 0.971875 0.128125 0.05625
3 0.28046875 0.52109375 0.109375 0.09375
3 0.25859375 0.078125 0.0859375 0.115625
3 0.71015625 0.78671875 0.3 0.2296875
3 0.1703125 0.803125 0.0453125 0.0734375
1 0.1609375 0.9265625 0.0671875 0.034375
0 0.27890625 0.634375 0.0875 0.03125
4 0.3546875 0.96328125 0.140625 0.040625
3 0.14296875 0.853125 0.0453125 0.03125
4 0.425 0.83359375 0.0734375 0.0421875
4 0.80859375 0.746875 0.234375 0.075
3 0.54609375 0.83359375 0.1609375 0.153125
0 0.275 0.771875 0.08125 0.0640625
5 0.08984375 0.7890625 0.053125 0.0484375
4 0.85390625 0.9421875 0.2046875 0.08125
1 0.16015625 0.46875 0.0875 0.053125
0 0.24609375 0.74375 0.084375 0.025
3 0.11328125 0.7546875 0.0328125 0.0296875
0 0.15625 0.878125 0.046875 0.0140625
3 0.11484375 0.89609375 0.034375 0.021875