3 0.44609375 0.41328125 0.1265625 0.1484375
3 0.228125 0.72734375 0.228125 0.290625
0 0.57109375 0.40078125 0.0625 0.1375
3 0.11015625 0.33984375 0.0890625 0.0796875
0 0.321875 0.2921875 0.05 0.0875
3 0.34921875 0.24765625 0.075 0.075
1 0.1046875 0.175 0.04375 0.0546875
4 0.275 0.45 0.05625 0.20625
3 0.1796875 0.43125 0.121875 0.121875
0 0.1625 0.30859375 0.046875 0.1140625
3 0.21328125 0.20546875 0.065625 0.0859375
0 0.14296875 0.17890625 0.025 0.05625
4 0.06484375 0.9109375 0.071875 0.1359375
3 0.95390625 0.25390625 0.090625 0.09375
3 0.1765625 0.56640625 0.1609375 0.159375
4 0.0328125 0.48359375 0.065625 0.225
4 0.04296875 0.31875 0.0375 0.078125
0 0.9703125 0.87890625 0.059375 0.2421875
1 0.109375 0.12265625 0.053125 0.059375
0 0.396875 0.290625 0.0421875 0.0828125
4 0.0703125 0.865625 0.0828125 0.203125
5 0.64140625 0.16796875 0.090625 0.121875
3 0.85703125 0.234375 0.065625 0.071875
1 0.80234375 0.23359375 0.059375 0.071875
5 0.10546875 0.05703125 0.03125 0.0625
5 0.2078125 0.1484375 0.071875 0.1140625
3 0.0484375 0.22890625 0.03125 0.0890625
3 0.0640625 0.134375 0.025 0.040625
3 0.51796875 0.1828125 0.040625 0.0515625
3 0.5609375 0.19140625 0.05 0.040625