3 0.24453125 0.6875 0.0671875 0.065625
3 0.734375 0.73671875 0.29375 0.2140625
0 0.35234375 0.37109375 0.11875 0.0546875
3 0.47109375 0.50078125 0.1875 0.1625
1 0.68046875 0.1796875 0.35 0.190625
3 0.221875 0.73359375 0.0453125 0.053125
3 0.571875 0.796875 0.1875 0.1671875
3 0.190625 0.7375 0.028125 0.053125
1 0.1890625 0.81015625 0.040625 0.04375
3 0.253125 0.784375 0.06875 0.06875
5 0.328125 0.10625 0.41875 0.2125
1 0.3484375 0.56484375 0.165625 0.090625
1 0.25546875 0.57265625 0.04375 0.0625
3 0.34921875 0.6796875 0.13125 0.10625
3 0.2203125 0.64375 0.0703125 0.059375
4 0.97109375 0.97578125 0.0578125 0.0484375
3 0.203125 0.86328125 0.0796875 0.053125
3 0.13984375 0.80703125 0.05625 0.0515625
3 0.18671875 0.69765625 0.04375 0.04375
0 0.221875 0.8625 0.071875 0.03125
3 0.16171875 0.8078125 0.0375 0.046875
0 0.38046875 0.42890625 0.1515625 0.04375
3 0.31796875 0.4921875 0.1 0.0578125
5 0.16640625 0.55078125 0.171875 0.1265625
0 0.2484375 0.69140625 0.0609375 0.021875
4 0.4 0.86015625 0.140625 0.03125
4 0.42890625 0.94296875 0.165625 0.0296875
4 0.36328125 0.92109375 0.134375 0.0265625
4 0.54375 0.95546875 0.115625 0.053125
4 0.30703125 0.94921875 0.04375 0.01875
4 0.89453125 0.92890625 0.2109375 0.0859375
5 0.7625 0.07890625 0.475 0.1578125
0 0.159375 0.7640625 0.05 0.0125
0 0.184375 0.9015625 0.0703125 0.015625