3 0.89765625 0.49453125 0.203125 0.2375
0 0.50625 0.3421875 0.06875 0.14375
4 0.38515625 0.546875 0.059375 0.209375
3 0.1234375 0.2921875 0.0828125 0.1078125
1 0.20625 0.13046875 0.046875 0.0671875
0 0.3734375 0.20078125 0.040625 0.090625
3 0.18046875 0.51640625 0.1578125 0.171875
4 0.03046875 0.47265625 0.059375 0.1375
0 0.22578125 0.1828125 0.034375 0.0734375
3 0.23828125 0.684375 0.25 0.290625
5 0.46484375 0.0640625 0.14375 0.128125
2 0.13203125 0.09296875 0.0875 0.125
0 0.2609375 0.18203125 0.040625 0.075
4 0.1859375 0.296875 0.03125 0.1375
4 0.053125 0.31015625 0.0515625 0.1625
5 0.965625 0.140625 0.06875 0.253125
5 0.73359375 0.1625 0.0875 0.08125
2 0.721875 0.115625 0.1125 0.084375
0 0.11484375 0.18125 0.015625 0.078125
0 0.1375 0.1625 0.015625 0.0875
4 0.06484375 0.15078125 0.0125 0.053125
3 0.0796875 0.2296875 0.040625 0.04375