3 0.46015625 0.73984375 0.178125 0.2
1 0.17890625 0.87265625 0.096875 0.0640625
3 0.45546875 0.3328125 0.184375 0.1875
0 0.428125 0.16640625 0.196875 0.084375
3 0.56171875 0.8203125 0.2390625 0.1765625
0 0.590625 0.09296875 0.275 0.096875
3 0.70390625 0.75625 0.296875 0.221875
3 0.23984375 0.6828125 0.09375 0.0859375
4 0.31796875 0.9484375 0.16875 0.071875
3 0.31484375 0.3140625 0.125 0.159375
3 0.11875 0.8296875 0.04375 0.04375
4 0.78515625 0.72109375 0.284375 0.1109375
4 0.81953125 0.94296875 0.2109375 0.1140625
4 0.4703125 0.9734375 0.2046875 0.053125
4 0.2125 0.91796875 0.08125 0.0265625
0 0.18984375 0.78125 0.09375 0.025
0 0.14296875 0.740625 0.0671875 0.021875
0 0.09375 0.9296875 0.053125 0.01875
2 0.0578125 0.71953125 0.071875 0.0609375
0 0.44921875 0.5671875 0.196875 0.053125
3 0.35859375 0.5546875 0.14375 0.1234375
0 0.37421875 0.5796875 0.140625 0.040625
0 0.30859375 0.49921875 0.1390625 0.0375
0 0.12109375 0.49296875 0.034375 0.0125
1 0.23828125 0.5578125 0.103125 0.0734375
0 0.6171875 0.3125 0.275 0.071875