5 0.39765625 0.18984375 0.1484375 0.2421875
3 0.78046875 0.6390625 0.2859375 0.29765625
3 0.75546875 0.42578125 0.17890625 0.14453125
3 0.234375 0.653125 0.17890625 0.171875
3 0.171875 0.240625 0.06015625 0.13359375
1 0.17578125 0.21171875 0.05 0.06640625
3 0.28515625 0.26953125 0.071875 0.078125
3 0.18203125 0.546875 0.1484375 0.16640625
3 0.43203125 0.40859375 0.1203125 0.15234375
0 0.84453125 0.896875 0.12890625 0.20625
1 0.2328125 0.228125 0.04453125 0.0734375
5 0.62734375 0.253125 0.259375 0.35
4 0.05 0.35 0.021875 0.12109375
4 0.0390625 0.515625 0.06328125 0.10234375
4 0.0375 0.51171875 0.06640625 0.1296875
3 0.86015625 0.24296875 0.08828125 0.05546875
1 0.11015625 0.2296875 0.02890625 0.08359375
0 0.46015625 0.57734375 0.0796875 0.25390625
0 0.5828125 0.73125 0.078125 0.3125
0 0.9140625 0.84140625 0.09375 0.29140625
0 0.53203125 0.38125 0.02890625 0.13828125
0 0.30078125 0.35859375 0.03515625 0.13828125
0 0.3390625 0.30234375 0.02890625 0.10625
0 0.24453125 0.2921875 0.02734375 0.1140625
0 0.20390625 0.21015625 0.01484375 0.06171875
3 0.08515625 0.28203125 0.03828125 0.09453125
4 0.0625 0.30625 0.01484375 0.090625
4 0.07578125 0.8859375 0.06015625 0.20859375
4 0.26328125 0.80546875 0.06484375 0.225