3 0.2765625 0.38515625 0.10859375 0.128125
3 0.53125 0.39765625 0.13359375 0.11640625
3 0.22890625 0.69296875 0.22265625 0.271875
3 0.7703125 0.4359375 0.18046875 0.159375
0 0.75859375 0.49921875 0.071875 0.17265625
3 0.2921875 0.27734375 0.07109375 0.06953125
3 0.4109375 0.34453125 0.08203125 0.09140625
0 0.47109375 0.5375 0.0546875 0.1921875
3 0.18359375 0.54296875 0.1453125 0.1578125
0 0.121875 0.3765625 0.0484375 0.153125
1 0.12421875 0.2109375 0.05 0.07578125
0 0.86640625 0.875 0.11328125 0.25
0 0.36953125 0.37265625 0.03125 0.11484375
3 0.12265625 0.334375 0.07890625 0.09375
4 0.07421875 0.83203125 0.07421875 0.21640625
3 0.9234375 0.2515625 0.096875 0.0828125
0 0.98203125 0.56640625 0.0359375 0.16484375
0 0.6703125 0.828125 0.08984375 0.278125
0 0.678125 0.6265625 0.0625 0.19140625
4 0.059375 0.3328125 0.0359375 0.0859375
0 0.196875 0.26328125 0.03828125 0.07578125
0 0.4265625 0.44453125 0.04609375 0.128125
4 0.04140625 0.50859375 0.06015625 0.1140625
0 0.97890625 0.25859375 0.04140625 0.08828125
0 0.16953125 0.1921875 0.040625 0.075
2 0.34609375 0.21015625 0.0765625 0.115625
3 0.39296875 0.14296875 0.0703125 0.059375
0 0.5328125 0.7875 0.0890625 0.3265625
4 0.49453125 0.93203125 0.0734375 0.1359375
1 0.60859375 0.30703125 0.11484375 0.1734375
5 0.4328125 0.24609375 0.0796875 0.13828125
1 0.809375 0.23515625 0.06875 0.0859375
5 0.2421875 0.22265625 0.04609375 0.08984375
5 0.22265625 0.13828125 0.06796875 0.08359375
5 0.1515625 0.12109375 0.04453125 0.06875
4 0.01484375 0.775 0.02890625 0.28125
4 0.075 0.240625 0.0125 0.034375
0 0.090625 0.17109375 0.01015625 0.053125
3 0.11015625 0.15078125 0.02890625 0.03828125
3 0.11953125 0.12890625 0.02109375 0.02578125
5 0.5015625 0.16640625 0.05703125 0.08671875