2 0.8359375 0.64609375 0.15 0.1796875
3 0.4390625 0.10078125 0.184375 0.153125
3 0.31640625 0.1609375 0.2 0.18125
1 0.51328125 0.546875 0.253125 0.1359375
1 0.75859375 0.12421875 0.103125 0.05625
0 0.5703125 0.18046875 0.1828125 0.040625
0 0.6515625 0.38828125 0.1484375 0.05625
1 0.321875 0.675 0.325 0.1875
3 0.840625 0.16328125 0.046875 0.046875
3 0.56640625 0.05078125 0.146875 0.1015625
0 0.73125 0.2796875 0.109375 0.0203125
0 0.746875 0.9859375 0.109375 0.028125
5 0.79453125 0.80390625 0.08125 0.096875
3 0.74140625 0.20625 0.1015625 0.071875
0 0.8140625 0.04921875 0.06875 0.0125
0 0.86953125 0.06875 0.04375 0.0125
3 0.71171875 0.45078125 0.10625 0.096875
3 0.83984375 0.0328125 0.0578125 0.034375
3 0.66875 0.55625 0.103125 0.1265625
4 0.2109375 0.275 0.2828125 0.0484375
4 0.15859375 0.1890625 0.2578125 0.0515625
4 0.11796875 0.01796875 0.171875 0.0359375
3 0.7265625 0.0078125 0.1015625 0.015625
0 0.7796875 0.06875 0.084375 0.0171875
0 0.7890625 0.08984375 0.0671875 0.009375
0 0.83203125 0.09296875 0.04375 0.0125
0 0.76796875 0.2671875 0.05625 0.0140625
3 0.77578125 0.178125 0.0875 0.05
0 0.82578125 0.1796875 0.03125 0.0125
0 0.83828125 0.00546875 0.06875 0.0109375