3 0.5140625 0.8734375 0.1703125 0.240625
1 0.4203125 0.31796875 0.1796875 0.09375
3 0.91171875 0.88671875 0.1765625 0.2265625
3 0.71640625 0.20625 0.2828125 0.20625
3 0.55546875 0.1453125 0.175 0.15625
3 0.2953125 0.50078125 0.10625 0.1
0 0.1546875 0.03828125 0.05625 0.015625
3 0.33515625 0.3671875 0.1078125 0.1
1 0.25703125 0.3078125 0.0765625 0.0625
5 0.18203125 0.596875 0.0484375 0.075
3 0.41796875 0.7421875 0.15 0.153125
5 0.19453125 0.9421875 0.1375 0.115625
3 0.35078125 0.53515625 0.103125 0.1109375
1 0.18203125 0.07109375 0.06875 0.034375
0 0.64921875 0.9 0.246875 0.109375
0 0.23203125 0.11328125 0.078125 0.028125
1 0.5375 0.4515625 0.20625 0.1078125
3 0.25234375 0.2359375 0.0921875 0.075
4 0.33359375 0.01484375 0.0953125 0.0296875
0 0.57578125 0.61171875 0.24375 0.08125
1 0.19765625 0.68125 0.059375 0.046875
1 0.19375 0.68046875 0.05 0.0453125
0 0.3171875 0.6 0.084375 0.03125
1 0.92890625 0.6546875 0.1421875 0.315625
4 0.87890625 0.03828125 0.240625 0.075
0 0.39609375 0.09375 0.1453125 0.0515625
3 0.32578125 0.08515625 0.0984375 0.0890625
3 0.4328125 0.58046875 0.13125 0.16875
3 0.265625 0.3890625 0.0875 0.0625
3 0.3453125 0.27421875 0.1171875 0.084375
0 0.25078125 0.1578125 0.0875 0.025
3 0.18359375 0.196875 0.046875 0.04375
3 0.1734375 0.21328125 0.046875 0.034375
1 0.209375 0.1140625 0.06875 0.04375
5 0.08359375 0.1078125 0.103125 0.05625
5 0.06875 0.02890625 0.05625 0.03125
0 0.1703125 0.0265625 0.05625 0.015625
0 0.134375 0.059375 0.0375 0.0125
1 0.16328125 0.11953125 0.028125 0.03125
3 0.17578125 0.14375 0.0609375 0.021875
3 0.15625 0.16953125 0.034375 0.028125