3 0.23125 0.6953125 0.22265625 0.27109375
3 0.796875 0.45546875 0.17734375 0.16171875
3 0.33515625 0.3 0.0875 0.0875
5 0.346875 0.18828125 0.11875 0.13203125
0 0.56015625 0.459375 0.059375 0.15390625
3 0.18046875 0.54375 0.140625 0.15859375
3 0.2640625 0.2109375 0.0546875 0.05390625
1 0.203125 0.30703125 0.06640625 0.115625
0 0.66171875 0.49921875 0.05078125 0.1453125
0 0.47890625 0.46328125 0.05625 0.1703125
4 0.0796875 0.8671875 0.06875 0.13515625
0 0.28125 0.3046875 0.0328125 0.09765625
4 0.50390625 0.95078125 0.09921875 0.0984375
5 0.559375 0.26953125 0.2375 0.215625
3 0.1953125 0.21875 0.05625 0.04609375
3 0.12421875 0.33828125 0.0796875 0.0890625
4 0.06328125 0.3328125 0.03125 0.078125
0 0.678125 0.7 0.09140625 0.27109375
0 0.428125 0.32421875 0.03671875 0.10703125
0 0.2359375 0.265625 0.0265625 0.0765625
0 0.92890625 0.93984375 0.1171875 0.1203125
0 0.39609375 0.45390625 0.05703125 0.17109375
4 0.040625 0.50390625 0.0625 0.125
4 0.0875 0.75859375 0.046875 0.065625
3 0.1078125 0.27109375 0.10234375 0.05390625
4 0.04375 0.43125 0.05 0.14765625
5 0.984375 0.60390625 0.03125 0.31484375
0 0.13984375 0.37421875 0.046875 0.10390625
3 0.9203125 0.24296875 0.078125 0.07265625