3 0.80546875 0.51640625 0.21875 0.1921875
1 0.3578125 0.35859375 0.0796875 0.12265625
3 0.86484375 0.80390625 0.2703125 0.3421875
3 0.42265625 0.49765625 0.1578125 0.17421875
3 0.240625 0.6921875 0.196875 0.265625
3 0.18359375 0.53671875 0.14375 0.146875
3 0.12734375 0.23203125 0.04296875 0.071875
0 0.62109375 0.4046875 0.04140625 0.14921875
0 0.57421875 0.43671875 0.0421875 0.16171875
1 0.296875 0.4328125 0.0921875 0.171875
1 0.41484375 0.28125 0.06953125 0.06328125
0 0.1390625 0.39453125 0.04296875 0.14375
0 0.2390625 0.29765625 0.02578125 0.0953125
1 0.1171875 0.1828125 0.0375 0.03828125
0 0.28828125 0.28515625 0.03984375 0.09765625
0 0.28828125 0.2296875 0.03671875 0.05234375
3 0.22578125 0.2046875 0.03203125 0.02890625
3 0.2828125 0.19609375 0.0375 0.034375
3 0.12734375 0.334375 0.08515625 0.084375
1 0.18984375 0.1765625 0.03515625 0.02421875
3 0.93359375 0.2515625 0.07578125 0.1046875
3 0.2359375 0.18203125 0.03125 0.03359375
1 0.20859375 0.26484375 0.03046875 0.1
0 0.15703125 0.2046875 0.015625 0.0546875
1 0.3546875 0.2390625 0.0828125 0.07421875
4 0.0859375 0.79765625 0.06015625 0.14296875
3 0.18671875 0.2421875 0.02109375 0.0671875
0 0.2046875 0.20234375 0.015625 0.03359375
1 0.18984375 0.1921875 0.0359375 0.0375
0 0.25625 0.26171875 0.0265625 0.07578125
0 0.525 0.37734375 0.03828125 0.115625
4 0.44375 0.9453125 0.065625 0.07734375
4 0.0390625 0.51171875 0.05546875 0.1203125
4 0.05234375 0.415625 0.028125 0.15078125
4 0.05546875 0.32421875 0.034375 0.0671875
0 0.24296875 0.2046875 0.009375 0.04609375
0 0.265625 0.21015625 0.0125 0.04453125
3 0.08203125 0.1703125 0.0265625 0.04609375
3 0.06796875 0.21328125 0.0203125 0.04296875
3 0.15703125 0.14375 0.02421875 0.0375
0 0.165625 0.16875 0.009375 0.0375
3 0.1734375 0.153125 0.02734375 0.0203125
3 0.1109375 0.13671875 0.0234375 0.02265625
0 0.128125 0.1375 0.0109375 0.021875
0 0.16796875 0.284375 0.01484375 0.09609375
1 0.85234375 0.23359375 0.0453125 0.053125