3 0.24140625 0.68984375 0.19375 0.2640625
3 0.1828125 0.54375 0.14140625 0.16171875
3 0.54375 0.36328125 0.10625 0.11796875
0 0.66640625 0.36328125 0.046875 0.14921875
1 0.20234375 0.246875 0.04609375 0.08984375
1 0.22578125 0.3609375 0.08046875 0.1359375
0 0.16640625 0.23515625 0.025 0.06796875
0 0.28046875 0.24453125 0.0375 0.075
3 0.3578125 0.325 0.08984375 0.07265625
0 0.134375 0.39296875 0.040625 0.1328125
3 0.11328125 0.21171875 0.0453125 0.05390625
0 0.1578125 0.22890625 0.0265625 0.075
0 0.5265625 0.5234375 0.059375 0.196875
3 0.12578125 0.32265625 0.071875 0.07421875
0 0.45 0.5265625 0.06171875 0.19296875
0 0.30703125 0.27734375 0.025 0.09765625
3 0.321875 0.4078125 0.1046875 0.146875
0 0.23828125 0.22421875 0.01875 0.06796875
3 0.23984375 0.1734375 0.0359375 0.03515625
3 0.27734375 0.19921875 0.04609375 0.02734375
3 0.12890625 0.1546875 0.021875 0.03671875
3 0.1671875 0.1515625 0.02109375 0.03359375
3 0.06328125 0.21640625 0.03203125 0.04453125
4 0.08203125 0.3609375 0.025 0.1421875
4 0.053125 0.32109375 0.01484375 0.053125
4 0.05390625 0.415625 0.0375 0.13984375
4 0.03515625 0.51796875 0.04296875 0.10703125
4 0.07890625 0.853125 0.06875 0.13359375
4 0.0796875 0.75625 0.0546875 0.0859375
4 0.44375 0.9421875 0.0640625 0.115625
0 0.46328125 0.39921875 0.03515625 0.06875
0 0.48359375 0.38125 0.0359375 0.1234375
0 0.40078125 0.37109375 0.0390625 0.14140625
0 0.440625 0.31875 0.0265625 0.1296875
0 0.44765625 0.26171875 0.0203125 0.0734375
0 0.34140625 0.2625 0.021875 0.0609375
3 0.3859375 0.26484375 0.05703125 0.08515625
3 0.88671875 0.24921875 0.08125 0.06328125
3 0.7703125 0.24140625 0.07265625 0.05859375
3 0.95234375 0.24765625 0.053125 0.0546875
0 0.20078125 0.1859375 0.03515625 0.0265625
5 0.2 0.1515625 0.03671875 0.03828125
3 0.10078125 0.11953125 0.0234375 0.03515625