3 0.765625 0.74453125 0.2078125 0.2875
1 0.8171875 0.31484375 0.0703125 0.1125
3 0.33359375 0.7 0.271875 0.3125
1 0.090625 0.46953125 0.125 0.1375
3 0.32890625 0.47265625 0.190625 0.171875
3 0.8296875 0.58203125 0.159375 0.18125
2 0.64140625 0.25625 0.2328125 0.334375
3 0.4046875 0.3765625 0.121875 0.125
3 0.865625 0.22890625 0.0546875 0.0625
3 0.1015625 0.665625 0.203125 0.275
4 0.89609375 0.4453125 0.025 0.175
3 0.88515625 0.353125 0.078125 0.10625
0 0.02578125 0.90546875 0.0515625 0.1875
0 0.72421875 0.3890625 0.040625 0.1453125
0 0.7875 0.234375 0.028125 0.096875
1 0.90390625 0.16875 0.03125 0.0625
0 0.53671875 0.409375 0.0484375 0.14375
3 0.82109375 0.20703125 0.053125 0.053125
0 0.76875 0.36796875 0.040625 0.140625
0 0.48203125 0.38828125 0.0453125 0.159375
0 0.29609375 0.33515625 0.04375 0.078125
0 0.18203125 0.53515625 0.071875 0.2078125
4 0.9765625 0.53828125 0.046875 0.1484375
4 0.97578125 0.40234375 0.0296875 0.1
4 0.940625 0.40234375 0.01875 0.1078125
4 0.97734375 0.31484375 0.021875 0.028125
0 0.7609375 0.2328125 0.0140625 0.065625
0 0.88359375 0.18125 0.0125 0.0375
0 0.8734375 0.1515625 0.015625 0.05625
3 0.85 0.16953125 0.025 0.0390625
0 0.95234375 0.16171875 0.0234375 0.046875
0 0.13984375 0.24140625 0.021875 0.04375
1 0.3234375 0.20078125 0.040625 0.053125