2 0.1875 0.3140625 0.13125 0.1609375
1 0.61484375 0.14765625 0.2953125 0.178125
3 0.44921875 0.49296875 0.171875 0.178125
3 0.25546875 0.72421875 0.0875 0.0625
1 0.6109375 0.5640625 0.25 0.140625
3 0.2984375 0.575 0.096875 0.09375
1 0.42734375 0.8890625 0.175 0.1
3 0.54921875 0.82421875 0.15625 0.153125
1 0.2234375 0.7953125 0.071875 0.0578125
3 0.7078125 0.76875 0.2703125 0.2
4 0.36640625 0.95703125 0.125 0.0328125
3 0.23984375 0.68515625 0.059375 0.046875
3 0.196875 0.8296875 0.05 0.046875
5 0.18203125 0.69296875 0.071875 0.059375
3 0.26015625 0.628125 0.0703125 0.0546875
2 0.1375 0.83203125 0.0609375 0.0734375
3 0.2578125 0.10859375 0.06875 0.103125
1 0.875 0.59765625 0.25 0.228125
4 0.5140625 0.97578125 0.134375 0.0484375
3 0.2796875 0.90390625 0.0921875 0.071875
0 0.21875 0.8765625 0.0546875 0.0171875
3 0.19921875 0.91953125 0.0515625 0.0375
3 0.17578125 0.88671875 0.0453125 0.03125
0 0.18125 0.8953125 0.053125 0.0125
2 0.134375 0.659375 0.0703125 0.0703125
2 0.08359375 0.828125 0.05 0.0421875
1 0.19609375 0.4015625 0.05 0.0375
3 0.1953125 0.48671875 0.0421875 0.05
0 0.13203125 0.884375 0.0296875 0.009375
1 0.17890625 0.859375 0.059375 0.015625
3 0.175 0.78671875 0.028125 0.028125
3 0.36875 0.55390625 0.121875 0.0875
3 0.1734375 0.46875 0.034375 0.0203125
3 0.20390625 0.4265625 0.0296875 0.0375
3 0.184375 0.53828125 0.0234375 0.0328125