1 0.234375 0.74765625 0.103125 0.04375
3 0.6171875 0.10546875 0.265625 0.2109375
3 0.4203125 0.11875 0.1625 0.19375
0 0.42109375 0.29609375 0.175 0.071875
3 0.5421875 0.81640625 0.1734375 0.1625
0 0.3625 0.36953125 0.14375 0.053125
3 0.7015625 0.7609375 0.2875 0.209375
2 0.17109375 0.13359375 0.16875 0.225
2 0.3484375 0.6375 0.3421875 0.209375
0 0.1890625 0.790625 0.0984375 0.0328125
3 0.3015625 0.90859375 0.1171875 0.1484375
1 0.16796875 0.70859375 0.053125 0.0453125
0 0.26875 0.7640625 0.08125 0.0375
0 0.15859375 0.8296875 0.090625 0.0515625
0 0.1390625 0.86796875 0.08125 0.0375
1 0.27421875 0.459375 0.075 0.090625
1 0.565625 0.54453125 0.284375 0.153125
4 0.40234375 0.81328125 0.10625 0.040625
1 0.3828125 0.44453125 0.15 0.140625
4 0.8703125 0.7625 0.165625 0.046875
4 0.8421875 0.92734375 0.1875 0.0734375
4 0.87734375 0.99140625 0.2421875 0.0171875
4 0.4421875 0.98671875 0.23125 0.0265625
4 0.4578125 0.959375 0.20625 0.0421875
4 0.453125 0.9203125 0.2109375 0.0375
4 0.43671875 0.8625 0.05625 0.0203125
4 0.278125 0.83046875 0.090625 0.021875
4 0.32265625 0.92109375 0.0328125 0.01875
0 0.2140625 0.9 0.084375 0.0171875
0 0.13828125 0.9203125 0.065625 0.046875
2 0.09453125 0.63125 0.096875 0.0859375
5 0.0875 0.70546875 0.06875 0.059375
2 0.06328125 0.78046875 0.05625 0.0390625
0 0.19609375 0.253125 0.05625 0.0109375
0 0.70390625 0.12421875 0.296875 0.0890625