3 0.89296875 0.590625 0.2140625 0.2859375
3 0.5859375 0.61953125 0.240625 0.3078125
3 0.22890625 0.6828125 0.1578125 0.221875
3 0.16875 0.5375 0.159375 0.2
3 0.39375 0.29453125 0.09375 0.13125
3 0.20703125 0.1578125 0.0375 0.05625
3 0.6828125 0.175 0.053125 0.028125
3 0.9 0.2140625 0.0921875 0.0453125
3 0.59609375 0.16953125 0.0375 0.034375
0 0.26484375 0.15390625 0.0375 0.034375
0 0.315625 0.30859375 0.028125 0.15
0 0.1484375 0.2359375 0.03125 0.1046875
0 0.28984375 0.21171875 0.034375 0.103125
0 0.6171875 0.3953125 0.05 0.1484375
0 0.5703125 0.334375 0.05 0.134375
4 0.20625 0.87890625 0.1203125 0.2421875
4 0.028125 0.47578125 0.05625 0.165625
4 0.02734375 0.3125 0.053125 0.178125
2 0.2390625 0.06640625 0.046875 0.0515625
2 0.1453125 0.16328125 0.096875 0.175
5 0.13046875 0.0609375 0.059375 0.06875