0 0.696875 0.1875 0.09375 0.03125
5 0.540625 0.621875 0.253125 0.178125
3 0.53515625 0.8359375 0.1875 0.190625
1 0.64765625 0.27734375 0.1484375 0.084375
0 0.35703125 0.61484375 0.25 0.09375
3 0.4359375 0.1796875 0.1703125 0.1453125
3 0.309375 0.22421875 0.246875 0.209375
1 0.52109375 0.42578125 0.2125 0.1078125
3 0.78203125 0.6984375 0.0546875 0.071875
1 0.728125 0.321875 0.0625 0.0609375
3 0.621875 0.5 0.1375 0.084375
1 0.5796875 0.109375 0.16875 0.103125
0 0.20546875 0.94921875 0.33125 0.1015625
1 0.73984375 0.9890625 0.1109375 0.021875
4 0.484375 0.03359375 0.134375 0.065625
0 0.85546875 0.0875 0.071875 0.034375
4 0.20078125 0.2640625 0.234375 0.04375
3 0.70859375 0.43125 0.109375 0.06875
0 0.7828125 0.7734375 0.040625 0.0234375
3 0.73046875 0.2390625 0.0765625 0.0375
3 0.73203125 0.15546875 0.0890625 0.0375
3 0.7859375 0.20859375 0.0625 0.0421875
3 0.7984375 0.1640625 0.059375 0.0390625
5 0.77578125 0.37734375 0.10625 0.0625
3 0.8375 0.440625 0.05 0.034375
3 0.7140625 0.0671875 0.0859375 0.05
4 0.703125 0.0265625 0.0546875 0.015625
4 0.65390625 0.04140625 0.11875 0.01875
0 0.74296875 0.2703125 0.0375 0.01875
0 0.7515625 0.9265625 0.05625 0.0296875