2 0.1484375 0.5625 0.1125 0.1109375
3 0.725 0.78203125 0.284375 0.2078125
1 0.43046875 0.89453125 0.165625 0.096875
0 0.3 0.79375 0.090625 0.0421875
0 0.3578125 0.71640625 0.128125 0.05
1 0.22890625 0.86171875 0.071875 0.05
2 0.6515625 0.296875 0.63125 0.55625
3 0.56640625 0.8328125 0.1625 0.15
0 0.27109375 0.67890625 0.06875 0.0265625
0 0.25234375 0.8265625 0.084375 0.0375
0 0.32109375 0.62265625 0.08125 0.025
4 0.50859375 0.97578125 0.1703125 0.0484375
0 0.38203125 0.60625 0.11875 0.040625
3 0.259375 0.13046875 0.040625 0.08125
3 0.23359375 0.78359375 0.0609375 0.0390625
3 0.28046875 0.59453125 0.0625 0.046875
1 0.18203125 0.8625 0.0359375 0.0484375
3 0.24140625 0.63359375 0.0453125 0.0609375
0 0.33046875 0.57109375 0.0625 0.03125
0 0.32265625 0.6546875 0.1 0.034375
3 0.25625 0.09609375 0.0421875 0.134375
3 0.28125 0.00625 0.109375 0.0125
1 0.228125 0.2265625 0.0421875 0.03125
0 0.17421875 0.9015625 0.0578125 0.025
1 0.8796875 0.60546875 0.240625 0.2109375
3 0.24609375 0.72578125 0.071875 0.059375
2 0.06796875 0.89375 0.034375 0.025
3 0.146875 0.88125 0.034375 0.03125
0 0.1828125 0.94140625 0.053125 0.01875
3 0.15234375 0.928125 0.040625 0.03125
0 0.190625 0.78515625 0.0359375 0.025
4 0.3671875 0.9703125 0.1203125 0.03125
3 0.2796875 0.9703125 0.0875 0.059375