5 0.29296875 0.74765625 0.16875 0.1671875
5 0.20234375 0.2484375 0.15 0.0859375
3 0.70078125 0.221875 0.275 0.2203125
5 0.2484375 0.5234375 0.1796875 0.175
3 0.328125 0.11875 0.0921875 0.0703125
2 0.66796875 0.70390625 0.6625 0.5921875
2 0.89375 0.06328125 0.2125 0.0734375
4 0.46484375 0.06953125 0.1796875 0.034375
4 0.46953125 0.04375 0.19375 0.05
0 0.19453125 0.17421875 0.06875 0.025
4 0.36640625 0.20703125 0.15 0.05625
3 0.55 0.17421875 0.165625 0.1515625
3 0.2734375 0.97890625 0.103125 0.0421875
0 0.19140625 0.140625 0.08125 0.0375
4 0.41171875 0.12421875 0.1265625 0.040625
4 0.83125 0.45546875 0.3328125 0.059375
4 0.8484375 0.60625 0.303125 0.096875
4 0.7828125 0.0671875 0.1125 0.05
0 0.1921875 0.09375 0.0625 0.01875
1 0.17265625 0.0890625 0.05625 0.028125
4 0.31484375 0.028125 0.10625 0.034375
3 0.2203125 0.05390625 0.0765625 0.028125
0 0.24375 0.22109375 0.09375 0.025
0 0.13203125 0.1109375 0.04375 0.015625
5 0.0640625 0.12890625 0.053125 0.040625
5 0.1 0.27109375 0.078125 0.053125
3 0.096875 0.18359375 0.0375 0.021875
3 0.225 0.83046875 0.071875 0.0515625
0 0.2375 0.86953125 0.0515625 0.028125
4 0.978125 0.3875 0.04375 0.046875