2 0.90859375 0.23515625 0.1828125 0.1703125
1 0.2453125 0.1671875 0.078125 0.10546875
0 0.5578125 0.5125 0.06953125 0.1890625
3 0.18125 0.55 0.146875 0.1640625
3 0.23046875 0.659375 0.1765625 0.18515625
1 0.11875 0.41171875 0.10234375 0.16171875
4 0.0484375 0.34453125 0.0234375 0.125
0 0.1 0.1546875 0.0234375 0.0484375
0 0.2609375 0.30625 0.0234375 0.10859375
0 0.471875 0.33203125 0.05625 0.1109375
4 0.25234375 0.78359375 0.0796875 0.26171875
3 0.34140625 0.265625 0.07265625 0.09140625
4 0.03828125 0.50859375 0.065625 0.1375
3 0.303125 0.2171875 0.04921875 0.05390625
4 0.0703125 0.81796875 0.0578125 0.178125
3 0.065625 0.28359375 0.0875 0.0828125
4 0.07265625 0.3 0.0171875 0.05625
0 0.07734375 0.19140625 0.01640625 0.0578125
0 0.1296875 0.17578125 0.01328125 0.0546875
1 0.27890625 0.26640625 0.0453125 0.10546875
0 0.1609375 0.25390625 0.02109375 0.08515625
3 0.1953125 0.2375 0.04609375 0.06875
5 0.17109375 0.16875 0.0515625 0.0703125
5 0.18515625 0.115625 0.065625 0.0828125
1 0.07578125 0.128125 0.02265625 0.0359375
3 0.1171875 0.14140625 0.015625 0.03359375