3 0.846875 0.55 0.146875 0.16875
0 0.44375 0.4875 0.0703125 0.1890625
3 0.7921875 0.66953125 0.196875 0.203125
3 0.49296875 0.32421875 0.1015625 0.1125
1 0.27109375 0.19140625 0.146875 0.13125
3 0.6296875 0.37734375 0.1125 0.140625
4 0.984375 0.33515625 0.028125 0.1265625
3 0.8015625 0.2203125 0.05625 0.071875
1 0.91328125 0.39453125 0.1046875 0.1703125
3 0.6984375 0.225 0.0640625 0.071875
2 0.40625 0.171875 0.1125 0.096875
5 0.43125 0.17578125 0.059375 0.0875
1 0.0375 0.79375 0.071875 0.4125
4 0.7671875 0.81875 0.0625 0.271875
4 0.9640625 0.87734375 0.065625 0.2453125
4 0.98125 0.51953125 0.0375 0.1375
4 0.96015625 0.29453125 0.01875 0.0640625
0 0.89453125 0.1546875 0.015625 0.053125
1 0.94765625 0.13828125 0.0265625 0.0546875
0 0.91484375 0.13125 0.0140625 0.046875
2 0.92734375 0.09140625 0.0359375 0.053125