3 0.90234375 0.44921875 0.1828125 0.20234375
3 0.75078125 0.540625 0.18359375 0.1890625
2 0.3296875 0.25078125 0.18828125 0.253125
3 0.24296875 0.690625 0.19609375 0.2671875
1 0.721875 0.38984375 0.096875 0.1109375
3 0.18203125 0.5421875 0.1421875 0.1625
3 0.51328125 0.5484375 0.18828125 0.24453125
0 0.4453125 0.34609375 0.04765625 0.128125
1 0.1671875 0.27734375 0.05546875 0.0953125
3 0.54765625 0.403125 0.14140625 0.13828125
3 0.95 0.8546875 0.0953125 0.2875
3 0.165625 0.18828125 0.034375 0.0484375
0 0.65625 0.4390625 0.0671875 0.159375
0 0.1921875 0.21328125 0.015625 0.0875
0 0.21015625 0.21328125 0.01796875 0.0671875
0 0.225 0.34140625 0.03671875 0.12578125
3 0.94609375 0.653125 0.1078125 0.2140625
3 0.23359375 0.20078125 0.025 0.06875
3 0.1328125 0.20859375 0.0484375 0.05078125
0 0.96875 0.2765625 0.028125 0.06640625
1 0.74375 0.2234375 0.07421875 0.06015625
0 0.10625 0.1625 0.034375 0.0609375
3 0.5078125 0.31953125 0.065625 0.0859375
0 0.203125 0.30625 0.02265625 0.09921875
4 0.12265625 0.41171875 0.046875 0.165625
0 0.13671875 0.153125 0.03828125 0.05078125
4 0.0390625 0.50859375 0.06796875 0.12890625
0 0.5734375 0.28828125 0.02734375 0.06015625
4 0.05078125 0.4125 0.02578125 0.153125
4 0.08203125 0.371875 0.02421875 0.10859375
4 0.046875 0.3078125 0.02890625 0.04140625
3 0.478125 0.26484375 0.046875 0.0375
3 0.57265625 0.19765625 0.040625 0.03671875
0 0.74453125 0.73828125 0.090625 0.28828125
0 0.8078125 0.9078125 0.1375 0.184375
3 0.12890625 0.33828125 0.0734375 0.1078125
3 0.0765625 0.27890625 0.0484375 0.0390625