3 0.7140625 0.76484375 0.27578125 0.31953125
5 0.6578125 0.27265625 0.26171875 0.2296875
3 0.7609375 0.615625 0.24140625 0.24453125
3 0.2296875 0.696875 0.20390625 0.25859375
3 0.79296875 0.47890625 0.21015625 0.13671875
3 0.56953125 0.4 0.11328125 0.1203125
3 0.18515625 0.540625 0.146875 0.1578125
2 0.16875 0.2203125 0.1015625 0.1578125
2 0.2859375 0.24375 0.1609375 0.3
0 0.915625 0.503125 0.07578125 0.21015625
3 0.128125 0.334375 0.06953125 0.09765625
3 0.51015625 0.4640625 0.115625 0.1671875
0 0.0953125 0.19921875 0.01484375 0.07109375
3 0.1078125 0.1421875 0.034375 0.03515625
0 0.7 0.38671875 0.05546875 0.1
3 0.97578125 0.67890625 0.04765625 0.2234375
1 0.38828125 0.56640625 0.11640625 0.24140625
4 0.23671875 0.82109375 0.053125 0.17265625
4 0.09375 0.80546875 0.08359375 0.15703125
3 0.3859375 0.23515625 0.04453125 0.07109375
0 0.38125 0.35625 0.02890625 0.13359375
4 0.0203125 0.459375 0.028125 0.19453125
4 0.0484375 0.46171875 0.034375 0.1765625
4 0.14140625 0.434375 0.06953125 0.065625
4 0.1859375 0.3828125 0.02109375 0.0546875
4 0.07734375 0.35 0.0359375 0.06484375
4 0.0796875 0.46328125 0.01953125 0.1609375
2 0.15390625 0.11953125 0.06796875 0.05234375
0 0.81328125 0.24296875 0.01640625 0.02421875
3 0.82578125 0.22890625 0.0515625 0.07109375
1 0.98046875 0.26875 0.03828125 0.0703125