3 0.4859375 0.2875 0.171875 0.1640625
3 0.71171875 0.76328125 0.284375 0.209375
1 0.48359375 0.4546875 0.1875 0.10625
3 0.24453125 0.65859375 0.059375 0.0671875
3 0.33828125 0.87109375 0.0921875 0.075
3 0.23046875 0.8859375 0.075 0.059375
4 0.42265625 0.80859375 0.109375 0.04375
0 0.30234375 0.7625 0.084375 0.0390625
2 0.89375 0.06328125 0.2125 0.1265625
0 0.59296875 0.02109375 0.2203125 0.040625
3 0.2046875 0.70078125 0.034375 0.046875
0 0.23828125 0.84140625 0.059375 0.025
4 0.79609375 0.42421875 0.378125 0.084375
0 0.24765625 0.8015625 0.075 0.0296875
3 0.55625 0.821875 0.1609375 0.146875
4 0.7859375 0.5984375 0.3125 0.0625
0 0.2859375 0.621875 0.0796875 0.04375
4 0.4515625 0.8703125 0.14375 0.046875
3 0.253125 0.7171875 0.0625 0.0625
0 0.303125 0.46796875 0.09375 0.03125
3 0.21484375 0.38359375 0.046875 0.08125
3 0.1640625 0.80859375 0.034375 0.034375
0 0.31015625 0.68671875 0.090625 0.0390625
1 0.18125 0.8421875 0.04375 0.040625
4 0.903125 0.92734375 0.19375 0.0734375
3 0.2140625 0.76640625 0.0546875 0.05625
2 0.18359375 0.496875 0.040625 0.065625
0 0.3640625 0.57265625 0.140625 0.0453125
3 0.31640625 0.54453125 0.1015625 0.0890625
0 0.815625 0.9375 0.1703125 0.0609375
2 0.09921875 0.9140625 0.071875 0.0296875
3 0.14140625 0.89140625 0.040625 0.025
3 0.2265625 0.93515625 0.065625 0.0296875
3 0.23515625 0.15703125 0.059375 0.065625
0 0.2296875 0.24296875 0.034375 0.01875
0 0.2390625 0.19765625 0.040625 0.025
0 0.21015625 0.33359375 0.0375 0.021875
3 0.19296875 0.43515625 0.0421875 0.0453125
3 0.2625 0.05546875 0.0875 0.0671875
4 0.47421875 0.93828125 0.23125 0.0640625