2 0.834375 0.44609375 0.33125 0.5140625
1 0.42109375 0.340625 0.078125 0.11953125
3 0.2421875 0.6921875 0.1921875 0.265625
3 0.1796875 0.55 0.146875 0.178125
3 0.12734375 0.34140625 0.07421875 0.10390625
1 0.271875 0.2765625 0.0578125 0.0859375
0 0.3375 0.2703125 0.03046875 0.0828125
0 0.30234375 0.2484375 0.0234375 0.0640625
1 0.12421875 0.2203125 0.04296875 0.07421875
3 0.49453125 0.309375 0.078125 0.1
5 0.60859375 0.18828125 0.17265625 0.0875
4 0.0375 0.5078125 0.06953125 0.13828125
4 0.07890625 0.4015625 0.03203125 0.1671875
3 0.63828125 0.38046875 0.08515625 0.13828125
1 0.6984375 0.83515625 0.2984375 0.32890625
3 0.20078125 0.20234375 0.0328125 0.0625
0 0.1796875 0.21640625 0.0171875 0.06328125
3 0.171875 0.165625 0.02890625 0.04140625
3 0.290625 0.2 0.0359375 0.04296875
3 0.06484375 0.2109375 0.02421875 0.053125
0 0.08203125 0.16640625 0.0140625 0.04609375
3 0.0796875 0.2828125 0.05234375 0.0390625
4 0.6703125 0.646875 0.0703125 0.0984375
2 0.24453125 0.09296875 0.05625 0.07734375