2 0.42421875 0.37890625 0.2390625 0.35859375
1 0.2015625 0.26328125 0.0578125 0.0875
3 0.125 0.3421875 0.0796875 0.090625
3 0.76484375 0.490625 0.15546875 0.16328125
0 0.59609375 0.46953125 0.05546875 0.15859375
4 0.03671875 0.509375 0.065625 0.11875
3 0.190625 0.54140625 0.1640625 0.15546875
3 0.79296875 0.42109375 0.165625 0.1203125
3 0.5671875 0.34375 0.0703125 0.10859375
0 0.91796875 0.64375 0.0890625 0.2703125
5 0.1453125 0.06875 0.04296875 0.0734375
5 0.23046875 0.10859375 0.04296875 0.04453125
1 0.16796875 0.18359375 0.03359375 0.0453125
3 0.22890625 0.6875 0.20625 0.265625
3 0.10625 0.16953125 0.034375 0.06171875
0 0.13515625 0.16796875 0.0171875 0.0421875
0 0.484375 0.66171875 0.06484375 0.25390625
0 0.26328125 0.47421875 0.05 0.14765625
3 0.9828125 0.55 0.034375 0.22578125
0 0.20078125 0.17734375 0.02109375 0.0421875
3 0.88359375 0.26484375 0.09921875 0.08359375
0 0.96015625 0.83046875 0.07890625 0.33828125
0 0.709375 0.553125 0.0796875 0.20390625
3 0.6875 0.228125 0.065625 0.0625
4 0.13359375 0.271875 0.03359375 0.05390625