3 0.70390625 0.765625 0.25 0.19375
3 0.58203125 0.3890625 0.234375 0.2140625
5 0.234375 0.103125 0.14375 0.1671875
0 0.4171875 0.3671875 0.0796875 0.0453125
4 0.23828125 0.9015625 0.0609375 0.025
1 0.196875 0.88984375 0.065625 0.040625
3 0.54453125 0.81484375 0.165625 0.146875
0 0.21796875 0.84140625 0.0625 0.028125
3 0.28359375 0.64921875 0.075 0.0875
0 0.32734375 0.4875 0.096875 0.046875
0 0.38046875 0.8640625 0.1125 0.05
3 0.45625 0.45390625 0.13125 0.1375
1 0.1796875 0.815625 0.053125 0.0390625
3 0.3453125 0.7609375 0.1 0.0859375
2 0.18515625 0.73515625 0.0859375 0.05
0 0.2609375 0.80078125 0.06875 0.0265625
3 0.21171875 0.78828125 0.0546875 0.04375
5 0.21015625 0.69765625 0.103125 0.065625
5 0.12109375 0.81953125 0.0640625 0.065625
0 0.44140625 0.59609375 0.1546875 0.053125
0 0.42265625 0.6609375 0.1375 0.04375
0 0.3234375 0.578125 0.096875 0.0265625
4 0.83125 0.92890625 0.2125 0.08125
4 0.76484375 0.9859375 0.2515625 0.028125
4 0.50234375 0.96328125 0.153125 0.071875
4 0.34140625 0.94375 0.10625 0.0296875
1 0.171875 0.5125 0.04375 0.028125
5 0.23828125 0.5875 0.1078125 0.08125
2 0.1546875 0.54765625 0.071875 0.05
5 0.1359375 0.66640625 0.071875 0.05625
3 0.19453125 0.4203125 0.053125 0.0515625
3 0.1875 0.47578125 0.053125 0.046875
3 0.23203125 0.28046875 0.05 0.05625
3 0.209375 0.365625 0.0390625 0.05
0 0.45703125 0.70703125 0.1625 0.03125
0 0.1859375 0.8609375 0.053125 0.0109375