3 0.77265625 0.70234375 0.225 0.2703125
1 0.5875 0.49453125 0.1125 0.2
3 0.4109375 0.33359375 0.11875 0.10625
1 0.28046875 0.94375 0.3328125 0.1125
3 0.696875 0.2828125 0.0796875 0.090625
1 0.61796875 0.290625 0.06875 0.0796875
3 0.875 0.334375 0.08125 0.0875
3 0.040625 0.63046875 0.08125 0.2546875
3 0.815625 0.54765625 0.1484375 0.159375
1 0.54140625 0.284375 0.0671875 0.0625
3 0.11484375 0.47265625 0.175 0.153125
3 0.625 0.40078125 0.103125 0.115625
3 0.54453125 0.36171875 0.096875 0.096875
1 0.4015625 0.64765625 0.1375 0.271875
1 0.87265625 0.20390625 0.040625 0.065625
3 0.28359375 0.49453125 0.2125 0.134375
4 0.9234375 0.87265625 0.075 0.128125
4 0.59140625 0.96328125 0.0515625 0.071875
0 0.2015625 0.71015625 0.1046875 0.221875
3 0.74609375 0.2171875 0.0484375 0.040625
5 0.175 0.21015625 0.125 0.134375
0 0.76328125 0.29296875 0.034375 0.08125
0 0.82890625 0.26015625 0.04375 0.09375
4 0.95078125 0.41875 0.021875 0.140625
4 0.940625 0.3359375 0.0375 0.084375
0 0.76953125 0.2671875 0.0359375 0.090625
4 0.96015625 0.5125 0.059375 0.115625
3 0.39921875 0.41171875 0.128125 0.146875
4 0.9078125 0.7765625 0.05 0.0734375
0 0.8609375 0.3921875 0.05 0.121875
5 0.840625 0.10546875 0.0765625 0.09375
1 0.459375 0.1921875 0.06875 0.046875
3 0.7171875 0.196875 0.0171875 0.053125
0 0.690625 0.2 0.01875 0.034375
0 0.65234375 0.22265625 0.015625 0.046875
0 0.609375 0.23671875 0.01875 0.025
0 0.265625 0.365625 0.059375 0.121875
0 0.80390625 0.23203125 0.0140625 0.0734375
0 0.90546875 0.20546875 0.01875 0.075
0 0.9203125 0.171875 0.0109375 0.046875
0 0.8984375 0.1453125 0.0265625 0.04375
1 0.82734375 0.184375 0.034375 0.03125
3 0.7953125 0.2015625 0.01875 0.059375
3 0.7703125 0.18359375 0.028125 0.04375
3 0.07265625 0.25703125 0.075 0.096875