3 0.2296875 0.68671875 0.21484375 0.27109375
1 0.29765625 0.328125 0.07109375 0.13046875
3 0.18515625 0.5625 0.1609375 0.2
1 0.20078125 0.26875 0.05234375 0.096875
3 0.94140625 0.734375 0.1171875 0.359375
0 0.42421875 0.2671875 0.0234375 0.0453125
2 0.55859375 0.56015625 0.41796875 0.55703125
3 0.26640625 0.259375 0.04453125 0.0859375
3 0.26875 0.20234375 0.04140625 0.03984375
4 0.3015625 0.54453125 0.05546875 0.1109375
5 0.11640625 0.4265625 0.1 0.190625
0 0.803125 0.7359375 0.0875 0.35078125
4 0.03203125 0.48515625 0.0640625 0.1890625
4 0.03984375 0.3375 0.04140625 0.16328125
0 0.32109375 0.26875 0.05 0.084375
5 0.84921875 0.39375 0.3015625 0.38359375
1 0.6421875 0.19921875 0.06953125 0.04609375
1 0.58828125 0.19296875 0.0359375 0.0484375
0 0.125 0.1953125 0.0984375 0.109375