3 0.25 0.69375 0.18203125 0.26328125
3 0.18515625 0.55078125 0.1328125 0.16640625
3 0.47421875 0.4 0.1046875 0.128125
3 0.8078125 0.5203125 0.184375 0.17109375
3 0.38515625 0.334375 0.084375 0.08671875
3 0.4046875 0.2515625 0.08125 0.07890625
1 0.1796875 0.2890625 0.0546875 0.103125
1 0.1125 0.18359375 0.03359375 0.0609375
1 0.14140625 0.2109375 0.0375 0.06171875
3 0.2140625 0.2078125 0.04140625 0.05625
3 0.26640625 0.1953125 0.05234375 0.05625
3 0.52734375 0.1859375 0.05390625 0.03359375
4 0.03203125 0.50625 0.06171875 0.15078125
4 0.05234375 0.34765625 0.021875 0.121875
4 0.26640625 0.83984375 0.0546875 0.309375
1 0.11875 0.39453125 0.09375 0.12578125
4 0.07265625 0.31171875 0.01953125 0.0703125
0 0.29453125 0.3109375 0.04765625 0.08984375
0 0.534375 0.5046875 0.06875 0.2140625
0 0.5953125 0.3890625 0.0359375 0.15078125
0 0.734375 0.76953125 0.08046875 0.290625
0 0.809375 0.70234375 0.0703125 0.2515625
1 0.2953125 0.23671875 0.05625 0.06015625
1 0.7671875 0.240625 0.05625 0.0515625
3 0.98203125 0.2921875 0.0359375 0.06015625
5 0.165625 0.11484375 0.0484375 0.1
5 0.0921875 0.0859375 0.0484375 0.0640625