5 0.41328125 0.22265625 0.14921875 0.19921875
3 0.2328125 0.69296875 0.21875 0.26640625
1 0.21484375 0.24375 0.05234375 0.07578125
3 0.128125 0.325 0.0765625 0.08359375
0 0.2984375 0.284375 0.04296875 0.0890625
3 0.22421875 0.18359375 0.06328125 0.0515625
0 0.25234375 0.23046875 0.0296875 0.071875
0 0.1 0.18203125 0.01484375 0.05859375
3 0.11015625 0.146875 0.0328125 0.0375
3 0.184375 0.54609375 0.15390625 0.1578125
4 0.08125 0.83359375 0.08515625 0.184375
4 0.26875 0.425 0.0515625 0.18125
4 0.05390625 0.48203125 0.046875 0.146875
4 0.07890625 0.86953125 0.0671875 0.11015625
3 0.2 0.16640625 0.04375 0.04296875
3 0.534375 0.33359375 0.11015625 0.1625
4 0.0953125 0.43125 0.0234375 0.18359375
3 0.0734375 0.25078125 0.04765625 0.10859375
0 0.13671875 0.18671875 0.0125 0.05078125
3 0.15078125 0.18203125 0.01875 0.05
5 0.1609375 0.1421875 0.0171875 0.05859375
3 0.125 0.1265625 0.01953125 0.028125
5 0.08828125 0.09453125 0.03203125 0.078125
0 0.07890625 0.13671875 0.0234375 0.05703125
5 0.33125 0.1203125 0.0265625 0.053125
0 0.49609375 0.178125 0.01015625 0.0328125
0 0.51640625 0.175 0.0109375 0.02890625
0 0.6875 0.2109375 0.015625 0.02265625
0 0.71875 0.22265625 0.015625 0.0453125
3 0.56875 0.19921875 0.03984375 0.0265625
3 0.80859375 0.22734375 0.02734375 0.05390625
3 0.95078125 0.25546875 0.05 0.08046875
5 0.878125 0.246875 0.09921875 0.090625