3 0.24453125 0.69375 0.2 0.2625
3 0.28046875 0.32578125 0.0875 0.07890625
5 0.30703125 0.1578125 0.08359375 0.103125
0 0.646875 0.740625 0.09609375 0.28671875
0 0.65703125 0.53671875 0.11875 0.19296875
3 0.19921875 0.26875 0.0609375 0.0765625
3 0.18125 0.54609375 0.146875 0.1671875
3 0.16015625 0.21328125 0.046875 0.0515625
5 0.5890625 0.259375 0.21484375 0.2640625
0 0.6875 0.4140625 0.05390625 0.1
5 0.4453125 0.44609375 0.15546875 0.3359375
1 0.26640625 0.24609375 0.04921875 0.07421875
0 0.7640625 0.5328125 0.07578125 0.1828125
3 0.590625 0.43515625 0.1296875 0.1515625
3 0.32734375 0.2625 0.0640625 0.08203125
5 0.82734375 0.41015625 0.19609375 0.2296875
4 0.065625 0.8640625 0.08125 0.24375
0 0.9375 0.85390625 0.12421875 0.2921875
3 0.965625 0.284375 0.06875 0.09609375
3 0.85859375 0.24921875 0.07734375 0.0578125
4 0.13515625 0.3875 0.0296875 0.14140625
4 0.053125 0.41875 0.0328125 0.16640625
3 0.0640625 0.303125 0.01484375 0.0390625
3 0.12890625 0.34140625 0.08984375 0.115625