3 0.53359375 0.76484375 0.1921875 0.2203125
5 0.19609375 0.79453125 0.1921875 0.296875
3 0.50625 0.92578125 0.2 0.1484375
2 0.171875 0.2359375 0.09375 0.096875
3 0.74609375 0.20234375 0.2875 0.215625
1 0.353125 0.38828125 0.14375 0.0875
1 0.21953125 0.20078125 0.05625 0.0421875
1 0.43984375 0.07578125 0.16875 0.1109375
3 0.2578125 0.234375 0.078125 0.059375
1 0.934375 0.759375 0.13125 0.3
0 0.3046875 0.18125 0.090625 0.034375
3 0.27578125 0.97265625 0.08125 0.0546875
3 0.58203125 0.14453125 0.171875 0.159375
3 0.2953125 0.0625 0.096875 0.084375
0 0.253125 0.29375 0.0796875 0.021875
3 0.24609375 0.309375 0.0734375 0.05
0 0.23984375 0.1296875 0.075 0.034375
3 0.4109375 0.6734375 0.14375 0.134375
0 0.2421875 0.1734375 0.0671875 0.025
3 0.19140625 0.02265625 0.059375 0.0453125
5 0.30078125 0.5375 0.1984375 0.0890625
1 0.8953125 0.39609375 0.209375 0.2375
2 0.1484375 0.47265625 0.1 0.10625
4 0.53671875 0.00859375 0.146875 0.015625
3 0.24453125 0.08515625 0.071875 0.053125
1 0.18125 0.06953125 0.0453125 0.0359375
2 0.10546875 0.2515625 0.0453125 0.053125
5 0.06953125 0.09609375 0.053125 0.034375
3 0.21015625 0.12578125 0.0453125 0.04375
5 0.16015625 0.14765625 0.05 0.0109375
3 0.3125 0.33046875 0.0890625 0.0296875
5 0.13359375 0.10546875 0.05 0.03125
1 0.1421875 0.07578125 0.03125 0.021875
4 0.38203125 0.00859375 0.134375 0.0171875