4 0.150390625 0.24479166718749998 0.1474609375 0.24305555625 0.1416015625 0.25694444375000003 0.13671875 0.25868055624999997 0.13671875 0.26909722187499996 0.140625 0.27256944375000003 0.142578125 0.328125 0.1494140625 0.33680555624999997 0.154296875 0.33506944375000003 0.15625 0.30034722187499996 0.16015625 0.2864583328125 0.16015625 0.26909722187499996 0.150390625 0.24479166718749998
1 0.189453125 0.21701388906250002 0.1875 0.21006944375 0.1806640625 0.20138888906250002 0.1572265625 0.20138888906250002 0.1494140625 0.20833333281250002 0.1435546875 0.20833333281250002 0.140625 0.21354166718749998 0.140625 0.24479166718749998 0.1435546875 0.25 0.1494140625 0.246527778125 0.158203125 0.26215277812500004 0.16015625 0.26909722187499996 0.16015625 0.28993055624999997 0.1806640625 0.28819444375000003 0.18359375 0.296875 0.1865234375 0.3020833328125 0.1875 0.30034722187499996 0.19140625 0.2864583328125 0.19140625 0.24826388906250002 0.189453125 0.24479166718749998 0.189453125 0.21701388906250002
2 1 0.42881944375 0.9814453125 0.4236111109375 0.9794921875 0.4201388890625 0.9716796875 0.4201388890625 0.9697265625 0.4166666671875 0.9599609375 0.4166666671875 0.9580078125 0.41319444375 0.9462890625 0.40972222187499996 0.9404296875 0.40277777812500004 0.939453125 0.39756944375000003 0.9443359375 0.3958333328125 0.947265625 0.38715277812500004 0.947265625 0.35590277812500004 0.9453125 0.35243055624999997 0.9453125 0.3420138890625 0.9423828125 0.33680555624999997 0.9111328125 0.3298611109375 0.9091796875 0.3263888890625 0.8759765625 0.3229166671875 0.8740234375 0.31944444375000003 0.8623046875 0.31944444375000003 0.8603515625 0.31597222187499996 0.8486328125 0.31597222187499996 0.8466796875 0.3125 0.8271484375 0.3125 0.8251953125 0.30902777812500004 0.8115234375 0.30902777812500004 0.8095703125 0.30555555624999997 0.7587890625 0.2986111109375 0.7568359375 0.2951388890625 0.7275390625 0.2951388890625 0.7255859375 0.2986111109375 0.7138671875 0.2986111109375 0.7119140625 0.2951388890625 0.6748046875 0.2951388890625 0.6728515625 0.2986111109375 0.6552734375 0.2986111109375 0.6533203125 0.3020833328125 0.6435546875 0.3020833328125 0.6416015625 0.30555555624999997 0.6064453125 0.30555555624999997 0.6005859375 0.30902777812500004 0.5947265625 0.3263888890625 0.5849609375 0.31944444375000003 0.5751953125 0.31944444375000003 0.5732421875 0.3229166671875 0.5439453125 0.3229166671875 0.5419921875 0.3263888890625 0.5283203125 0.3263888890625 0.5263671875 0.3298611109375 0.4990234375 0.3298611109375 0.4873046875 0.34027777812500004 0.4833984375 0.34027777812500004 0.48046875 0.3454861109375 0.4755859375 0.37152777812500004 0.4716796875 0.375 0.4619140625 0.375 0.45703125 0.38368055624999997 0.455078125 0.4010416671875 0.4580078125 0.4166666671875 0.4609375 0.41493055625 0.4609375 0.4079861109375 0.4638671875 0.40277777812500004 0.470703125 0.4045138890625 0.470703125 0.421875 0.466796875 0.4392361109375 0.46875 0.44618055625 0.466796875 0.453125 0.46875 0.45659722187499996 0.46875 0.512152778125 0.466796875 0.515625 0.466796875 0.5538194437499999 0.46484375 0.5572916671875 0.46484375 0.5885416671875 0.462890625 0.5920138890625 0.462890625 0.640625 0.466796875 0.6579861109375 0.466796875 0.6961805562500001 0.46875 0.699652778125 0.46875 0.7100694437499999 0.470703125 0.7170138890625 0.484375 0.737847221875 0.4853515625 0.746527778125 0.4892578125 0.746527778125 0.4951171875 0.7395833328125 0.501953125 0.7413194437499999 0.505859375 0.762152778125 0.505859375 0.7760416671875 0.5185546875 0.8020833328125001 0.5283203125 0.809027778125 0.5419921875 0.8298611109375 0.5517578125 0.8368055562500001 0.5673828125 0.8611111109375 0.5751953125 0.8645833328125001 0.5791015625 0.871527778125 0.5986328125 0.8888888890625 0.607421875 0.890625 0.611328125 0.9427083328125001 0.6220703125 0.9861111109375 0.6279296875 0.9861111109375 0.6298828125 0.9895833328125001 0.6376953125 0.9861111109375 0.6494140625 0.9618055562500001 0.6572265625 0.9618055562500001 0.6611328125 0.96875 0.6943359375 0.996527778125 0.7939453125 0.996527778125 0.7958984375 0.9930555562500001 0.8037109375 0.996527778125 0.8056640625 0.9895833328125001 0.8173828125 0.996527778125 0.8564453125 0.996527778125 0.8583984375 0.9930555562500001 0.966796875 0.9947916671874999 0.9716796875 0.9930555562500001 0.9755859375 0.9861111109375 0.9814453125 0.9895833328125001 1 0.987847221875 1 0.42881944375
2 0.759765625 0.22048611093749998 0.759765625 0.1822916671875 0.7578125 0.17881944375 0.7578125 0.1510416671875 0.7548828125 0.13888888906250002 0.7490234375 0.13888888906250002 0.7470703125 0.1354166671875 0.7080078125 0.1354166671875 0.7021484375 0.13194444375 0.6982421875 0.125 0.6435546875 0.125 0.6396484375 0.13194444375 0.6181640625 0.13194444375 0.6162109375 0.1354166671875 0.6083984375 0.1354166671875 0.60546875 0.140625 0.60546875 0.171875 0.603515625 0.17534722187500001 0.6044921875 0.21180555625 0.6181640625 0.222222221875 0.6240234375 0.21875 0.6435546875 0.21875 0.6455078125 0.222222221875 0.6552734375 0.222222221875 0.6572265625 0.22569444375 0.6767578125 0.22569444375 0.6787109375 0.222222221875 0.6904296875 0.22916666718749998 0.6982421875 0.24305555625 0.7041015625 0.24305555625 0.7138671875 0.25 0.716796875 0.24826388906250002 0.7451171875 0.246527778125 0.759765625 0.237847221875 0.76171875 0.230902778125 0.759765625 0.22048611093749998
5 0.3564453125 0.08333333281250001 0.34375 0.09895833281250001 0.34375 0.14409722187500001 0.3525390625 0.15277777812499999 0.3671875 0.15451388906250002 0.369140625 0.1510416671875 0.369140625 0.08854166718749999 0.3662109375 0.08333333281250001 0.3564453125 0.08333333281250001
5 0.4169921875 0.09375 0.4072265625 0.090277778125 0.3994140625 0.07986111093750001 0.3837890625 0.07986111093750001 0.3818359375 0.08333333281250001 0.3740234375 0.07986111093750001 0.37109375 0.08506944375 0.3720703125 0.15972222187500001 0.4072265625 0.16319444375 0.4091796875 0.1666666671875 0.423828125 0.16840277812499999 0.42578125 0.16493055625 0.42578125 0.1197916671875 0.421875 0.10243055625 0.4169921875 0.09375
5 0.109375 0.1302083328125 0.1162109375 0.13888888906250002 0.119140625 0.13715277812499999 0.130859375 0.1197916671875 0.1298828125 0.090277778125 0.109375 0.09201388906249999 0.109375 0.1302083328125
2 0.275390625 0.105902778125 0.2734375 0.140625 0.2802734375 0.14930555625 0.283203125 0.14756944375 0.28515625 0.14409722187500001 0.28515625 0.105902778125 0.2822265625 0.097222221875 0.275390625 0.105902778125
2 0.2919921875 0.097222221875 0.291015625 0.14409722187500001 0.2939453125 0.14930555625 0.302734375 0.14756944375 0.318359375 0.140625 0.314453125 0.112847221875 0.3037109375 0.097222221875 0.2919921875 0.097222221875
2 0.1142578125 0.0486111109375 0.095703125 0.050347221875 0.09375 0.06423611093750001 0.0966796875 0.07291666718749999 0.1005859375 0.07638888906249999 0.1123046875 0.07638888906249999 0.1142578125 0.07986111093750001 0.12109375 0.078125 0.123046875 0.074652778125 0.123046875 0.0607638890625 0.1181640625 0.05208333281250001 0.1142578125 0.0486111109375
3 0.14453125 0.6163194437499999 0.1494140625 0.6111111109375 0.1630859375 0.6076388890625 0.169921875 0.5885416671875 0.1787109375 0.5729166671875 0.1884765625 0.565972221875 0.2001953125 0.565972221875 0.2080078125 0.559027778125 0.2099609375 0.5625 0.2158203125 0.5625 0.2177734375 0.559027778125 0.2509765625 0.559027778125 0.25390625 0.5538194437499999 0.25390625 0.546875 0.25 0.5364583328125 0.25 0.5225694437499999 0.244140625 0.4982638890625 0.2294921875 0.47569444375 0.2275390625 0.46875 0.2158203125 0.46180555625 0.2138671875 0.46527777812500004 0.1455078125 0.46875 0.1435546875 0.47222222187499996 0.1376953125 0.47222222187499996 0.1201171875 0.5104166671875 0.1162109375 0.503472221875 0.1103515625 0.503472221875 0.10546875 0.512152778125 0.10546875 0.519097221875 0.109375 0.5260416671875 0.109375 0.5329861109375 0.10546875 0.543402778125 0.10546875 0.612847221875 0.107421875 0.6163194437499999 0.107421875 0.6267361109375 0.1103515625 0.6319444437499999 0.1162109375 0.628472221875 0.123046875 0.640625 0.126953125 0.675347221875 0.1298828125 0.6805555562500001 0.1328125 0.6788194437499999 0.134765625 0.6614583328125 0.1435546875 0.65625 0.146484375 0.6475694437499999 0.14453125 0.6163194437499999
3 0.2724609375 0.809027778125 0.2744140625 0.8055555562500001 0.2880859375 0.8055555562500001 0.2900390625 0.8020833328125001 0.3017578125 0.7986111109375 0.306640625 0.7899305562500001 0.314453125 0.7552083328125 0.33203125 0.737847221875 0.33203125 0.6961805562500001 0.330078125 0.6927083328125 0.328125 0.668402778125 0.314453125 0.640625 0.314453125 0.6302083328125 0.3125 0.6267361109375 0.314453125 0.6024305562500001 0.3056640625 0.597222221875 0.2939453125 0.5729166671875 0.2822265625 0.5625 0.2490234375 0.5625 0.2470703125 0.559027778125 0.2373046875 0.559027778125 0.2353515625 0.5625 0.2119140625 0.5625 0.2099609375 0.565972221875 0.1923828125 0.565972221875 0.1904296875 0.5694444437499999 0.1845703125 0.5694444437499999 0.16796875 0.5954861109375 0.1611328125 0.6180555562500001 0.1572265625 0.6111111109375 0.1455078125 0.6145833328125 0.14453125 0.6267361109375 0.150390625 0.6336805562500001 0.14453125 0.6579861109375 0.14453125 0.668402778125 0.146484375 0.671875 0.146484375 0.6857638890625 0.14453125 0.6892361109375 0.146484375 0.6961805562500001 0.146484375 0.7586805562500001 0.1494140625 0.7673611109375 0.1533203125 0.7638888890625 0.15625 0.765625 0.16015625 0.7864583328125 0.16015625 0.8177083328125001 0.166015625 0.8420138890625 0.169921875 0.8420138890625 0.171875 0.8385416671874999 0.171875 0.828125 0.1767578125 0.815972221875 0.2724609375 0.809027778125
1 0.1025390625 0.5173611109375 0.1103515625 0.5 0.1240234375 0.49305555625 0.1337890625 0.47569444375 0.1416015625 0.46875 0.1552734375 0.46875 0.1640625 0.4635416671875 0.1640625 0.4114583328125 0.162109375 0.4079861109375 0.162109375 0.38715277812500004 0.158203125 0.36631944375000003 0.1591796875 0.34722222187499996 0.1455078125 0.3333333328125 0.1357421875 0.3333333328125 0.1337890625 0.3298611109375 0.0771484375 0.3298611109375 0.068359375 0.3420138890625 0.06640625 0.3489583328125 0.06640625 0.4045138890625 0.0703125 0.42534722187499996 0.068359375 0.4357638890625 0.068359375 0.48090277812500004 0.072265625 0.49131944375 0.07421875 0.519097221875 0.08203125 0.519097221875 0.08203125 0.5086805562500001 0.0849609375 0.503472221875 0.0986328125 0.5 0.1025390625 0.5173611109375
3 0.416015625 0.2552083328125 0.4033203125 0.22569444375 0.3662109375 0.22569444375 0.353515625 0.2517361109375 0.349609375 0.265625 0.349609375 0.29340277812500004 0.3525390625 0.30555555624999997 0.3583984375 0.2986111109375 0.3623046875 0.2986111109375 0.36328125 0.3072916671875 0.3681640625 0.3125 0.3740234375 0.2986111109375 0.3935546875 0.2986111109375 0.3994140625 0.30555555624999997 0.4052734375 0.2986111109375 0.408203125 0.30381944375000003 0.4091796875 0.3125 0.416015625 0.3107638890625 0.41796875 0.3072916671875 0.41796875 0.26909722187499996 0.416015625 0.265625 0.416015625 0.2552083328125
0 0.267578125 0.2517361109375 0.2666015625 0.24305555625 0.2607421875 0.24305555625 0.251953125 0.26215277812500004 0.25 0.27256944375000003 0.25390625 0.2760416671875 0.25390625 0.3142361109375 0.2626953125 0.3333333328125 0.267578125 0.33159722187499996 0.26953125 0.32118055624999997 0.2734375 0.3177083328125 0.2734375 0.26215277812500004 0.267578125 0.2517361109375
3 0.287109375 0.230902778125 0.287109375 0.22395833281250002 0.2802734375 0.21180555625 0.2548828125 0.20833333281250002 0.2451171875 0.215277778125 0.236328125 0.22743055625 0.23828125 0.234375 0.236328125 0.24479166718749998 0.2373046875 0.27777777812500004 0.2412109375 0.2708333328125 0.2490234375 0.27430555624999997 0.25 0.265625 0.2578125 0.2517361109375 0.2578125 0.24131944375 0.2646484375 0.23958333281250002 0.2734375 0.26215277812500004 0.2734375 0.2760416671875 0.2763671875 0.28125 0.2783203125 0.27777777812500004 0.2861328125 0.27777777812500004 0.2900390625 0.28472222187499996 0.291015625 0.2829861109375 0.29296875 0.2795138890625 0.29296875 0.24826388906250002 0.291015625 0.237847221875 0.287109375 0.230902778125
3 0.1455078125 0.125 0.1396484375 0.121527778125 0.1279296875 0.121527778125 0.123046875 0.13368055625 0.123046875 0.14756944375 0.1318359375 0.16319444375 0.1484375 0.16493055625 0.15234375 0.15798611093749998 0.15234375 0.140625 0.150390625 0.13368055625 0.1455078125 0.125
3 0.0849609375 0.13888888906250002 0.0751953125 0.13888888906250002 0.0712890625 0.14236111093749998 0.072265625 0.15798611093749998 0.0693359375 0.16319444375 0.0595703125 0.16319444375 0.056640625 0.171875 0.05859375 0.19618055625 0.0615234375 0.20138888906250002 0.0673828125 0.19097222187500001 0.0849609375 0.19097222187500001 0.0927734375 0.20138888906250002 0.095703125 0.19965277812499999 0.09765625 0.19618055625 0.095703125 0.1614583328125 0.091796875 0.14756944375 0.0849609375 0.13888888906250002
3 0.5126953125 0.1770833328125 0.4892578125 0.1770833328125 0.486328125 0.1822916671875 0.4990234375 0.20138888906250002 0.5107421875 0.20486111093749998 0.5166015625 0.21180555625 0.52734375 0.21006944375 0.529296875 0.206597221875 0.525390625 0.1927083328125 0.5185546875 0.18055555625 0.5126953125 0.1770833328125
5 0.212890625 0.1614583328125 0.2099609375 0.15625 0.1845703125 0.15972222187500001 0.1826171875 0.15625 0.1630859375 0.15625 0.1572265625 0.15277777812499999 0.154296875 0.15798611093749998 0.1552734375 0.1979166671875 0.193359375 0.203125 0.208984375 0.19965277812499999 0.208984375 0.1822916671875 0.212890625 0.17534722187500001 0.212890625 0.1614583328125
0 0.3037109375 0.19444444375 0.30078125 0.203125 0.30078125 0.22048611093749998 0.298828125 0.22395833281250002 0.298828125 0.24826388906250002 0.3017578125 0.2604166671875 0.306640625 0.25868055624999997 0.314453125 0.24131944375 0.314453125 0.22743055625 0.306640625 0.19618055625 0.3037109375 0.19444444375
1 0.4384765625 0.8993055562500001 0.4482421875 0.8993055562500001 0.4501953125 0.8958333328125001 0.4580078125 0.902777778125 0.4638671875 0.8993055562500001 0.4658203125 0.902777778125 0.4697265625 0.8993055562500001 0.4755859375 0.902777778125 0.4814453125 0.8993055562500001 0.4951171875 0.8993055562500001 0.5078125 0.8732638890625 0.5078125 0.8489583328125001 0.498046875 0.831597221875 0.4873046875 0.7986111109375 0.4775390625 0.7916666671875 0.4638671875 0.7638888890625 0.4462890625 0.753472221875 0.4345703125 0.7361111109375 0.3662109375 0.7361111109375 0.3642578125 0.7395833328125 0.3447265625 0.7395833328125 0.3427734375 0.7430555562500001 0.3310546875 0.7430555562500001 0.3251953125 0.75 0.3193359375 0.75 0.314453125 0.7586805562500001 0.306640625 0.800347221875 0.298828125 0.8211805562500001 0.298828125 0.831597221875 0.294921875 0.8489583328125001 0.2978515625 0.8541666671874999 0.3037109375 0.8506944437499999 0.310546875 0.862847221875 0.310546875 0.8732638890625 0.3154296875 0.8854166671874999 0.3271484375 0.8888888890625 0.3330078125 0.8958333328125001 0.3388671875 0.8958333328125001 0.3486328125 0.902777778125 0.3544921875 0.8958333328125001 0.3564453125 0.90625 0.359375 0.9010416671874999 0.359375 0.890625 0.3681640625 0.8854166671874999 0.3759765625 0.8888888890625 0.3798828125 0.8993055562500001 0.3876953125 0.8888888890625 0.390625 0.894097221875 0.388671875 0.8975694437499999 0.3955078125 0.902777778125 0.3974609375 0.902777778125 0.3994140625 0.8958333328125001 0.4052734375 0.8993055562500001 0.4091796875 0.8888888890625 0.4130859375 0.8888888890625 0.41796875 0.894097221875 0.412109375 0.9010416671874999 0.4150390625 0.90625 0.421875 0.9045138890625 0.4287109375 0.8993055562500001 0.4345703125 0.8993055562500001 0.4365234375 0.902777778125 0.4384765625 0.8993055562500001
4 0.056640625 0.546875 0.052734375 0.5086805562500001 0.037109375 0.47743055625 0.041015625 0.4670138890625 0.041015625 0.46006944375 0.0341796875 0.4583333328125 0.0166015625 0.47222222187499996 0.009765625 0.48784722187499996 0.0078125 0.4982638890625 0.0078125 0.5225694437499999 0.0146484375 0.534722221875 0.0380859375 0.534722221875 0.0400390625 0.53125 0.044921875 0.5399305562500001 0.048828125 0.5538194437499999 0.048828125 0.5642361109375 0.0517578125 0.5694444437499999 0.0625 0.5677083328125 0.0654296875 0.565972221875 0.068359375 0.5572916671875 0.0634765625 0.5555555562500001 0.056640625 0.546875
4 0.0498046875 0.2916666671875 0.044921875 0.296875 0.046875 0.3177083328125 0.04296875 0.33506944375000003 0.04296875 0.359375 0.046875 0.3732638890625 0.046875 0.39409722187499996 0.05078125 0.4079861109375 0.0556640625 0.41319444375 0.060546875 0.4114583328125 0.060546875 0.32118055624999997 0.056640625 0.3142361109375 0.056640625 0.30034722187499996 0.0498046875 0.2916666671875
1 0.982421875 0.27256944375000003 0.984375 0.26909722187499996 0.984375 0.237847221875 0.982421875 0.22743055625 0.9736328125 0.21875 0.9716796875 0.222222221875 0.9697265625 0.21875 0.9384765625 0.21875 0.9365234375 0.222222221875 0.9287109375 0.222222221875 0.921875 0.237847221875 0.919921875 0.2760416671875 0.9306640625 0.2916666671875 0.9345703125 0.2916666671875 0.9423828125 0.3020833328125 0.955078125 0.30381944375000003 0.9619140625 0.2986111109375 0.9794921875 0.2986111109375 0.982421875 0.29340277812500004 0.982421875 0.27256944375000003