3 0.6109375 0.13671875 0.325 0.2734375
5 0.253125 0.5203125 0.25625 0.140625
3 0.6875 0.75625 0.296875 0.215625
3 0.409375 0.8015625 0.175 0.203125
1 0.140625 0.89375 0.0625 0.053125
0 0.203125 0.6890625 0.090625 0.034375
3 0.53203125 0.8125 0.1890625 0.165625
5 0.19921875 0.18515625 0.3625 0.3515625
0 0.1765625 0.80625 0.078125 0.0328125
0 0.31328125 0.64296875 0.140625 0.053125
3 0.284375 0.88046875 0.0984375 0.096875
3 0.05390625 0.89375 0.0390625 0.0359375
3 0.121875 0.8578125 0.0515625 0.0328125
3 0.0765625 0.86328125 0.034375 0.0375
4 0.4265625 0.96484375 0.225 0.0359375
0 0.57890625 0.3984375 0.26875 0.0734375
3 0.1109375 0.78125 0.078125 0.0578125
3 0.25 0.93515625 0.0875 0.065625
4 0.8109375 0.92734375 0.1578125 0.0703125