3 0.33359375 0.38671875 0.10625 0.12421875
3 0.58984375 0.54375 0.2125 0.1890625
3 0.47421875 0.31328125 0.096875 0.0828125
3 0.18359375 0.540625 0.14609375 0.15
5 0.21015625 0.14296875 0.07109375 0.08359375
3 0.23359375 0.69375 0.209375 0.27578125
0 0.20234375 0.271875 0.03828125 0.08046875
3 0.37890625 0.27421875 0.065625 0.06875
3 0.25859375 0.25 0.06640625 0.059375
0 0.4078125 0.59453125 0.06484375 0.23671875
3 0.18125 0.228125 0.059375 0.05703125
3 0.1171875 0.2109375 0.0484375 0.06875
4 0.03984375 0.50546875 0.06796875 0.121875
3 0.80390625 0.8171875 0.384375 0.35546875
4 0.2625 0.79140625 0.07265625 0.22578125
1 0.25078125 0.1828125 0.04609375 0.0421875
3 0.0859375 0.3140625 0.0671875 0.08359375
4 0.06328125 0.36328125 0.04140625 0.14921875
1 0.88046875 0.24609375 0.0828125 0.0640625
0 0.128125 0.2125 0.0171875 0.06328125
3 0.13515625 0.14609375 0.05390625 0.0625
3 0.13359375 0.16484375 0.04296875 0.0375
4 0.06640625 0.82421875 0.06796875 0.18828125
4 0.1484375 0.42109375 0.03828125 0.11015625
5 0.6109375 0.159375 0.15 0.13359375
0 0.15546875 0.203125 0.01328125 0.0671875
0 0.284375 0.29296875 0.02421875 0.0953125
0 0.09765625 0.1390625 0.01171875 0.0296875