5 0.66328125 0.5953125 0.15625 0.115625
3 0.58515625 0.25078125 0.1421875 0.153125
3 0.30078125 0.7796875 0.271875 0.240625
3 0.665625 0.8875 0.096875 0.0765625
3 0.5359375 0.403125 0.159375 0.184375
0 0.7 0.76796875 0.0796875 0.040625
3 0.75390625 0.87578125 0.0671875 0.0734375
0 0.67890625 0.71484375 0.096875 0.0421875
3 0.7640625 0.74375 0.06875 0.071875
0 0.45546875 0.34921875 0.209375 0.0625
2 0.103125 0.07734375 0.20625 0.1546875
3 0.78984375 0.703125 0.05625 0.0625
3 0.79296875 0.7859375 0.05625 0.0515625
1 0.7625 0.096875 0.078125 0.040625
4 0.13203125 0.94453125 0.15 0.078125
0 0.4546875 0.4625 0.18125 0.059375
3 0.46015625 0.83125 0.1546875 0.1515625
0 0.42265625 0.13125 0.1921875 0.1109375
0 0.83125 0.909375 0.05 0.01875
0 0.49921875 0.034375 0.24375 0.06875
1 0.8109375 0.4015625 0.04375 0.05625
4 0.5390625 0.9609375 0.203125 0.034375
2 0.9 0.88203125 0.071875 0.06875
3 0.8421875 0.890625 0.0515625 0.040625
4 0.2421875 0.93828125 0.05625 0.0484375
4 0.60078125 0.8265625 0.128125 0.0390625
3 0.80703125 0.84609375 0.046875 0.046875
4 0.16484375 0.578125 0.3296875 0.0875
3 0.82109375 0.753125 0.0328125 0.04375
0 0.73125 0.67890625 0.08125 0.03125
0 0.78671875 0.28515625 0.0625 0.025
1 0.68046875 0.48984375 0.1484375 0.071875
3 0.77109375 0.63203125 0.0515625 0.053125
3 0.8546875 0.83203125 0.03125 0.025
3 0.83515625 0.81484375 0.04375 0.03125
0 0.84921875 0.578125 0.03125 0.01875
3 0.7765625 0.95390625 0.06875 0.03125
0 0.4234375 0.646875 0.253125 0.065625
0 0.16875 0.671875 0.3375 0.0625
3 0.7609375 0.0625 0.0859375 0.0625
5 0.78125 0.178125 0.075 0.1140625