5 0.37734375 0.290625 0.071875 0.13984375
3 0.25 0.69140625 0.18515625 0.26171875
3 0.19140625 0.57109375 0.12734375 0.21171875
3 0.58515625 0.3734375 0.11484375 0.14453125
0 0.46640625 0.32890625 0.03359375 0.109375
3 0.478125 0.28046875 0.0734375 0.07734375
0 0.640625 0.61328125 0.0671875 0.2453125
0 0.80859375 0.609375 0.078125 0.221875
0 0.89765625 0.5640625 0.0734375 0.21328125
0 0.771875 0.915625 0.13125 0.134375
0 0.36796875 0.36328125 0.0390625 0.1328125
4 0.25 0.790625 0.03984375 0.2640625
4 0.04296875 0.51796875 0.07109375 0.12578125
4 0.04765625 0.35546875 0.03046875 0.1296875
1 0.11796875 0.4015625 0.0984375 0.15546875
1 0.2734375 0.328125 0.06640625 0.12421875
1 0.190625 0.26953125 0.046875 0.10546875
1 0.26171875 0.240625 0.0546875 0.0515625
1 0.94296875 0.290625 0.06640625 0.07421875
3 0.12265625 0.2109375 0.0515625 0.06171875
3 0.1796875 0.18125 0.03828125 0.06015625