4 0.5515625 0.6890625 0.153125 0.05
0 0.68125 0.79375 0.115625 0.028125
0 0.7 0.7390625 0.109375 0.0296875
0 0.33046875 0.07421875 0.234375 0.10625
3 0.59921875 0.6296875 0.1578125 0.103125
0 0.69453125 0.6765625 0.103125 0.0265625
0 0.7484375 0.71015625 0.084375 0.021875
0 0.753125 0.68359375 0.0484375 0.021875
3 0.6546875 0.8734375 0.11875 0.0828125
0 0.74296875 0.86640625 0.0359375 0.015625
3 0.6953125 0.9546875 0.0921875 0.0796875
0 0.7859375 0.96875 0.0640625 0.0265625
0 0.0953125 0.09140625 0.190625 0.15
3 0.14296875 0.02578125 0.2859375 0.05
3 0.23046875 0.80625 0.28125 0.1921875
3 0.3953125 0.8640625 0.178125 0.159375
3 0.65 0.56328125 0.11875 0.09375
3 0.7640625 0.98671875 0.040625 0.025
3 0.81171875 0.94375 0.059375 0.046875
1 0.80546875 0.89765625 0.0375 0.0515625
1 0.56015625 0.93828125 0.1578125 0.1125
1 0.51875 0.40703125 0.2234375 0.10625
2 0.61484375 0.24296875 0.3296875 0.275
1 0.7125 0.815625 0.078125 0.0484375
3 0.76015625 0.8109375 0.040625 0.0640625
1 0.73984375 0.75390625 0.090625 0.053125
5 0.809375 0.80859375 0.0421875 0.05
5 0.88203125 0.73203125 0.09375 0.075
2 0.89609375 0.84765625 0.065625 0.034375
3 0.79375 0.48828125 0.0390625 0.04375
1 0.81328125 0.55859375 0.05 0.028125