3 0.2546875 0.47890625 0.18203125 0.16171875
1 0.134375 0.225 0.0578125 0.08828125
3 0.6234375 0.475 0.16953125 0.16640625
0 0.7734375 0.45 0.07578125 0.17734375
3 0.18203125 0.5703125 0.159375 0.21640625
0 0.840625 0.59609375 0.0875 0.2484375
3 0.23984375 0.69921875 0.2015625 0.26796875
3 0.30625 0.2796875 0.078125 0.08515625
0 0.96484375 0.896875 0.06953125 0.203125
4 0.06640625 0.35078125 0.06484375 0.153125
3 0.640625 0.34765625 0.1453125 0.11328125
3 0.1734375 0.1703125 0.0390625 0.03984375
4 0.271875 0.77265625 0.1 0.25703125
4 0.0640625 0.8046875 0.11796875 0.1921875
4 0.03671875 0.48828125 0.06328125 0.18515625
4 0.09375 0.2546875 0.0234375 0.07265625
0 0.2171875 0.23515625 0.0234375 0.084375
0 0.25390625 0.1921875 0.01875 0.0609375
0 0.0828125 0.14765625 0.0171875 0.04765625
2 0.27265625 0.11484375 0.05546875 0.06484375
0 0.4109375 0.46875 0.0484375 0.178125
3 0.42265625 0.38671875 0.11171875 0.13046875
0 0.4 0.40078125 0.03671875 0.12734375
0 0.47265625 0.3421875 0.03359375 0.12578125
0 0.478125 0.171875 0.0109375 0.03125
1 0.41953125 0.27890625 0.06640625 0.09296875
0 0.64140625 0.6203125 0.0640625 0.24921875