3 0.62734375 0.55703125 0.19765625 0.20390625
3 0.66796875 0.3609375 0.1421875 0.08515625
3 0.55078125 0.321875 0.084375 0.08984375
3 0.23203125 0.69296875 0.20703125 0.2609375
5 0.25234375 0.215625 0.0828125 0.11875
1 0.20546875 0.28515625 0.0625 0.10234375
3 0.6734375 0.46171875 0.1734375 0.15859375
0 0.240625 0.34921875 0.04609375 0.1078125
3 0.30546875 0.215625 0.0390625 0.053125
3 0.184375 0.53984375 0.140625 0.146875
0 0.47265625 0.29296875 0.0359375 0.0625
3 0.3515625 0.2125 0.04921875 0.03671875
0 0.428125 0.2953125 0.040625 0.08046875
0 0.26171875 0.26328125 0.0265625 0.0703125
4 0.490625 0.97421875 0.0734375 0.0515625
3 0.5015625 0.3953125 0.1234375 0.11953125
3 0.3671875 0.42578125 0.13671875 0.16171875
4 0.040625 0.51484375 0.0609375 0.09609375
0 0.078125 0.18828125 0.0265625 0.0625
3 0.1296875 0.34296875 0.07265625 0.09921875
1 0.3671875 0.30546875 0.08515625 0.05546875
3 0.18515625 0.23984375 0.071875 0.06953125
0 0.11328125 0.21484375 0.021875 0.059375
3 0.12578125 0.19765625 0.053125 0.059375
3 0.3421875 0.253125 0.075 0.03984375
3 0.5015625 0.34921875 0.1203125 0.05703125
0 0.434375 0.60859375 0.065625 0.2359375
2 0.8328125 0.2125 0.17890625 0.14765625
3 0.4625 0.171875 0.04765625 0.06640625