0 0.23671875 0.20234375 0.01171875 0.05625
3 0.240625 0.6796875 0.16171875 0.25
2 0.68671875 0.584375 0.56875 0.6859375
2 0.51484375 0.1625 0.096875 0.09375
2 0.16171875 0.08984375 0.05078125 0.05
5 0.8875 0.19453125 0.225 0.1890625
3 0.125 0.26875 0.07265625 0.0953125
3 0.17890625 0.54609375 0.13125 0.171875
4 0.23671875 0.8 0.08515625 0.21484375
4 0.33046875 0.6796875 0.05078125 0.12734375
4 0.03828125 0.50703125 0.0640625 0.153125
4 0.053125 0.34375 0.02421875 0.11640625
5 0.275 0.25546875 0.09140625 0.17734375
0 0.1671875 0.22578125 0.02734375 0.071875
0 0.203125 0.246875 0.02109375 0.078125
0 0.1828125 0.18984375 0.01328125 0.0578125
0 0.21875 0.196875 0.01484375 0.0515625
0 0.125 0.1375 0.01015625 0.0359375