1 0.7453125 0.46484375 0.1375 0.2046875
3 0.47578125 0.34296875 0.1015625 0.134375
3 0.25390625 0.31796875 0.06875 0.121875
3 0.115625 0.33046875 0.084375 0.103125
4 0.02734375 0.503125 0.0546875 0.140625
5 0.61171875 0.1078125 0.24375 0.196875
1 0.1875 0.225 0.05 0.078125
3 0.228125 0.20078125 0.05625 0.059375
2 0.94375 0.73671875 0.1125 0.525
3 0.178125 0.5546875 0.15625 0.1734375
4 0.04921875 0.86953125 0.0734375 0.18125
4 0.04765625 0.34375 0.04375 0.1625
4 0.0921875 0.2359375 0.0296875 0.053125
4 0.1453125 0.25390625 0.0265625 0.0546875
4 0.2296875 0.84609375 0.096875 0.23125
3 0.23046875 0.71171875 0.228125 0.28125
3 0.32265625 0.20703125 0.065625 0.065625
3 0.15234375 0.16796875 0.053125 0.05
3 0.16640625 0.1296875 0.0390625 0.03125
0 0.340625 0.2453125 0.0234375 0.1
2 0.09921875 0.08046875 0.04375 0.065625
3 0.0875 0.11015625 0.0296875 0.04375
0 0.1125 0.13046875 0.01875 0.05625
0 0.18671875 0.1546875 0.0125 0.0421875