1 0.05546875 0.2578125 0.090625 0.0875
3 0.78984375 0.68203125 0.2125 0.215625
3 0.05078125 0.70546875 0.1 0.3234375
1 0.90703125 0.409375 0.11875 0.1640625
0 0.65078125 0.5453125 0.075 0.215625
3 0.8375 0.55234375 0.15625 0.175
1 0.80703125 0.1609375 0.040625 0.0515625
0 0.809375 0.32109375 0.046875 0.1125
5 0.534375 0.40703125 0.153125 0.2078125
3 0.7234375 0.26015625 0.059375 0.0828125
0 0.57578125 0.52265625 0.059375 0.140625
0 0.48125 0.5703125 0.071875 0.20625
4 0.98125 0.35078125 0.0375 0.13125
3 0.86640625 0.23671875 0.0703125 0.0765625
1 0.85859375 0.165625 0.05 0.075
1 0.765625 0.17890625 0.0375 0.0359375
0 0.92578125 0.2078125 0.021875 0.078125
4 0.75234375 0.83125 0.065625 0.24375
0 0.2625 0.7140625 0.090625 0.3046875
0 0.75703125 0.37734375 0.040625 0.15625
0 0.68125 0.31328125 0.03125 0.115625
4 0.98125 0.5140625 0.0375 0.1328125
5 0.43984375 0.2125 0.24375 0.325
5 0.6765625 0.17421875 0.109375 0.2125
3 0.7875 0.21953125 0.059375 0.0703125
0 0.90625 0.19921875 0.01875 0.0671875