3 0.58515625 0.8203125 0.125 0.13125
5 0.7953125 0.57578125 0.23125 0.1375
3 0.4546875 0.82734375 0.16875 0.146875
3 0.30234375 0.765625 0.26875 0.2
0 0.58515625 0.35078125 0.13125 0.059375
5 0.7015625 0.4515625 0.1875 0.175
0 0.0734375 0.0328125 0.146875 0.065625
3 0.75546875 0.065625 0.109375 0.0890625
1 0.8015625 0.9046875 0.078125 0.04375
0 0.74296875 0.7859375 0.084375 0.03125
0 0.653125 0.7140625 0.15 0.0375
1 0.7796875 0.70859375 0.140625 0.08125
3 0.68359375 0.6546875 0.1296875 0.096875
5 0.4296875 0.23359375 0.45 0.2875
0 0.246875 0.3625 0.23125 0.115625
0 0.8078125 0.88046875 0.059375 0.0234375
4 0.22421875 0.93359375 0.06875 0.0765625
0 0.77578125 0.28046875 0.059375 0.034375
0 0.77109375 0.28203125 0.053125 0.028125
0 0.81328125 0.81640625 0.059375 0.021875
3 0.86015625 0.8625 0.0515625 0.028125
4 0.5296875 0.95703125 0.20625 0.059375
3 0.68515625 0.88125 0.078125 0.0703125
3 0.32109375 0.01953125 0.1890625 0.0390625
4 0.67421875 0.9546875 0.0625 0.021875
4 0.14765625 0.9296875 0.103125 0.053125
5 0.76328125 0.153125 0.075 0.103125
4 0.7609375 0.93515625 0.05 0.0140625
3 0.85625 0.9125 0.0375 0.025
3 0.85390625 0.8890625 0.03125 0.01875
3 0.89296875 0.92890625 0.0234375 0.015625
3 0.88671875 0.9140625 0.025 0.0125
3 0.88125 0.89921875 0.01875 0.0171875
5 0.93984375 0.89453125 0.034375 0.025
0 0.7921875 0.3453125 0.0265625 0.0125