3 0.796875 0.66015625 0.25546875 0.2609375
1 0.115625 0.409375 0.09609375 0.13671875
1 0.2296875 0.34765625 0.0609375 0.12421875
3 0.2796875 0.2546875 0.06171875 0.05703125
3 0.184375 0.54453125 0.14453125 0.15703125
3 0.5484375 0.4703125 0.134375 0.1953125
3 0.584375 0.33203125 0.1171875 0.0921875
3 0.95625 0.27421875 0.08359375 0.07734375
1 0.1828125 0.24765625 0.04296875 0.071875
1 0.60234375 0.2046875 0.05703125 0.03671875
4 0.26484375 0.79375 0.06953125 0.22734375
1 0.1296875 0.21328125 0.0375 0.07109375
0 0.38671875 0.41640625 0.05 0.12890625
3 0.23515625 0.7 0.19609375 0.27265625
4 0.0546875 0.34296875 0.03203125 0.1140625
4 0.03828125 0.50234375 0.05625 0.12265625
1 0.10234375 0.18984375 0.02890625 0.06171875
5 0.40859375 0.290625 0.08671875 0.1015625
4 0.0734375 0.303125 0.01484375 0.05625
3 0.08828125 0.28125 0.02421875 0.08046875
3 0.21328125 0.215625 0.03125 0.05390625
3 0.275 0.1953125 0.04375 0.05546875
3 0.340625 0.22890625 0.05625 0.06953125
0 0.24375 0.22890625 0.01640625 0.06953125
5 0.19453125 0.1171875 0.0640625 0.0953125
5 0.10234375 0.0796875 0.0453125 0.05546875
0 0.12734375 0.159375 0.02109375 0.03046875
0 0.14375 0.1359375 0.01015625 0.034375
0 0.1625 0.19140625 0.028125 0.04375
0 0.15390625 0.15390625 0.0125 0.0390625
1 0.115625 0.13984375 0.0265625 0.02578125
3 0.1890625 0.18046875 0.03203125 0.0453125
5 0.459375 0.1640625 0.0359375 0.05625
0 0.51484375 0.1875 0.01171875 0.034375