1 0.403125 0.81796875 0.18984375 0.17890625
1 0.11875 0.3984375 0.0875 0.1515625
1 0.7203125 0.4703125 0.109375 0.19765625
1 0.93125 0.278125 0.078125 0.1078125
1 0.709375 0.22109375 0.034375 0.04140625
1 0.22421875 0.2046875 0.0375 0.06953125
3 0.2296875 0.69921875 0.1734375 0.221875
3 0.1828125 0.5640625 0.1421875 0.19296875
3 0.2328125 0.35390625 0.1015625 0.15625
0 0.42578125 0.3984375 0.0515625 0.1359375
3 0.528125 0.43984375 0.1140625 0.17265625
3 0.384375 0.3796875 0.1 0.18203125
0 0.27421875 0.2328125 0.040625 0.06484375
0 0.31875 0.23515625 0.03046875 0.08828125
2 0.0984375 0.1609375 0.0734375 0.13125
0 0.1015625 0.21171875 0.03828125 0.06484375
0 0.14296875 0.18125 0.02265625 0.05703125
0 0.25546875 0.18984375 0.01640625 0.06796875
3 0.13828125 0.14609375 0.0328125 0.04765625
3 0.16953125 0.15625 0.028125 0.04765625
5 0.5375 0.1796875 0.071875 0.06640625
5 0.10703125 0.09375 0.03046875 0.04921875
5 0.128125 0.0671875 0.0421875 0.06015625
2 0.2875 0.121875 0.04609375 0.05859375
1 0.4578125 0.15859375 0.0171875 0.05234375
1 0.4796875 0.1703125 0.034375 0.05390625
0 0.8296875 0.44296875 0.0765625 0.19453125
3 0.8765625 0.828125 0.2375 0.34375
0 0.83671875 0.2359375 0.0609375 0.06171875
4 0.0359375 0.5046875 0.0578125 0.17890625
4 0.0453125 0.35625 0.021875 0.1203125
4 0.0671875 0.365625 0.028125 0.1109375
4 0.03515625 0.29921875 0.0234375 0.06796875
3 0.98515625 0.2375 0.0296875 0.14375
2 0.17734375 0.08203125 0.03046875 0.05234375