3 0.08515625 0.203125 0.028125 0.021875
3 0.15 0.1953125 0.046875 0.04375
3 0.65078125 0.21328125 0.1875 0.2
3 0.2359375 0.91875 0.08125 0.1
0 0.2296875 0.24921875 0.078125 0.021875
1 0.33828125 0.29921875 0.14375 0.0890625
3 0.20390625 0.165625 0.065625 0.053125
3 0.53046875 0.15625 0.165625 0.15
3 0.43671875 0.47578125 0.1828125 0.146875
0 0.28984375 0.20625 0.103125 0.0421875
2 0.11796875 0.42734375 0.09375 0.096875
3 0.24921875 0.42109375 0.0859375 0.0875
4 0.753125 0.2546875 0.203125 0.10625
1 0.140625 0.128125 0.0375 0.03125
4 0.4953125 0.02109375 0.1421875 0.0421875
0 0.45625 0.696875 0.1734375 0.075
0 0.546875 0.72890625 0.25625 0.1
0 0.3171875 0.53828125 0.1125 0.03125
0 0.1859375 0.21640625 0.0625 0.0140625
3 0.34140625 0.465625 0.0875 0.1140625
4 0.83203125 0.0375 0.1859375 0.075
4 0.3234375 0.01875 0.1375 0.0265625
4 0.334375 0.0421875 0.103125 0.0203125
0 0.29609375 0.13203125 0.08125 0.0328125
3 0.4 0.103125 0.1375 0.125
0 0.2359375 0.26953125 0.059375 0.0125
0 0.25234375 0.28984375 0.0296875 0.01875
0 0.21328125 0.2859375 0.040625 0.025
0 0.18125 0.2328125 0.06875 0.0140625
0 0.15390625 0.1546875 0.0296875 0.015625
0 0.20859375 0.12421875 0.0734375 0.01875
3 0.1703125 0.1390625 0.0421875 0.028125
0 0.159375 0.078125 0.059375 0.0125
3 0.1296875 0.1015625 0.040625 0.028125
3 0.09296875 0.07890625 0.028125 0.0234375
0 0.11640625 0.084375 0.0375 0.009375
0 0.11640625 0.06171875 0.0421875 0.0125
5 0.06171875 0.15546875 0.046875 0.03125
0 0.08984375 0.2078125 0.015625 0.0125
5 0.02890625 0.0765625 0.0359375 0.025
5 0.153125 0.5078125 0.0515625 0.04375
0 0.17890625 0.64375 0.03125 0.0171875