3 0.20546875 0.23125 0.059375 0.07265625
3 0.2140625 0.321875 0.0734375 0.10859375
3 0.1234375 0.34140625 0.08203125 0.1015625
3 0.18046875 0.54609375 0.14765625 0.16953125
5 0.45625 0.1890625 0.1890625 0.26171875
3 0.2421875 0.69296875 0.2 0.26796875
1 0.74453125 0.675 0.16875 0.3296875
3 0.91328125 0.61171875 0.16328125 0.2640625
3 0.67421875 0.45390625 0.17265625 0.17890625
0 0.3828125 0.35546875 0.0375 0.11640625
4 0.05859375 0.3359375 0.03671875 0.0890625
0 0.33359375 0.34140625 0.02890625 0.11171875
0 0.28671875 0.30234375 0.01796875 0.0734375
3 0.95703125 0.2578125 0.08359375 0.09375
3 0.4765625 0.42265625 0.11875 0.159375
1 0.47421875 0.6203125 0.1671875 0.2625
2 0.15 0.15390625 0.06796875 0.1234375
3 0.37734375 0.296875 0.07734375 0.08984375
4 0.07734375 0.8640625 0.07734375 0.26953125
3 0.834375 0.24296875 0.0859375 0.05234375
3 0.909375 0.24296875 0.071875 0.0578125
3 0.7234375 0.39453125 0.10625 0.1171875
5 0.6984375 0.21875 0.0703125 0.0734375
3 0.58671875 0.20078125 0.05390625 0.04921875
0 0.3015625 0.35625 0.03203125 0.12265625
3 0.2796875 0.27265625 0.07265625 0.07734375
0 0.321875 0.228125 0.01640625 0.06875
1 0.15859375 0.22734375 0.03671875 0.08125