3 0.25 0.7 0.178125 0.23203125
3 0.1875 0.56640625 0.13515625 0.1875
3 0.3453125 0.415625 0.1015625 0.14765625
3 0.30625 0.30703125 0.090625 0.09140625
3 0.41796875 0.31875 0.0796875 0.09609375
3 0.27265625 0.2703125 0.0546875 0.0578125
1 0.63203125 0.64296875 0.18515625 0.29453125
1 0.61875 0.440625 0.11875 0.11640625
1 0.11328125 0.41953125 0.10703125 0.171875
4 0.0328125 0.50078125 0.0625 0.12109375
4 0.0484375 0.35625 0.02578125 0.13125
0 0.725 0.2296875 0.0203125 0.0421875
3 0.76796875 0.24375 0.06875 0.06015625
0 0.15625 0.26328125 0.02734375 0.07734375
0 0.421875 0.5296875 0.05 0.19140625
0 0.47109375 0.40859375 0.0375 0.13359375
4 0.25234375 0.840625 0.04296875 0.3109375
3 0.06953125 0.29140625 0.0671875 0.08515625
3 0.25390625 0.1953125 0.04921875 0.06875
0 0.11171875 0.1921875 0.0171875 0.05625
1 0.18359375 0.19453125 0.0375 0.06640625
0 0.084375 0.190625 0.01484375 0.05546875
1 0.4609375 0.17890625 0.03203125 0.046875
1 0.503125 0.18984375 0.03671875 0.04296875
5 0.89921875 0.4234375 0.2015625 0.31015625