0 0.34375 0.60078125 0.1125 0.2578125
0 0.6984375 0.3640625 0.06875 0.1671875
3 0.8484375 0.51640625 0.165625 0.190625
3 0.79375 0.671875 0.209375 0.2921875
3 0.56875 0.39609375 0.1296875 0.184375
1 0.87265625 0.20234375 0.075 0.103125
3 0.70234375 0.17109375 0.06875 0.071875
3 0.54765625 0.27109375 0.090625 0.0640625
0 0.81875 0.14140625 0.0234375 0.075
3 0.91875 0.27578125 0.1015625 0.109375
2 0.93203125 0.071875 0.065625 0.0921875
4 0.58046875 0.89296875 0.121875 0.2140625
4 0.96484375 0.87265625 0.0703125 0.2546875
4 0.98515625 0.43671875 0.0296875 0.221875
0 0.90859375 0.3453125 0.046875 0.14375
0 0.51875 0.24453125 0.0625 0.10625
3 0.1390625 0.19140625 0.1015625 0.0625
3 0.04375 0.18046875 0.0875 0.0671875
3 0.02578125 0.2359375 0.0515625 0.0796875
3 0.5796875 0.109375 0.053125 0.053125
0 0.8875 0.1140625 0.025 0.05625
3 0.8625 0.08984375 0.034375 0.0453125
3 0.7890625 0.13046875 0.01875 0.0703125
0 0.48671875 0.121875 0.0203125 0.05625