0 0.2140625 0.3140625 0.04375 0.11875
3 0.2078125 0.6921875 0.225 0.25
1 0.134375 0.2234375 0.059375 0.090625
2 0.590625 0.2484375 0.271875 0.234375
1 0.18125 0.215625 0.053125 0.084375
3 0.934375 0.24609375 0.1078125 0.103125
0 0.4109375 0.35 0.040625 0.1265625
0 0.32421875 0.33828125 0.04375 0.125
2 0.71796875 0.6609375 0.5640625 0.675
0 0.11015625 0.38984375 0.053125 0.128125
0 0.24453125 0.24375 0.046875 0.078125
3 0.16171875 0.55 0.140625 0.165625
3 0.103125 0.3234375 0.084375 0.0875
4 0.02109375 0.5109375 0.0421875 0.1234375
4 0.0515625 0.8921875 0.0765625 0.134375
0 0.35390625 0.31171875 0.0375 0.1140625
3 0.31640625 0.234375 0.065625 0.078125
5 0.209375 0.14765625 0.053125 0.08125
3 0.25625 0.1734375 0.0453125 0.028125
4 0.0609375 0.84453125 0.071875 0.19375
4 0.05625 0.771875 0.04375 0.065625
4 0.02109375 0.390625 0.0421875 0.121875
5 0.7640625 0.44296875 0.015625 0.00625
3 0.82734375 0.22421875 0.0625 0.075
2 0.4 0.125 0.040625 0.06875
5 0.07578125 0.03515625 0.034375 0.0578125
5 0.25078125 0.096875 0.05 0.075
0 0.37109375 0.25234375 0.028125 0.09375
3 0.10390625 0.1390625 0.0296875 0.05625
3 0.1640625 0.15 0.03125 0.046875
3 0.1171875 0.121875 0.0234375 0.05
0 0.06796875 0.16484375 0.015625 0.053125
3 0.07109375 0.1015625 0.021875 0.0296875
3 0.34375 0.13515625 0.0203125 0.03125
4 0.26328125 0.878125 0.065625 0.24375
4 0.44765625 0.871875 0.0921875 0.25625
4 0.76484375 0.21015625 0.01875 0.06875