3 0.76328125 0.7109375 0.19375 0.184375
3 0.89375 0.2671875 0.084375 0.090625
1 0.71171875 0.2828125 0.065625 0.1109375
3 0.809375 0.5984375 0.1734375 0.19375
3 0.79765625 0.26875 0.075 0.0875
4 0.70703125 0.81640625 0.128125 0.225
1 0.41328125 0.515625 0.15625 0.253125
5 0.1109375 0.17265625 0.221875 0.2921875
5 0.1109375 0.2203125 0.221875 0.121875
0 0.89296875 0.1515625 0.028125 0.05625
1 0.86953125 0.18984375 0.040625 0.0640625
0 0.76640625 0.21328125 0.025 0.05
0 0.80625 0.1875 0.03125 0.0625
4 0.959375 0.371875 0.028125 0.140625
5 0.596875 0.2140625 0.14375 0.20625
0 0.640625 0.2921875 0.0265625 0.090625
1 0.653125 0.5578125 0.0828125 0.253125
0 0.6234375 0.43828125 0.04375 0.175
0 0.60078125 0.31328125 0.028125 0.109375
4 0.93359375 0.9125 0.0671875 0.175
4 0.96953125 0.5625 0.059375 0.1109375
4 0.946875 0.33828125 0.01875 0.115625
3 0.746875 0.17578125 0.028125 0.071875