1 0.953125 0.22265625 0.09296875 0.165625
3 0.2265625 0.6515625 0.17578125 0.16640625
3 0.109375 0.25234375 0.075 0.08125
1 0.2734375 0.2671875 0.05859375 0.1
3 0.18515625 0.55078125 0.15625 0.17421875
3 0.19609375 0.25390625 0.06640625 0.07890625
4 0.2765625 0.746875 0.115625 0.20234375
1 0.54140625 0.47578125 0.14140625 0.22890625
5 0.85625 0.16796875 0.284375 0.26328125
5 0.81953125 0.2109375 0.209375 0.11015625
0 0.11015625 0.1484375 0.02421875 0.05
1 0.13125 0.1828125 0.03515625 0.0578125
0 0.2234375 0.20390625 0.021875 0.0453125
0 0.1875 0.18125 0.028125 0.05625
4 0.05 0.346875 0.025 0.12578125
5 0.3765625 0.2046875 0.12890625 0.18515625
0 0.33671875 0.275 0.02421875 0.08125
1 0.32578125 0.5140625 0.07421875 0.22734375
0 0.35234375 0.40625 0.03984375 0.15859375
0 0.37265625 0.29375 0.02578125 0.0984375
4 0.07421875 0.8703125 0.0609375 0.228125
4 0.0390625 0.51875 0.05859375 0.1
4 0.06171875 0.31640625 0.0171875 0.1046875
3 0.24140625 0.1703125 0.02421875 0.065625