3 0.53828125 0.32578125 0.171875 0.16875
2 0.209375 0.125 0.41875 0.25
2 0.83984375 0.31796875 0.13125 0.1828125
3 0.721875 0.47890625 0.0828125 0.09375
1 0.790625 0.94296875 0.071875 0.0625
1 0.62734375 0.7640625 0.165625 0.09375
3 0.53359375 0.08828125 0.1859375 0.1765625
3 0.30625 0.81953125 0.284375 0.24375
1 0.77265625 0.82421875 0.0875 0.0671875
3 0.48984375 0.86328125 0.11875 0.15
3 0.75703125 0.70234375 0.071875 0.078125
5 0.91484375 0.8671875 0.071875 0.08125
3 0.69375 0.9296875 0.0984375 0.090625
0 0.68515625 0.6421875 0.1203125 0.03125
0 0.68359375 0.721875 0.121875 0.0203125
4 0.15625 0.80859375 0.1765625 0.071875
4 0.1359375 0.9796875 0.153125 0.040625
0 0.659375 0.4390625 0.11875 0.0484375
3 0.8 0.80078125 0.0734375 0.08125
0 0.79609375 0.9015625 0.084375 0.01875
5 0.0359375 0.84453125 0.071875 0.3109375
0 0.38671875 0.40625 0.1609375 0.08125
4 0.6046875 0.86328125 0.1140625 0.0296875
0 0.67265625 0.35859375 0.078125 0.040625
4 0.59453125 0.89609375 0.090625 0.0328125
0 0.88359375 0.9328125 0.05 0.0125
0 0.878125 0.93359375 0.0453125 0.0171875
0 0.76328125 0.0625 0.0671875 0.040625
5 0.93046875 0.9453125 0.0875 0.0625
4 0.56171875 0.98984375 0.2125 0.0203125
0 0.51796875 0.45234375 0.171875 0.05
0 0.58203125 0.5234375 0.1859375 0.053125
0 0.7125 0.70390625 0.1140625 0.0234375
0 0.80859375 0.73125 0.0375 0.015625
0 0.83671875 0.7296875 0.0171875 0.0140625
0 0.82265625 0.76015625 0.0671875 0.0140625
0 0.8390625 0.75234375 0.05625 0.0140625
0 0.7828125 0.8765625 0.078125 0.01875
0 0.80234375 0.88828125 0.071875 0.0125
0 0.8546875 0.9015625 0.04375 0.0125
0 0.87421875 0.91875 0.04375 0.0125
4 0.815625 0.98828125 0.065625 0.0140625
4 0.80859375 0.9765625 0.04375 0.009375
4 0.8375 0.965625 0.0375 0.015625
0 0.83828125 0.9453125 0.0265625 0.0125
4 0.68515625 0.97265625 0.040625 0.015625
4 0.71328125 0.9953125 0.0484375 0.009375
4 0.53515625 0.93828125 0.075 0.0296875
4 0.53515625 0.9640625 0.153125 0.0296875
4 0.3125 0.9171875 0.2875 0.065625
4 0.246875 0.98125 0.0703125 0.0375
0 0.72734375 0.80546875 0.115625 0.0234375
2 0.92265625 0.75390625 0.0640625 0.05
2 0.93515625 0.803125 0.06875 0.046875
5 0.9546875 0.85 0.034375 0.028125
5 0.88671875 0.49609375 0.103125 0.0875
3 0.83984375 0.4515625 0.04375 0.034375
3 0.82421875 0.4078125 0.0234375 0.034375
3 0.80625 0.190625 0.0625 0.05625
0 0.79921875 0.15234375 0.04375 0.0234375