5 0.22265625 0.57734375 0.3125 0.2140625
3 0.50703125 0.6765625 0.203125 0.178125
3 0.675 0.265625 0.2328125 0.1875
1 0.38125 0.3125 0.203125 0.1046875
3 0.52421875 0.19609375 0.1625 0.1625
3 0.5 0.89140625 0.234375 0.2171875
1 0.3859375 0.11953125 0.178125 0.1125
3 0.1875 0.73671875 0.0625 0.071875
0 0.5578125 0.559375 0.259375 0.084375
0 0.21875 0.24609375 0.08125 0.034375
1 0.22265625 0.98125 0.109375 0.0375
0 0.6 0.671875 0.225 0.059375
0 0.53203125 0.409375 0.2046875 0.05625
0 0.31875 0.4171875 0.1203125 0.0265625
3 0.33984375 0.37109375 0.1328125 0.090625
4 0.8046875 0.17265625 0.253125 0.0921875
4 0.4953125 0.034375 0.1328125 0.06875
4 0.32421875 0.0453125 0.1296875 0.03125
0 0.22421875 0.28125 0.08125 0.0265625
0 0.18984375 0.1390625 0.0734375 0.015625
0 0.20390625 0.15703125 0.0796875 0.025
0 0.17265625 0.0953125 0.0671875 0.0203125
3 0.24765625 0.06640625 0.09375 0.071875
5 0.115625 0.234375 0.159375 0.1125
3 0.24453125 0.3640625 0.065625 0.078125
3 0.18359375 0.3453125 0.06875 0.06875
3 0.1953125 0.8203125 0.075 0.075
5 0.08828125 0.3734375 0.071875 0.06875
0 0.1296875 0.1234375 0.053125 0.015625
0 0.1328125 0.15703125 0.0484375 0.0171875
0 0.1171875 0.0890625 0.0296875 0.009375
0 0.08984375 0.09921875 0.03125 0.009375
3 0.07421875 0.1140625 0.034375 0.025
0 0.4140625 0.5109375 0.175 0.05625
0 0.31171875 0.50390625 0.078125 0.03125
0 0.23828125 0.99375 0.078125 0.0125