3 0.803125 0.6765625 0.203125 0.284375
1 0.9515625 0.13515625 0.046875 0.05625
3 0.86875 0.521875 0.1578125 0.1875
3 0.9453125 0.22734375 0.0875 0.1
2 0.31015625 0.565625 0.5875 0.73125
0 0.9046875 0.1546875 0.0265625 0.06875
2 0.10546875 0.15 0.2109375 0.228125
3 0.79921875 0.13515625 0.053125 0.0625
0 0.63359375 0.22265625 0.0296875 0.1078125
4 0.99375 0.30625 0.0125 0.121875
0 0.75234375 0.22421875 0.028125 0.0984375
4 0.99140625 0.48359375 0.015625 0.140625
1 0.93828125 0.37265625 0.1046875 0.1796875
3 0.8921875 0.1328125 0.040625 0.0625
5 0.46640625 0.0875 0.14375 0.121875
0 0.71171875 0.2671875 0.03125 0.125
0 0.6953125 0.203125 0.021875 0.078125
3 0.67265625 0.178125 0.04375 0.071875
0 0.7421875 0.18359375 0.01875 0.065625
0 0.86328125 0.10546875 0.01875 0.053125
4 0.90546875 0.234375 0.021875 0.0859375
1 0.6171875 0.865625 0.225 0.26875
4 0.88984375 0.9265625 0.0765625 0.146875
4 0.790625 0.90390625 0.071875 0.1921875
2 0.659375 0.06875 0.053125 0.078125
5 0.9265625 0.0921875 0.0375 0.0703125
3 0.89921875 0.07734375 0.015625 0.034375
0 0.9703125 0.078125 0.0078125 0.0515625