0 0.53125 0.54921875 0.0640625 0.21328125
4 0.06640625 0.36015625 0.0578125 0.134375
4 0.615625 0.5375 0.06484375 0.17421875
4 0.2546875 0.81328125 0.06640625 0.23828125
4 0.06640625 0.36015625 0.0578125 0.134375
4 0.615625 0.5375 0.06484375 0.17421875
4 0.2546875 0.81328125 0.06640625 0.23828125
4 0.0359375 0.475 0.0703125 0.15234375
0 0.33359375 0.29609375 0.0265625 0.0734375
4 0.06640625 0.36015625 0.0578125 0.134375
0 0.615625 0.5375 0.06484375 0.17421875
4 0.2546875 0.81328125 0.06640625 0.23828125
4 0.0328125 0.48671875 0.06484375 0.1765625
4 0.06640625 0.36015625 0.0578125 0.134375
4 0.2546875 0.81328125 0.06640625 0.23828125
0 0.6921875 0.51171875 0.05234375 0.16875
4 0.06640625 0.36015625 0.0578125 0.134375
4 0.2546875 0.81328125 0.06640625 0.23828125
4 0.06640625 0.36015625 0.0578125 0.134375
4 0.2546875 0.81328125 0.06640625 0.23828125
4 0.06640625 0.36015625 0.0578125 0.134375
4 0.2546875 0.81328125 0.06640625 0.23828125
4 0.06640625 0.36015625 0.0578125 0.134375
2 0.30078125 0.2046875 0.065625 0.1265625
3 0.23125 0.6875 0.2078125 0.2828125
3 0.24609375 0.28828125 0.07421875 0.0859375
3 0.1875 0.53671875 0.153125 0.1515625
3 0.30625 0.39140625 0.10546875 0.14140625
2 0.10078125 0.10390625 0.03671875 0.05703125
4 0.06640625 0.36015625 0.0578125 0.134375
3 0.80625 0.2421875 0.07890625 0.0515625
4 0.2546875 0.81328125 0.06640625 0.23828125
1 0.2203125 0.2359375 0.04375 0.06796875
4 0.0703125 0.8890625 0.04140625 0.2203125
0 0.72890625 0.60625 0.04921875 0.228125
0 0.43125 0.396875 0.03828125 0.15390625
2 0.48203125 0.24921875 0.18671875 0.2171875
0 0.67890625 0.2125 0.0203125 0.0328125
2 0.19296875 0.09765625 0.03359375 0.04921875
0 0.15703125 0.2515625 0.025 0.08125
3 0.09296875 0.203125 0.040625 0.06171875
1 0.08828125 0.14765625 0.0234375 0.0390625
3 0.18984375 0.15859375 0.03359375 0.03125
3 0.20078125 0.1921875 0.040625 0.03046875
3 0.15546875 0.165625 0.034375 0.046875
0 0.15078125 0.20546875 0.01171875 0.0328125
0 0.16640625 0.2140625 0.0140625 0.0484375
0 0.13984375 0.1984375 0.0125 0.04765625
0 0.1609375 0.1875 0.0125 0.0265625
0 0.15390625 0.171875 0.01015625 0.02578125
0 0.1328125 0.1921875 0.009375 0.05390625
0 0.1359375 0.178125 0.00703125 0.028125
0 0.13125 0.15859375 0.01015625 0.03828125
0 0.11875 0.1546875 0.00859375 0.03125
3 0.13671875 0.13125 0.01875 0.01875
3 0.12265625 0.12421875 0.02109375 0.01796875
3 0.07421875 0.1234375 0.01953125 0.021875