1 0.23046875 0.31328125 0.06953125 0.11796875
2 0.1828125 0.21171875 0.10859375 0.13984375
3 0.43984375 0.3828125 0.11640625 0.11171875
3 0.121875 0.33984375 0.07421875 0.1078125
3 0.23046875 0.70234375 0.21484375 0.2609375
3 0.1859375 0.53828125 0.1453125 0.14765625
4 0.03984375 0.5109375 0.0609375 0.1109375
0 0.35234375 0.4984375 0.0546875 0.1578125
5 0.4390625 0.14375 0.07578125 0.07578125
4 0.0765625 0.84921875 0.06875 0.1625
0 0.28828125 0.36796875 0.03671875 0.12578125
0 0.390625 0.43828125 0.05 0.14140625
2 0.78125 0.64296875 0.4296875 0.7125
3 0.31640625 0.2078125 0.0453125 0.03828125
3 0.29296875 0.2890625 0.05859375 0.04921875
3 0.384375 0.31953125 0.0625 0.07421875
0 0.3265625 0.39453125 0.03671875 0.1296875
3 0.0796875 0.17265625 0.0421875 0.05390625
3 0.2625 0.1859375 0.040625 0.028125
4 0.0578125 0.34375 0.03671875 0.103125
0 0.31953125 0.24453125 0.02109375 0.05390625
3 0.44921875 0.2921875 0.0578125 0.0640625
0 0.16171875 0.27578125 0.02734375 0.084375
0 0.11484375 0.26328125 0.03046875 0.04140625
0 0.35390625 0.2609375 0.0203125 0.0609375
3 0.38046875 0.2296875 0.03671875 0.08359375
3 0.5234375 0.334375 0.07421875 0.14296875
3 0.58671875 0.3125 0.04609375 0.07109375
3 0.63984375 0.3171875 0.04140625 0.0453125
3 0.50625 0.18671875 0.0390625 0.046875
3 0.5640625 0.19765625 0.0328125 0.0421875
0 0.646875 0.209375 0.0203125 0.02890625