3 0.23828125 0.6875 0.1859375 0.2578125
1 0.103125 0.19453125 0.04296875 0.05
3 0.17890625 0.546875 0.14375 0.1703125
3 0.109375 0.27890625 0.0796875 0.09140625
2 0.6875 0.58671875 0.5359375 0.6640625
0 0.14609375 0.2125 0.02421875 0.06328125
2 0.8890625 0.20859375 0.22109375 0.2078125
3 0.2421875 0.1953125 0.0484375 0.05625
0 0.39296875 0.275 0.0265625 0.0984375
4 0.05234375 0.35078125 0.0359375 0.11015625
0 0.28515625 0.2765625 0.025 0.0890625
4 0.03984375 0.5125 0.06875 0.128125
1 0.115625 0.4109375 0.0953125 0.16328125
3 0.1578125 0.19296875 0.0375 0.05703125
5 0.5453125 0.1515625 0.13125 0.11171875
0 0.321875 0.31484375 0.02734375 0.1125
0 0.33671875 0.25703125 0.01953125 0.0703125
3 0.3578125 0.234375 0.03984375 0.065625
0 0.29453125 0.2390625 0.01640625 0.059375
0 0.18359375 0.16796875 0.01640625 0.0484375
4 0.14609375 0.28515625 0.0203125 0.078125
1 0.40859375 0.86875 0.20625 0.26171875
4 0.159375 0.92265625 0.06953125 0.1484375
4 0.25078125 0.89765625 0.06484375 0.18125
2 0.36953125 0.134375 0.04921875 0.07109375
5 0.1265625 0.15546875 0.0328125 0.0640625
3 0.15078125 0.14296875 0.01484375 0.03203125
0 0.08671875 0.14296875 0.00703125 0.046875