2 0.49765625 0.3734375 0.446875 0.384375
3 0.7265625 0.6140625 0.08125 0.075
3 0.746875 0.72578125 0.096875 0.0765625
3 0.2953125 0.77578125 0.271875 0.221875
3 0.659375 0.89140625 0.10625 0.0734375
0 0.634375 0.68515625 0.11875 0.046875
1 0.621875 0.80703125 0.14375 0.0875
0 0.3703125 0.12421875 0.2625 0.084375
1 0.83671875 0.8328125 0.0703125 0.040625
3 0.4359375 0.0359375 0.24375 0.071875
3 0.79609375 0.79453125 0.065625 0.0515625
1 0.80859375 0.4859375 0.034375 0.046875
3 0.446875 0.825 0.1703125 0.1515625
0 0.6484375 0.6359375 0.11875 0.04375
4 0.140625 0.93984375 0.153125 0.05625
3 0.8140625 0.74375 0.0375 0.053125
4 0.06171875 0.54609375 0.1234375 0.103125
4 0.49140625 0.9703125 0.125 0.059375
0 0.7625 0.8859375 0.0796875 0.01875
3 0.80546875 0.87890625 0.05625 0.046875
5 0.72890625 0.27890625 0.09375 0.1703125
0 0.7453125 0.80546875 0.078125 0.0359375
5 0.7546875 0.059375 0.171875 0.109375
0 0.8140625 0.91953125 0.0765625 0.05
0 0.19296875 0.01953125 0.2296875 0.0390625
4 0.03828125 0.27109375 0.0765625 0.0515625
4 0.5875 0.96171875 0.13125 0.028125
4 0.69453125 0.96484375 0.04375 0.03125
3 0.71796875 0.93125 0.09375 0.05
5 0.84140625 0.78359375 0.0234375 0.046875
5 0.8921875 0.890625 0.0484375 0.0375
3 0.84921875 0.90703125 0.0375 0.009375
3 0.85703125 0.8625 0.046875 0.01875
1 0.84140625 0.8921875 0.01875 0.025
3 0.875 0.93125 0.0390625 0.015625
3 0.8875 0.91953125 0.034375 0.0125
3 0.840625 0.59453125 0.025 0.028125
3 0.8140625 0.55703125 0.034375 0.034375
1 0.840625 0.56640625 0.028125 0.03125
1 0.81328125 0.4453125 0.0390625 0.028125
5 0.79140625 0.37734375 0.0390625 0.078125
3 0.7609375 0.13046875 0.075 0.0640625
3 0.51328125 0.19140625 0.15 0.034375