2 0.81015625 0.32578125 0.121875 0.153125
1 0.59609375 0.9078125 0.1609375 0.1109375
0 0.421875 0.46484375 0.228125 0.071875
0 0.57578125 0.30859375 0.1375 0.078125
3 0.746875 0.6390625 0.071875 0.0734375
3 0.48671875 0.16796875 0.25 0.225
3 0.45234375 0.84453125 0.153125 0.1546875
3 0.715625 0.7078125 0.06875 0.078125
0 0.728125 0.80546875 0.0671875 0.046875
0 0.634375 0.775 0.128125 0.05
4 0.18515625 0.759375 0.225 0.0703125
3 0.77734375 0.8296875 0.0546875 0.0734375
3 0.2796875 0.79453125 0.2859375 0.2203125
0 0.584375 0.6609375 0.146875 0.0640625
0 0.7765625 0.91640625 0.065625 0.0171875
0 0.803125 0.88984375 0.071875 0.01875
0 0.803125 0.88671875 0.0640625 0.025
4 0.50234375 0.98359375 0.146875 0.0328125
1 0.771875 0.753125 0.065625 0.0390625
3 0.79140625 0.7078125 0.034375 0.0484375
4 0.72109375 0.92734375 0.090625 0.028125
0 0.63984375 0.6265625 0.115625 0.0375
4 0.65546875 0.98359375 0.1171875 0.0328125
1 0.82578125 0.85 0.05 0.046875
3 0.72734375 0.04765625 0.08125 0.0953125
5 0.8421875 0.51796875 0.0890625 0.0953125
0 0.80078125 0.78828125 0.0625 0.015625
0 0.675 0.56796875 0.13125 0.0296875
1 0.62265625 0.496875 0.153125 0.1
0 0.8078125 0.934375 0.059375 0.0140625
1 0.83515625 0.903125 0.05625 0.021875
1 0.8671875 0.95625 0.028125 0.025
5 0.90390625 0.91875 0.0875 0.040625
0 0.1921875 0.28984375 0.2875 0.096875