3 0.2296875 0.6953125 0.20390625 0.25078125
5 0.6796875 0.28671875 0.26640625 0.27734375
3 0.1875 0.5453125 0.1546875 0.16640625
1 0.11640625 0.41640625 0.10078125 0.16875
3 0.3859375 0.25703125 0.0703125 0.08359375
4 0.18671875 0.74296875 0.11171875 0.1765625
0 0.98359375 0.2671875 0.0328125 0.071875
3 0.446875 0.3578125 0.10546875 0.13046875
3 0.25078125 0.23359375 0.05 0.0640625
1 0.59453125 0.41484375 0.15859375 0.12265625
2 0.14140625 0.17890625 0.0875 0.15703125
0 0.4125 0.51953125 0.0703125 0.19765625
5 0.2890625 0.1609375 0.09296875 0.13828125
4 0.03515625 0.50859375 0.0640625 0.13046875
0 0.60390625 0.5390625 0.0546875 0.23046875
4 0.0484375 0.34921875 0.01796875 0.121875
4 0.03515625 0.296875 0.01171875 0.05078125
3 0.0671875 0.2765625 0.0640625 0.0828125
3 0.2015625 0.296875 0.0765625 0.09609375
3 0.309375 0.28359375 0.06796875 0.0796875
4 0.3125 0.55625 0.0421875 0.19375
4 0.36875 0.38359375 0.040625 0.134375
0 0.95546875 0.27265625 0.03046875 0.0671875
0 0.92734375 0.27109375 0.028125 0.0734375
0 0.91015625 0.2390625 0.01796875 0.05078125