5 0.80390625 0.5703125 0.246875 0.1578125
3 0.62265625 0.56875 0.15625 0.128125
3 0.2375 0.7453125 0.3046875 0.2109375
3 0.3859375 0.8046875 0.2375 0.175
5 0.85625 0.71484375 0.15625 0.0984375
4 0.153125 0.7109375 0.2875 0.10625
5 0.521875 0.27421875 0.4203125 0.315625
4 0.6296875 0.95234375 0.13125 0.0453125
0 0.565625 0.653125 0.184375 0.059375
1 0.7640625 0.17109375 0.05 0.078125
3 0.65078125 0.446875 0.115625 0.090625
0 0.6359375 0.73984375 0.1625 0.0515625
3 0.71328125 0.69296875 0.1015625 0.0640625
3 0.72578125 0.57578125 0.0546875 0.0890625
4 0.12578125 0.93984375 0.221875 0.1203125
4 0.46875 0.97109375 0.1671875 0.0578125
3 0.690625 0.9421875 0.1203125 0.090625
3 0.846875 0.8328125 0.053125 0.0390625
1 0.8234375 0.90859375 0.065625 0.034375
0 0.7484375 0.79296875 0.08125 0.021875
0 0.73828125 0.75703125 0.0875 0.01875
0 0.8265625 0.8796875 0.0609375 0.0125
0 0.49375 0.1375 0.203125 0.034375
0 0.7765625 0.23671875 0.03125 0.021875