1 0.3234375 0.40546875 0.0875 0.16875
3 0.91875 0.6359375 0.1625 0.26875
3 0.20703125 0.7203125 0.209375 0.271875
3 0.1546875 0.56328125 0.15 0.1734375
3 0.33359375 0.31640625 0.1015625 0.06875
2 0.39765625 0.23515625 0.125 0.171875
4 0.0234375 0.3609375 0.021875 0.128125
3 0.27265625 0.22421875 0.053125 0.0625
2 0.16484375 0.1875 0.071875 0.1125
3 0.54140625 0.4140625 0.121875 0.165625
3 0.62578125 0.359375 0.1 0.109375
0 0.2171875 0.3328125 0.059375 0.16875
0 0.0828125 0.18671875 0.0140625 0.059375
0 0.98671875 0.27734375 0.0265625 0.071875
0 0.51875 0.5828125 0.05625 0.221875
0 0.703125 0.8234375 0.11875 0.353125
0 0.146875 0.2484375 0.0203125 0.0875
3 0.11015625 0.1796875 0.01875 0.059375
0 0.125 0.19921875 0.0125 0.0515625
3 0.096875 0.153125 0.025 0.0390625
5 0.090625 0.0890625 0.04375 0.0734375
5 0.13828125 0.09765625 0.05625 0.078125
4 0.00859375 0.315625 0.0109375 0.046875
4 0.0203125 0.5296875 0.040625 0.109375
4 0.04453125 0.859375 0.05625 0.16875
4 0.2421875 0.83515625 0.04375 0.240625
3 0.03515625 0.2921875 0.0703125 0.09375
3 0.0296875 0.209375 0.0359375 0.053125
5 0.4953125 0.334375 0.1203125 0.1515625
0 0.703125 0.2265625 0.01875 0.0484375