3 0.7 0.809375 0.2875 0.21875
3 0.53828125 0.8765625 0.1890625 0.15
0 0.26171875 0.77421875 0.1140625 0.04375
2 0.54140625 0.32421875 0.584375 0.6109375
5 0.175 0.65390625 0.1609375 0.121875
3 0.30078125 0.9359375 0.0953125 0.065625
2 0.80703125 0.1109375 0.3859375 0.221875
5 0.19140625 0.54765625 0.16875 0.1015625
4 0.85078125 0.5515625 0.2984375 0.075
4 0.865625 0.44921875 0.26875 0.0765625
4 0.70703125 0.4546875 0.15625 0.0671875
4 0.86796875 0.975 0.2640625 0.05
4 0.3796875 0.91875 0.159375 0.0421875
4 0.38359375 0.86796875 0.1265625 0.0390625
4 0.446875 0.98359375 0.190625 0.0328125
0 0.2515625 0.875 0.121875 0.040625
3 0.28984375 0.5953125 0.1296875 0.1125
0 0.228125 0.04765625 0.1 0.040625
3 0.19296875 0.17109375 0.096875 0.08125
0 0.17734375 0.334375 0.0546875 0.025
3 0.153125 0.446875 0.0625 0.06875
5 0.071875 0.71640625 0.096875 0.084375
5 0.03125 0.90234375 0.0625 0.0453125
5 0.13671875 0.8640625 0.13125 0.059375
0 0.16953125 0.90859375 0.08125 0.021875
1 0.12734375 0.98984375 0.0546875 0.0203125
3 0.20078125 0.97890625 0.0625 0.0421875
0 0.13984375 0.95078125 0.0625 0.01875
0 0.13671875 0.9734375 0.0625 0.0171875
0 0.13671875 0.92578125 0.0625 0.015625
0 0.11640625 0.95546875 0.053125 0.015625
0 0.1234375 0.91015625 0.0421875 0.0125
3 0.0890625 0.92578125 0.025 0.03125