3 0.521875 0.478125 0.171875 0.190625
3 0.30234375 0.65703125 0.35 0.30625
3 0.4640625 0.18203125 0.171875 0.159375
3 0.303125 0.22734375 0.275 0.196875
3 0.7859375 0.2203125 0.059375 0.05
3 0.77578125 0.321875 0.071875 0.059375
5 0.82421875 0.715625 0.13125 0.240625
3 0.8421875 0.21796875 0.04375 0.04375
3 0.3421875 0.92421875 0.3 0.1515625
0 0.77578125 0.171875 0.075 0.01875
3 0.8234375 0.51875 0.053125 0.0453125
3 0.6984375 0.078125 0.1015625 0.08125
4 0.65625 0.04375 0.1453125 0.021875
0 0.828125 0.13125 0.053125 0.015625
3 0.671875 0.27578125 0.115625 0.0984375
0 0.82265625 0.1125 0.065625 0.015625
3 0.75 0.39375 0.0875 0.0875
3 0.82890625 0.08984375 0.059375 0.028125
0 0.2046875 0.871875 0.3234375 0.10625
0 0.5625 0.3046875 0.18125 0.05
5 0.7734375 0.97265625 0.1125 0.0546875
4 0.196875 0.071875 0.153125 0.05625
4 0.19765625 0.26640625 0.221875 0.0625
4 0.61015625 0.14609375 0.1125 0.034375
4 0.49921875 0.03359375 0.121875 0.0625
4 0.6390625 0.0625 0.1328125 0.021875
3 0.7390625 0.05234375 0.0609375 0.0671875
3 0.809375 0.053125 0.059375 0.03125
3 0.80625 0.15390625 0.059375 0.0265625
0 0.81640625 0.18671875 0.0671875 0.0125
0 0.81875 0.18671875 0.0546875 0.0140625
0 0.75390625 0.23671875 0.084375 0.0234375
5 0.8796875 0.18515625 0.0859375 0.0625
3 0.8671875 0.11484375 0.0234375 0.025
3 0.87578125 0.1375 0.03125 0.028125
3 0.890625 0.1125 0.025 0.0265625
0 0.884375 0.084375 0.034375 0.009375