3 0.2796875 0.03515625 0.0953125 0.0703125
3 0.29921875 0.11953125 0.0953125 0.08125
3 0.30859375 0.115625 0.103125 0.0875
3 0.56875 0.13203125 0.1671875 0.184375
3 0.75390625 0.18359375 0.290625 0.18125
3 0.6734375 0.75234375 0.2875 0.2625
3 0.45859375 0.7578125 0.1796875 0.196875
3 0.28125 0.30625 0.0828125 0.0375
3 0.27421875 0.171875 0.09375 0.05
5 0.12578125 0.1671875 0.08125 0.071875
5 0.078125 0.19375 0.0671875 0.071875
5 0.17109375 0.49296875 0.071875 0.065625
3 0.19921875 0.596875 0.0421875 0.053125
0 0.31015625 0.47109375 0.09375 0.03125
0 0.39921875 0.5 0.15 0.040625
0 0.39453125 0.26953125 0.146875 0.040625
0 0.3484375 0.34453125 0.13125 0.0328125
0 0.30078125 0.20625 0.090625 0.03125
0 0.18828125 0.13125 0.071875 0.01875
3 0.19921875 0.09296875 0.053125 0.05
0 0.22734375 0.09453125 0.06875 0.021875
4 0.4171875 0.2078125 0.15 0.034375
0 0.11796875 0.053125 0.0625 0.0125
0 0.09765625 0.03515625 0.0375 0.0125
2 0.190625 0.7015625 0.165625 0.1765625
2 0.0640625 0.11015625 0.0640625 0.0375
0 0.2625 0.9671875 0.103125 0.065625