1 0.7578125 0.2859375 0.103125 0.059375
1 0.22578125 0.60078125 0.390625 0.215625
1 0.5953125 0.109375 0.1703125 0.103125
0 0.7734375 0.15390625 0.078125 0.0234375
1 0.828125 0.17890625 0.0609375 0.034375
1 0.8515625 0.47890625 0.034375 0.021875
5 0.8125 0.4015625 0.115625 0.06875
1 0.8796875 0.3875 0.01875 0.021875
1 0.8625 0.08671875 0.05 0.03125
3 0.2 0.953125 0.33125 0.09375
3 0.42421875 0.86640625 0.253125 0.246875
3 0.60859375 0.70546875 0.171875 0.1625
3 0.6890625 0.54921875 0.1515625 0.11875
3 0.7 0.396875 0.121875 0.090625
3 0.72578125 0.446875 0.1 0.0515625
3 0.30078125 0.23203125 0.2578125 0.1875
3 0.45625 0.1703125 0.1953125 0.16875
4 0.66953125 0.00859375 0.1109375 0.0171875
4 0.6875 0.01875 0.1265625 0.015625
4 0.67421875 0.0375 0.1265625 0.0203125
3 0.74296875 0.08984375 0.103125 0.08125
3 0.81640625 0.0921875 0.0421875 0.0515625
3 0.83203125 0.128125 0.059375 0.0375
3 0.83671875 0.04453125 0.0625 0.040625
3 0.77890625 0.2609375 0.0625 0.053125
3 0.8328125 0.26484375 0.040625 0.0390625
3 0.80546875 0.209375 0.0671875 0.04375
2 0.84765625 0.5890625 0.115625 0.11875
2 0.9015625 0.3046875 0.06875 0.05625
5 0.95 0.1515625 0.05 0.0359375
2 0.8734375 0.20546875 0.08125 0.0703125
5 0.8984375 0.1109375 0.05625 0.034375
3 0.7984375 0.75625 0.034375 0.078125
0 0.78125 0.90859375 0.05625 0.03125
4 0.50859375 0.02578125 0.16875 0.05