3 0.65625 0.83046875 0.2 0.20625
3 0.52734375 0.88125 0.1703125 0.1578125
3 0.43125 0.14375 0.171875 0.109375
5 0.19375 0.66640625 0.25 0.1359375
0 0.4234375 0.68828125 0.171875 0.06875
1 0.38671875 0.9515625 0.18125 0.096875
3 0.11015625 0.98359375 0.0453125 0.0328125
1 0.196875 0.103125 0.065625 0.0625
3 0.246875 0.98984375 0.0875 0.0203125
1 0.80625 0.62578125 0.3875 0.221875
1 0.23046875 0.009375 0.10625 0.01875
1 0.1125 0.590625 0.05625 0.1046875
0 0.3109375 0.84921875 0.153125 0.04375
0 0.22421875 0.9109375 0.0859375 0.0375
5 0.190625 0.403125 0.246875 0.271875
4 0.82109375 0.90859375 0.215625 0.1015625
0 0.65703125 0.23828125 0.3078125 0.13125
0 0.16640625 0.934375 0.065625 0.05625
5 0.40703125 0.37265625 0.3109375 0.3625
0 0.52265625 0.490625 0.228125 0.0640625
0 0.63359375 0.53671875 0.253125 0.0671875
0 0.11640625 0.9078125 0.046875 0.0125
0 0.16875 0.84921875 0.075 0.01875
3 0.165625 0.7859375 0.06875 0.0515625
0 0.25 0.815625 0.084375 0.028125
0 0.3578125 0.80078125 0.15 0.0375
0 0.29375 0.784375 0.1203125 0.0328125