3 0.44296875 0.5984375 0.159375 0.171875
1 0.265625 0.0953125 0.1109375 0.071875
3 0.5875 0.1296875 0.184375 0.15625
1 0.434375 0.05546875 0.184375 0.1109375
0 0.4328125 0.365625 0.171875 0.0640625
0 0.34921875 0.46953125 0.125 0.04375
3 0.734375 0.18359375 0.271875 0.203125
1 0.31328125 0.29609375 0.1078125 0.075
5 0.21640625 0.215625 0.08125 0.0625
1 0.378125 0.396875 0.096875 0.046875
3 0.1484375 0.14765625 0.034375 0.046875
1 0.26640625 0.91171875 0.0796875 0.059375
0 0.12421875 0.03671875 0.059375 0.034375
3 0.1796875 0.184375 0.0609375 0.04375
0 0.615625 0.525 0.2375 0.090625
3 0.1890625 0.13671875 0.0515625 0.0453125
0 0.85078125 0.71875 0.2984375 0.1109375
4 0.853125 0.2125 0.2453125 0.071875
0 0.290625 0.2109375 0.1 0.03125
1 0.2 0.06953125 0.059375 0.0390625
3 0.1734375 0.0953125 0.05 0.03125
1 0.18125 0.03359375 0.0671875 0.034375
3 0.13828125 0.06953125 0.0484375 0.03125
5 0.096875 0.0953125 0.103125 0.053125
4 0.3109375 0.0078125 0.0734375 0.015625