1 0.35546875 0.390625 0.08359375 0.16015625
3 0.1171875 0.2390625 0.0828125 0.0671875
3 0.23046875 0.23828125 0.06484375 0.0609375
1 0.31171875 0.28203125 0.06171875 0.096875
3 0.23125 0.6859375 0.2109375 0.25234375
4 0.08203125 0.8640625 0.0921875 0.271875
4 0.2546875 0.88125 0.08203125 0.2375
5 0.2703125 0.1765625 0.0515625 0.08984375
4 0.1296875 0.4109375 0.04453125 0.12421875
2 0.66171875 0.6296875 0.4890625 0.62578125
5 0.165625 0.13671875 0.0453125 0.0625
5 0.95546875 0.203125 0.0890625 0.2390625
3 0.1328125 0.31015625 0.05390625 0.06171875
3 0.18515625 0.54296875 0.14296875 0.15625
4 0.08046875 0.57109375 0.05546875 0.21171875
1 0.98046875 0.6484375 0.0390625 0.24375
3 0.19921875 0.1953125 0.040625 0.0515625
0 0.9453125 0.47421875 0.07421875 0.171875
4 0.05 0.42890625 0.0359375 0.09765625
0 0.11640625 0.16328125 0.028125 0.08046875
0 0.0875 0.1671875 0.02109375 0.06328125
4 0.17890625 0.40859375 0.059375 0.109375
3 0.82578125 0.2328125 0.06640625 0.0640625
0 0.39296875 0.31875 0.0484375 0.15546875