1 0.759375 0.8 0.075 0.0453125
3 0.6109375 0.5 0.1328125 0.128125
1 0.346875 0.5265625 0.309375 0.1625
3 0.30625 0.7625 0.26875 0.2109375
4 0.49140625 0.96328125 0.115625 0.0609375
1 0.71640625 0.6796875 0.084375 0.0625
0 0.77890625 0.75390625 0.05 0.025
1 0.81015625 0.903125 0.0625 0.040625
0 0.08828125 0.39609375 0.1765625 0.103125
3 0.446875 0.815625 0.171875 0.146875
4 0.57734375 0.94296875 0.1328125 0.04375
3 0.65703125 0.87265625 0.09375 0.0765625
0 0.80390625 0.86796875 0.05 0.015625
3 0.721875 0.5390625 0.0625 0.078125
3 0.7546875 0.65 0.0703125 0.059375
2 0.41953125 0.16484375 0.8390625 0.3296875
0 0.1765625 0.38671875 0.1953125 0.09375
5 0.03984375 0.73671875 0.0796875 0.2265625
0 0.05546875 0.1921875 0.1109375 0.06875
3 0.721875 0.91484375 0.0359375 0.04375
3 0.82421875 0.85 0.053125 0.0203125
0 0.8109375 0.79296875 0.025 0.0296875
3 0.8234375 0.7796875 0.05 0.0265625
3 0.86171875 0.8703125 0.03125 0.028125
5 0.896875 0.71796875 0.090625 0.0640625
3 0.79921875 0.43203125 0.0390625 0.040625