0 0.8390625 0.09609375 0.05625 0.015625
3 0.67890625 0.54609375 0.1625 0.109375
3 0.2859375 0.2109375 0.28125 0.203125
1 0.79765625 0.125 0.10625 0.053125
2 0.1171875 0.9625 0.234375 0.075
0 0.71015625 0.2578125 0.103125 0.04375
3 0.45 0.15 0.18125 0.1515625
3 0.6828125 0.08359375 0.10625 0.078125
0 0.88515625 0.075 0.06875 0.034375
0 0.6453125 0.51015625 0.1578125 0.040625
3 0.73125 0.43203125 0.096875 0.09375
0 0.64921875 0.28515625 0.140625 0.0625
5 0.46171875 0.81328125 0.61875 0.3734375
3 0.7859375 0.2421875 0.075 0.0625
1 0.603125 0.15234375 0.1375 0.11875
1 0.82578125 0.95 0.109375 0.1
5 0.8734375 0.83359375 0.253125 0.3296875
3 0.78828125 0.31328125 0.0875 0.078125
0 0.8703125 0.08984375 0.040625 0.021875
4 0.1328125 0.03671875 0.103125 0.059375
4 0.203125 0.03515625 0.09375 0.065625
0 0.82421875 0.21328125 0.0625 0.0265625
5 0.90390625 0.15859375 0.084375 0.075
4 0.465625 0.01953125 0.271875 0.0390625
4 0.56484375 0.0046875 0.165625 0.009375
4 0.61875 0.028125 0.05625 0.0171875
0 0.81953125 0.1703125 0.059375 0.021875
0 0.7640625 0.17421875 0.084375 0.028125
4 0.1359375 0.325 0.171875 0.153125
0 0.83515625 0.07421875 0.071875 0.01875
0 0.8546875 0.04140625 0.065625 0.01875