3 0.5640625 0.2765625 0.084375 0.134375
3 0.78125 0.6328125 0.275 0.278125
3 0.23671875 0.67109375 0.221875 0.271875
3 0.87734375 0.4234375 0.1890625 0.1796875
3 0.1671875 0.1234375 0.04375 0.05625
3 0.184375 0.5109375 0.159375 0.178125
5 0.4328125 0.16875 0.140625 0.1875
1 0.1125 0.3671875 0.11875 0.175
3 0.15859375 0.2078125 0.078125 0.0875
3 0.221875 0.16328125 0.05 0.05625
3 0.25078125 0.1203125 0.0546875 0.053125
3 0.959375 0.584375 0.08125 0.303125
3 0.359375 0.23046875 0.078125 0.08125
4 0.0375 0.290625 0.0359375 0.121875
0 0.24609375 0.26953125 0.04375 0.1078125
3 0.28671875 0.196875 0.059375 0.075
4 0.1875 0.725 0.125 0.203125
0 0.484375 0.33046875 0.1046875 0.16875
0 0.3296875 0.28203125 0.040625 0.1328125
4 0.0296875 0.47578125 0.059375 0.1453125
4 0.35546875 0.5921875 0.046875 0.25
5 0.20390625 0.059375 0.071875 0.09375
2 0.0921875 0.09140625 0.06875 0.13125