3 0.75625 0.5359375 0.221875 0.2015625
3 0.24140625 0.69296875 0.1953125 0.26328125
3 0.1828125 0.54296875 0.1421875 0.16171875
1 0.2140625 0.32578125 0.0625 0.14296875
3 0.11640625 0.2484375 0.0796875 0.06015625
5 0.43671875 0.22578125 0.140625 0.1984375
0 0.13828125 0.37890625 0.0484375 0.11484375
1 0.11171875 0.17734375 0.02421875 0.05546875
0 0.3015625 0.29609375 0.0453125 0.1046875
0 0.16328125 0.2078125 0.03125 0.07265625
4 0.05078125 0.41796875 0.02578125 0.13828125
4 0.0640625 0.32890625 0.034375 0.07578125
3 0.40390625 0.34609375 0.10078125 0.1125
0 0.38984375 0.375 0.0484375 0.1125
0 0.22421875 0.23671875 0.03125 0.0421875
0 0.590625 0.41796875 0.06953125 0.16484375
0 0.1890625 0.18515625 0.01953125 0.05234375
3 0.29609375 0.22109375 0.0578125 0.053125
0 0.18203125 0.18828125 0.0203125 0.06015625
1 0.00625 0.28515625 0.0125 0.08046875
4 0.03828125 0.51015625 0.06953125 0.12421875
3 0.25 0.20546875 0.040625 0.05234375
5 0.778125 0.31484375 0.32890625 0.3453125
0 0.7 0.75078125 0.08984375 0.3328125
0 0.875 0.73203125 0.1140625 0.2890625
4 0.49921875 0.94765625 0.0703125 0.10390625
4 0.07578125 0.8140625 0.08671875 0.16875
3 0.10234375 0.3390625 0.04296875 0.103125
3 0.16796875 0.29453125 0.02890625 0.09375
3 0.18125 0.15078125 0.034375 0.025
1 0.08515625 0.19140625 0.0296875 0.05703125
0 0.13046875 0.17734375 0.01171875 0.0609375
0 0.1375 0.20078125 0.01640625 0.0390625
0 0.0890625 0.14609375 0.009375 0.03125
0 0.10234375 0.1421875 0.01015625 0.02265625
0 0.1171875 0.13515625 0.0109375 0.025
3 0.13828125 0.134375 0.02421875 0.03203125