1 0.23125 0.2609375 0.05234375 0.0828125
3 0.59765625 0.440625 0.1359375 0.13984375
1 0.55703125 0.771875 0.23046875 0.378125
1 0.11015625 0.20703125 0.03828125 0.06328125
3 0.4140625 0.2703125 0.065625 0.08125
1 0.359375 0.309375 0.0703125 0.0921875
0 0.284375 0.2375 0.02578125 0.0609375
4 0.0375 0.5 0.06796875 0.13359375
3 0.2359375 0.69296875 0.21015625 0.265625
3 0.1828125 0.5515625 0.14453125 0.17265625
3 0.2515625 0.18671875 0.03828125 0.03828125
3 0.12734375 0.34140625 0.07421875 0.0921875
4 0.0671875 0.4 0.03515625 0.146875
0 0.15703125 0.21015625 0.01640625 0.0515625
2 0.79921875 0.6765625 0.4015625 0.625
3 0.17265625 0.19375 0.04140625 0.04296875
0 0.52890625 0.3484375 0.04140625 0.0953125
4 0.66875 0.67734375 0.0546875 0.22109375
5 0.68046875 0.18828125 0.21484375 0.1359375
3 0.57265625 0.31484375 0.0421875 0.08828125
3 0.07578125 0.28515625 0.06484375 0.053125
3 0.1484375 0.15078125 0.028125 0.04609375
0 0.07265625 0.159375 0.01171875 0.05234375
5 0.2578125 0.1046875 0.04921875 0.0828125
3 0.50390625 0.1875 0.0375 0.04765625
0 0.83828125 0.93984375 0.07109375 0.11953125