2 0.8640625 0.809375 0.27109375 0.38125
1 0.7234375 0.515625 0.18359375 0.1859375
0 0.8546875 0.56484375 0.08671875 0.10703125
3 0.1828125 0.54296875 0.14375 0.1640625
3 0.23515625 0.69296875 0.1890625 0.25078125
1 0.92890625 0.2671875 0.065625 0.0640625
1 0.20625 0.159375 0.03984375 0.071875
3 0.5671875 0.38984375 0.125 0.1453125
3 0.821875 0.228125 0.06171875 0.0640625
3 0.30546875 0.2203125 0.05390625 0.05625
0 0.19609375 0.23515625 0.03125 0.06875
1 0.47109375 0.72265625 0.171875 0.3453125
4 0.328125 0.79921875 0.0640625 0.359375
0 0.5015625 0.52109375 0.0484375 0.05703125
1 0.38359375 0.39296875 0.1015625 0.16640625
1 0.284375 0.28125 0.0515625 0.09453125
1 0.34453125 0.321875 0.08984375 0.12890625
3 0.390625 0.25390625 0.0359375 0.0828125
3 0.13203125 0.33671875 0.08515625 0.1078125
1 0.35 0.23984375 0.04296875 0.053125
0 0.1390625 0.38984375 0.0453125 0.13125
4 0.03671875 0.52109375 0.05390625 0.11640625
4 0.04609375 0.39765625 0.03046875 0.12421875
4 0.05390625 0.31484375 0.03671875 0.07421875
3 0.06953125 0.22578125 0.03515625 0.07265625
3 0.08203125 0.88984375 0.06640625 0.2046875
3 0.0765625 0.759375 0.0421875 0.0765625
3 0.9234375 0.24140625 0.09921875 0.07421875
5 0.390625 0.12109375 0.08203125 0.103125
0 0.753125 0.375 0.03671875 0.07578125
3 0.13671875 0.24140625 0.05 0.0734375