3 0.71875 0.128125 0.3078125 0.25625
1 0.32734375 0.5234375 0.146875 0.109375
0 0.31328125 0.68828125 0.1109375 0.04375
3 0.55703125 0.84140625 0.171875 0.14375
1 0.30078125 0.7765625 0.128125 0.0640625
3 0.70078125 0.79609375 0.26875 0.1875
0 0.44609375 0.3484375 0.171875 0.071875
1 0.25 0.12421875 0.053125 0.1171875
0 0.4921875 0.41875 0.184375 0.06875
1 0.41171875 0.91484375 0.16875 0.1046875
4 0.5125 0.9796875 0.13125 0.040625
1 0.24609375 0.84921875 0.1 0.059375
1 0.1875 0.40234375 0.0484375 0.0890625
1 0.265625 0.01796875 0.08125 0.034375
0 0.20390625 0.9515625 0.05625 0.0203125
3 0.27265625 0.9671875 0.078125 0.065625
3 0.24140625 0.89453125 0.078125 0.040625
3 0.25546875 0.5796875 0.0765625 0.0625
3 0.1546875 0.8609375 0.046875 0.0375
0 0.71953125 0.328125 0.2875 0.103125
0 0.290625 0.6078125 0.1015625 0.0375
0 0.11640625 0.8046875 0.05625 0.04375
0 0.1015625 0.93046875 0.046875 0.053125
4 0.34765625 0.98515625 0.1375 0.0234375
0 0.7015625 0.48046875 0.28125 0.0828125
0 0.484375 0.521875 0.2 0.040625
0 0.1625 0.8984375 0.0546875 0.015625
3 0.1828125 0.925 0.05625 0.040625
1 0.2046875 0.77890625 0.040625 0.0578125
3 0.17265625 0.80390625 0.040625 0.05
4 0.290625 0.996875 0.0609375 0.00625
4 0.8046875 0.76640625 0.24375 0.05