3 0.2890625 0.6640625 0.265625 0.2796875
3 0.75625 0.69453125 0.2015625 0.265625
0 0.1796875 0.48984375 0.06875 0.1375
1 0.41484375 0.4734375 0.11875 0.215625
3 0.5296875 0.34375 0.1015625 0.128125
3 0.81796875 0.5484375 0.1421875 0.1734375
0 0.7375 0.20546875 0.021875 0.05625
1 0.8859375 0.184375 0.0375 0.0375
1 0.79140625 0.23828125 0.046875 0.084375
3 0.6 0.45625 0.128125 0.1609375
0 0.6421875 0.32578125 0.0453125 0.10625
0 0.0796875 0.67421875 0.10625 0.1578125
5 0.4890625 0.25234375 0.1625 0.271875
3 0.85703125 0.23203125 0.0546875 0.06875
3 0.9046875 0.171875 0.040625 0.05
3 0.70703125 0.24765625 0.053125 0.0625
3 0.6515625 0.29140625 0.08125 0.115625
3 0.671875 0.22109375 0.046875 0.0453125
1 0.84765625 0.159375 0.05 0.0671875
4 0.86640625 0.3828125 0.05625 0.184375
3 0.7078125 0.2328125 0.053125 0.03125
3 0.74375 0.29296875 0.08125 0.090625
1 0.88203125 0.20078125 0.0453125 0.0640625
3 0.62109375 0.25546875 0.06875 0.071875
3 0.78046875 0.16953125 0.0359375 0.04375
0 0.07578125 0.5859375 0.1078125 0.178125
2 0.01171875 0.2640625 0.0234375 0.1296875
4 0.96015625 0.50703125 0.06875 0.128125
4 0.92109375 0.83671875 0.065625 0.15
4 0.94375 0.4140625 0.0328125 0.19375
3 0.875 0.3421875 0.090625 0.11875
0 0.83828125 0.27421875 0.021875 0.09375