5 0.8484375 0.74765625 0.190625 0.2203125
1 0.79921875 0.23515625 0.0890625 0.053125
3 0.66484375 0.109375 0.09375 0.090625
0 0.7265625 0.353125 0.090625 0.0484375
0 0.39296875 0.9609375 0.25 0.078125
0 0.721875 0.30625 0.096875 0.05
3 0.26953125 0.2390625 0.303125 0.225
4 0.465625 0.3296875 0.184375 0.053125
2 0.85859375 0.13828125 0.13125 0.096875
0 0.6859375 0.55234375 0.140625 0.04375
4 0.48359375 0.021875 0.1203125 0.04375
3 0.446875 0.17109375 0.175 0.171875
3 0.7578125 0.94375 0.090625 0.1125
5 0.91171875 0.36484375 0.11875 0.115625
2 0.9046875 0.0765625 0.1 0.053125
2 0.8703125 0.5390625 0.071875 0.090625
4 0.640625 0.0390625 0.1375 0.03125
4 0.76953125 0.15703125 0.0828125 0.028125
4 0.80625 0.05546875 0.075 0.025
1 0.85234375 0.46484375 0.05 0.040625