3 0.86875 0.67578125 0.26015625 0.28046875
3 0.23125 0.6921875 0.1953125 0.25
3 0.76875 0.5203125 0.203125 0.17890625
2 0.18984375 0.14609375 0.0953125 0.06328125
3 0.18125 0.540625 0.15 0.1546875
2 0.20859375 0.24375 0.14375 0.20546875
2 0.3859375 0.32578125 0.24296875 0.4171875
4 0.05546875 0.48203125 0.0515625 0.184375
3 0.128125 0.3375 0.07578125 0.0921875
5 0.83125 0.33984375 0.3375 0.2828125
1 0.54140625 0.8 0.1765625 0.4
3 0.57578125 0.38125 0.09296875 0.128125
3 0.53984375 0.2828125 0.0671875 0.09453125
4 0.23203125 0.871875 0.0703125 0.25625
4 0.0671875 0.8515625 0.07734375 0.25625
4 0.16328125 0.4265625 0.04453125 0.0734375
0 0.6375 0.5234375 0.05546875 0.20234375
0 0.57265625 0.4765625 0.05078125 0.16640625
0 0.103125 0.2 0.021875 0.06875
0 0.1359375 0.23203125 0.01796875 0.0734375
3 0.65234375 0.21171875 0.08046875 0.040625
4 0.1140625 0.46953125 0.03828125 0.09609375
2 0.2265625 0.0984375 0.04609375 0.05546875
3 0.10234375 0.12578125 0.02734375 0.04921875