3 0.7109375 0.23046875 0.265625 0.190625
3 0.31484375 0.1703125 0.1078125 0.0875
3 0.5015625 0.56875 0.190625 0.171875
2 0.2234375 0.828125 0.1359375 0.2125
0 0.3796875 0.71640625 0.14375 0.04375
1 0.41171875 0.103125 0.15625 0.10625
3 0.38828125 0.6296875 0.1359375 0.1328125
3 0.5671875 0.17265625 0.175 0.15625
1 0.19609375 0.18203125 0.0578125 0.040625
0 0.31953125 0.353125 0.115625 0.028125
0 0.34296875 0.44453125 0.1203125 0.028125
4 0.3671875 0.01171875 0.109375 0.0234375
4 0.5125 0.028125 0.1609375 0.05625
0 0.2953125 0.22578125 0.09375 0.025
0 0.2671875 0.4453125 0.06875 0.0234375
4 0.36171875 0.040625 0.140625 0.0234375
4 0.4140625 0.2890625 0.15 0.0328125
1 0.28046875 0.35234375 0.1046875 0.053125
0 0.2625 0.42578125 0.071875 0.01875
3 0.26171875 0.30546875 0.06875 0.0359375
1 0.30703125 0.2796875 0.096875 0.05625
0 0.31796875 0.28046875 0.0578125 0.021875
3 0.26171875 0.1859375 0.084375 0.05
0 0.2296875 0.225 0.046875 0.01875
3 0.190625 0.12578125 0.053125 0.0375
0 0.16640625 0.14140625 0.028125 0.009375
0 0.2171875 0.1171875 0.0625 0.0140625
5 0.13125 0.18359375 0.0859375 0.0625
5 0.103125 0.253125 0.071875 0.053125
2 0.07734375 0.171875 0.0359375 0.0375
0 0.125 0.09453125 0.040625 0.0109375
0 0.10625 0.07890625 0.025 0.0078125
3 0.10546875 0.0625 0.028125 0.015625
3 0.27890625 0.08671875 0.0984375 0.06875
3 0.21171875 0.35234375 0.03125 0.046875
5 0.20859375 0.2734375 0.10625 0.0671875
5 0.1890625 0.58515625 0.05 0.05625
0 0.27421875 0.9921875 0.0640625 0.015625
1 0.8796875 0.4078125 0.240625 0.221875