0 0.57421875 0.8234375 0.2140625 0.353125
4 0.2546875 0.81015625 0.121875 0.29375
4 0.05078125 0.83828125 0.1015625 0.2171875
4 0.01875 0.5078125 0.0375 0.171875
3 0.2265625 0.7140625 0.23125 0.3125
4 0.29375 0.54921875 0.0625 0.1875
4 0.1625 0.58125 0.1828125 0.2625
4 0.03125 0.3640625 0.0484375 0.1625
3 0.58125 0.41171875 0.1390625 0.178125
3 0.86015625 0.76484375 0.2796875 0.4703125
3 0.921875 0.49921875 0.15625 0.246875
3 0.4375 0.30546875 0.103125 0.159375
3 0.59375 0.321875 0.096875 0.1125
3 0.15078125 0.3828125 0.1125 0.14375
0 0.3234375 0.3015625 0.046875 0.125
0 0.28984375 0.25 0.0296875 0.0890625
1 0.221875 0.29375 0.06875 0.1734375
3 0.03984375 0.28828125 0.0796875 0.140625
1 0.1859375 0.23125 0.0640625 0.1
3 0.24296875 0.19921875 0.053125 0.0921875
0 0.06328125 0.159375 0.025 0.0671875
1 0.09609375 0.16328125 0.0390625 0.084375
1 0.13515625 0.16796875 0.04375 0.06875
3 0.184375 0.15625 0.0359375 0.05625
3 0.21953125 0.1578125 0.046875 0.059375
1 0.2125 0.16953125 0.05625 0.06875
3 0.02890625 0.19609375 0.053125 0.065625
0 0.04453125 0.14140625 0.0203125 0.05625
0 0.06484375 0.1046875 0.01875 0.04375
3 0.09453125 0.10234375 0.034375 0.0453125
3 0.834375 0.2296875 0.103125 0.06875
5 0.44296875 0.1234375 0.0796875 0.08125
0 0.6046875 0.1765625 0.040625 0.0484375
3 0.50859375 0.1640625 0.0625 0.053125
0 0.5171875 0.16875 0.028125 0.040625
5 0.1875 0.06640625 0.04375 0.0671875
1 0.25 0.10546875 0.021875 0.0375
0 0.26875 0.10859375 0.0171875 0.053125
3 0.35078125 0.12578125 0.025 0.028125
5 0.1140625 0.04765625 0.0375 0.0609375
3 0.1484375 0.07265625 0.028125 0.0375