3 0.6046875 0.290625 0.1640625 0.14375
2 0.759375 0.63515625 0.2625 0.25625
0 0.59453125 0.68828125 0.153125 0.06875
3 0.575 0.89296875 0.175 0.2125
3 0.49921875 0.175 0.1484375 0.1609375
3 0.31875 0.2125 0.2953125 0.2234375
0 0.621875 0.5546875 0.13125 0.05625
3 0.7734375 0.265625 0.103125 0.0828125
4 0.52890625 0.0234375 0.125 0.046875
0 0.459375 0.953125 0.225 0.0890625
4 0.2140625 0.2546875 0.240625 0.0703125
4 0.16875 0.04453125 0.1828125 0.0703125
4 0.68984375 0.04453125 0.15625 0.053125
3 0.7578125 0.16015625 0.1046875 0.0703125
3 0.7296875 0.4328125 0.1234375 0.1109375
4 0.71328125 0.12421875 0.121875 0.028125
0 0.840625 0.178125 0.0734375 0.0265625
0 0.85703125 0.23359375 0.0515625 0.0265625
0 0.83671875 0.06796875 0.0578125 0.0265625
0 0.8875 0.121875 0.053125 0.021875
0 0.778125 0.97578125 0.084375 0.034375
3 0.88203125 0.465625 0.046875 0.040625
1 0.90859375 0.39765625 0.0421875 0.021875
5 0.965625 0.1765625 0.06875 0.053125
3 0.89609375 0.0734375 0.05625 0.034375
3 0.93359375 0.11796875 0.0375 0.034375
3 0.87890625 0.16328125 0.053125 0.0421875
3 0.7328125 0.0828125 0.1078125 0.05