0 0.8015625 0.3265625 0.034375 0.1
3 0.82578125 0.53515625 0.1453125 0.159375
3 0.7625 0.68828125 0.209375 0.2625
0 0.70234375 0.26640625 0.0296875 0.0828125
0 0.33515625 0.43046875 0.06875 0.165625
3 0.63828125 0.45859375 0.15 0.190625
3 0.45859375 0.45546875 0.153125 0.159375
3 0.64375 0.32890625 0.096875 0.0625
5 0.19453125 0.453125 0.225 0.340625
3 0.0546875 0.79453125 0.109375 0.31875
3 0.72109375 0.22578125 0.053125 0.05625
0 0.75 0.3578125 0.04375 0.125
0 0.3875 0.6453125 0.06875 0.2546875
3 0.54453125 0.328125 0.084375 0.096875
3 0.36328125 0.3515625 0.121875 0.109375
0 0.48125 0.33046875 0.0328125 0.0734375
1 0.6359375 0.23046875 0.0453125 0.0484375
3 0.6 0.2359375 0.0328125 0.071875
3 0.65 0.26640625 0.0609375 0.0625
3 0.525 0.2546875 0.0625 0.0625
3 0.7828125 0.26640625 0.071875 0.0734375
2 0.81875 0.15078125 0.1 0.146875
4 0.88671875 0.37890625 0.0265625 0.146875
3 0.87734375 0.325 0.065625 0.128125
0 0.89375 0.21796875 0.0234375 0.0703125
4 0.959375 0.39921875 0.0375 0.1625
2 0.66171875 0.1203125 0.059375 0.071875
1 0.3546875 0.19140625 0.04375 0.0453125
1 0.92265625 0.1765625 0.034375 0.059375
3 0.97265625 0.51171875 0.0546875 0.109375
0 0.91171875 0.1859375 0.0171875 0.0609375
3 0.07421875 0.440625 0.04375 0.134375