3 0.3578125 0.653125 0.1375 0.134375
5 0.26640625 0.38203125 0.121875 0.071875
3 0.33671875 0.44375 0.128125 0.090625
3 0.5671875 0.18359375 0.18125 0.15
1 0.5234375 0.39609375 0.234375 0.1390625
0 0.2328125 0.31953125 0.071875 0.03125
3 0.48359375 0.7546875 0.18125 0.2
3 0.70390625 0.2390625 0.26875 0.196875
4 0.3890625 0.12734375 0.15625 0.06875
5 0.215625 0.1984375 0.121875 0.0765625
3 0.2234375 0.69375 0.0578125 0.059375
4 0.34609375 0.0515625 0.11875 0.05
0 0.3796875 0.2375 0.16875 0.0359375
0 0.33828125 0.2671875 0.1125 0.021875
3 0.29375 0.28203125 0.0875 0.06875
0 0.35859375 0.37265625 0.0984375 0.0375
5 0.27109375 0.5015625 0.13125 0.09375
4 0.52109375 0.03671875 0.1 0.0625
4 0.83203125 0.0671875 0.1421875 0.06875
4 0.934375 0.4546875 0.13125 0.05625
2 0.13828125 0.13203125 0.08125 0.059375
0 0.19296875 0.0953125 0.05625 0.0140625
0 0.2 0.121875 0.053125 0.0171875
0 0.19140625 0.13984375 0.0609375 0.0125
0 0.2609375 0.3328125 0.090625 0.015625
3 0.2390625 0.78828125 0.065625 0.06875