4 0.18125 0.7921875 0.1171875 0.278125
4 0.0171875 0.5140625 0.034375 0.20625
4 0.03046875 0.35390625 0.028125 0.15
4 0.01015625 0.30859375 0.0203125 0.065625
0 0.3046875 0.3609375 0.0578125 0.1578125
0 0.71484375 0.66484375 0.109375 0.2875
1 0.46640625 0.41171875 0.090625 0.1984375
0 0.52734375 0.3921875 0.040625 0.15625
0 0.55625 0.36796875 0.0234375 0.1375
2 0.215625 0.2703125 0.1296875 0.23125
3 0.9203125 0.7296875 0.159375 0.421875
3 0.77734375 0.20625 0.08125 0.08125
3 0.9890625 0.23671875 0.021875 0.109375
3 0.3765625 0.2609375 0.06875 0.10625
3 0.43046875 0.34140625 0.0953125 0.11875
3 0.50859375 0.30546875 0.0828125 0.11875
0 0.29296875 0.253125 0.034375 0.084375
0 0.0984375 0.2203125 0.0359375 0.084375
0 0.07265625 0.16640625 0.0171875 0.0515625
0 0.090625 0.15234375 0.0171875 0.0625
0 0.1078125 0.14765625 0.03125 0.071875
0 0.140625 0.15078125 0.025 0.059375
1 0.08984375 0.43671875 0.0984375 0.209375
3 0.15546875 0.5703125 0.159375 0.2125
3 0.21484375 0.703125 0.196875 0.31875
5 0.18125 0.12109375 0.071875 0.09375
5 0.6171875 0.12578125 0.228125 0.221875
1 0.48671875 0.16640625 0.03125 0.0546875
3 0.4453125 0.159375 0.0453125 0.03125
1 0.403125 0.14375 0.025 0.0390625