1 0.41171875 0.3953125 0.084375 0.153125
3 0.1828125 0.5375 0.15 0.171875
3 0.125 0.3296875 0.084375 0.10625
3 0.23828125 0.6984375 0.209375 0.28125
4 0.03359375 0.50625 0.065625 0.1234375
2 0.7390625 0.63984375 0.521875 0.71875
0 0.1859375 0.37421875 0.0484375 0.1171875
0 0.284375 0.24921875 0.03125 0.084375
4 0.08515625 0.84765625 0.04375 0.1125
0 0.33046875 0.234375 0.028125 0.084375
3 0.1671875 0.20078125 0.0421875 0.071875
1 0.24921875 0.21640625 0.0375 0.078125
3 0.10390625 0.19140625 0.04375 0.0640625
3 0.19921875 0.17734375 0.0375 0.059375
1 0.5171875 0.17109375 0.0375 0.0421875
4 0.06484375 0.371875 0.0234375 0.090625
4 0.0296875 0.26640625 0.009375 0.021875
4 0.07265625 0.27578125 0.0203125 0.05