3 0.77265625 0.69296875 0.2 0.2734375
3 0.83046875 0.5453125 0.15 0.175
1 0.55625 0.33828125 0.08125 0.146875
1 0.0859375 0.25703125 0.0953125 0.0765625
0 0.58203125 0.9109375 0.1125 0.178125
3 0.8875 0.33515625 0.08125 0.103125
4 0.96875 0.50390625 0.0625 0.1359375
0 0.4859375 0.3375 0.0296875 0.128125
0 0.690625 0.40390625 0.046875 0.15625
5 0.66484375 0.21640625 0.071875 0.0953125
2 0.771875 0.215625 0.11875 0.215625
4 0.809375 0.41015625 0.0421875 0.1078125
4 0.9515625 0.34921875 0.0421875 0.1546875
4 0.93671875 0.20234375 0.015625 0.059375
0 0.85390625 0.22890625 0.021875 0.08125
0 0.88828125 0.15 0.0140625 0.04375
0 0.91328125 0.140625 0.0125 0.0484375
0 0.9328125 0.11015625 0.009375 0.03125
2 0.8390625 0.15625 0.065625 0.140625
5 0.77421875 0.078125 0.059375 0.0765625
5 0.60546875 0.1125 0.084375 0.115625
0 0.27421875 0.21796875 0.015625 0.046875
0 0.246875 0.21953125 0.021875 0.0328125
0 0.4171875 0.19140625 0.015625 0.05