3 0.41953125 0.65625 0.2265625 0.221875
1 0.60078125 0.271875 0.159375 0.084375
3 0.5578125 0.53046875 0.13125 0.140625
3 0.453125 0.17421875 0.1609375 0.15625
3 0.3 0.23359375 0.26875 0.2
3 0.5953125 0.66328125 0.125 0.15625
1 0.61015625 0.37421875 0.1578125 0.0796875
0 0.81796875 0.1171875 0.0765625 0.0234375
3 0.52109375 0.82421875 0.2515625 0.221875
2 0.75390625 0.22421875 0.1859375 0.15
4 0.05546875 0.421875 0.109375 0.0875
0 0.65 0.19453125 0.1109375 0.04375
3 0.7140625 0.4765625 0.09375 0.084375
0 0.66875 0.51953125 0.084375 0.034375
1 0.74609375 0.92734375 0.103125 0.103125
0 0.40546875 0.51328125 0.253125 0.071875
0 0.85859375 0.10234375 0.0375 0.0125
3 0.85703125 0.15078125 0.0375 0.0328125
0 0.68046875 0.32421875 0.096875 0.034375
0 0.3109375 0.66796875 0.24375 0.0734375
0 0.3640625 0.92890625 0.2640625 0.0953125
3 0.6796875 0.61328125 0.11875 0.134375
3 0.69453125 0.39375 0.103125 0.0859375
0 0.68984375 0.40546875 0.0625 0.0359375
4 0.15 0.06484375 0.15625 0.071875
4 0.50546875 0.03203125 0.178125 0.0625
4 0.58046875 0.1203125 0.165625 0.04375
4 0.58828125 0.03203125 0.1984375 0.046875
3 0.6578125 0.11171875 0.1234375 0.090625
3 0.79296875 0.0703125 0.078125 0.0546875
0 0.77578125 0.15078125 0.078125 0.015625
0 0.65703125 0.46796875 0.134375 0.0359375
0 0.52890625 0.4421875 0.178125 0.053125
1 0.7796875 0.71796875 0.046875 0.053125
1 0.815625 0.51328125 0.05 0.0421875
0 0.09296875 0.89453125 0.184375 0.153125