2 0.18671875 0.66875 0.115625 0.15
3 0.68046875 0.2046875 0.225 0.1828125
3 0.55859375 0.1578125 0.16875 0.146875
3 0.3296875 0.55546875 0.1375 0.103125
4 0.34140625 0.01640625 0.121875 0.025
1 0.37890625 0.42421875 0.171875 0.09375
1 0.40625 0.0875 0.165625 0.10625
5 0.13828125 0.2328125 0.146875 0.10625
1 0.140625 0.08203125 0.0546875 0.0328125
0 0.56875 0.534375 0.2375 0.0625
0 0.20234375 0.15546875 0.0703125 0.0171875
4 0.79921875 0.2359375 0.2796875 0.0625
2 0.2203125 0.3515625 0.190625 0.11875
3 0.4484375 0.675 0.178125 0.1640625
4 0.85546875 0.0203125 0.2890625 0.040625
0 0.24609375 0.94140625 0.053125 0.034375
3 0.3 0.271875 0.1 0.0875
0 0.34296875 0.2375 0.1203125 0.040625
0 0.2296875 0.09609375 0.0859375 0.021875
5 0.25546875 0.35 0.1328125 0.09375
0 0.23046875 0.2421875 0.065625 0.0171875
3 0.2765625 0.0359375 0.08125 0.071875
4 0.51640625 0.015625 0.1265625 0.03125
4 0.296875 0.040625 0.0640625 0.015625
0 0.18359375 0.11328125 0.059375 0.0140625
0 0.1609375 0.09453125 0.0390625 0.0140625
3 0.165625 0.1375 0.059375 0.0265625
1 0.15546875 0.04453125 0.0625 0.028125
3 0.23046875 0.8125 0.0578125 0.071875