1 0.65546875 0.40625 0.1109375 0.18125
5 0.071875 0.23359375 0.14375 0.146875
1 0.89453125 0.421875 0.10625 0.16875
1 0.4578125 0.58203125 0.1265625 0.240625
0 0.77265625 0.3390625 0.0375 0.128125
3 0.82265625 0.55859375 0.15625 0.1609375
3 0.45 0.3296875 0.109375 0.09375
5 0.53125 0.240625 0.09375 0.15
3 0.39609375 0.45078125 0.1328125 0.16875
4 0.7390625 0.83203125 0.065625 0.24375
3 0.77421875 0.7328125 0.2171875 0.290625
1 0.63125 0.2859375 0.065625 0.075
4 0.9734375 0.52578125 0.053125 0.1171875
0 0.90625 0.20625 0.028125 0.0703125
3 0.821875 0.2 0.05625 0.046875
1 0.878125 0.15 0.0359375 0.0625
0 0.0875 0.87734375 0.13125 0.24375
3 0.79921875 0.29375 0.065625 0.1
3 0.70078125 0.2765625 0.071875 0.0859375
1 0.184375 0.578125 0.209375 0.315625
4 0.96875 0.35625 0.0265625 0.1421875
5 0.7171875 0.10390625 0.046875 0.06875
3 0.578125 0.1484375 0.0375 0.0390625
3 0.77265625 0.22734375 0.0546875 0.06875
3 0.83046875 0.1421875 0.0359375 0.05625
3 0.94921875 0.278125 0.0703125 0.0890625
0 0.171875 0.2328125 0.025 0.05625