3 0.23828125 0.6875 0.18359375 0.2546875
1 0.17109375 0.1828125 0.04140625 0.0484375
3 0.4578125 0.4203125 0.134375 0.153125
3 0.178125 0.3171875 0.08125 0.0984375
0 0.3296875 0.290625 0.03515625 0.08984375
0 0.37265625 0.246875 0.02421875 0.05859375
3 0.10078125 0.28046875 0.0703125 0.0859375
3 0.1859375 0.54296875 0.14921875 0.16015625
3 0.53203125 0.340625 0.09609375 0.1078125
0 0.2671875 0.3171875 0.03515625 0.0890625
3 0.17734375 0.23515625 0.053125 0.0484375
1 0.12109375 0.40546875 0.103125 0.146875
0 0.38828125 0.31015625 0.04453125 0.0953125
2 0.89921875 0.40703125 0.2015625 0.30234375
1 0.31953125 0.25390625 0.05 0.0875
4 0.0265625 0.3609375 0.053125 0.12734375
4 0.03984375 0.50546875 0.06875 0.15859375
3 0.278125 0.23125 0.04296875 0.0421875
0 0.3921875 0.2453125 0.025 0.0453125
0 0.11015625 0.20703125 0.021875 0.0421875
1 0.790625 0.54140625 0.1453125 0.22890625
0 0.2046875 0.26171875 0.02265625 0.05859375
1 0.2578125 0.28515625 0.04609375 0.096875
3 0.121875 0.17734375 0.04296875 0.04921875
5 0.17265625 0.12890625 0.05546875 0.059375
4 0.325 0.4109375 0.04765625 0.15390625
5 0.253125 0.18828125 0.0578125 0.053125
3 0.30625 0.20078125 0.03515625 0.03359375
2 0.91953125 0.21640625 0.1609375 0.109375
1 0.40625 0.86171875 0.21875 0.27578125
5 0.284375 0.1109375 0.0609375 0.0734375
2 0.190625 0.08359375 0.0296875 0.02421875
3 0.06796875 0.21953125 0.02421875 0.0453125