3 0.4609375 0.3078125 0.08515625 0.103125
1 0.15 0.2765625 0.06875 0.10390625
3 0.27734375 0.21953125 0.0828125 0.07109375
0 0.2953125 0.29765625 0.0359375 0.08984375
1 0.215625 0.240625 0.0453125 0.06796875
3 0.1203125 0.184375 0.0453125 0.05
3 0.18359375 0.54765625 0.15390625 0.1609375
4 0.040625 0.5140625 0.059375 0.10703125
0 0.365625 0.41640625 0.071875 0.15
3 0.23046875 0.6984375 0.21796875 0.27109375
3 0.13828125 0.15078125 0.04296875 0.0359375
0 0.17890625 0.190625 0.02265625 0.04609375
4 0.2578125 0.79375 0.06484375 0.2171875
0 0.26484375 0.3609375 0.05 0.1234375
4 0.0515625 0.34609375 0.02890625 0.10859375
3 0.971875 0.83828125 0.05625 0.27578125
1 0.72421875 0.2296875 0.05703125 0.05234375
5 0.9625 0.24296875 0.07421875 0.16953125
3 0.0703125 0.29375 0.07734375 0.09375
2 0.5890625 0.17890625 0.09453125 0.0953125
0 0.796875 0.2453125 0.02734375 0.0515625
0 0.8984375 0.24921875 0.0359375 0.05
3 0.4921875 0.18359375 0.05 0.046875
5 0.4171875 0.14921875 0.06484375 0.08984375