3 0.4625 0.20546875 0.1671875 0.1890625
3 0.71171875 0.2015625 0.2875 0.2328125
1 0.2140625 0.0890625 0.08125 0.0515625
5 0.35234375 0.515625 0.259375 0.159375
5 0.36171875 0.86484375 0.4890625 0.2703125
0 0.29296875 0.340625 0.096875 0.05
0 0.24921875 0.18359375 0.0703125 0.0375
1 0.19609375 0.134375 0.065625 0.046875
0 0.42109375 0.3984375 0.1578125 0.05
3 0.21328125 0.21953125 0.053125 0.053125
0 0.37265625 0.10703125 0.1 0.040625
4 0.909375 0.04375 0.18125 0.0875
3 0.559375 0.1625 0.175 0.16875
3 0.33046875 0.0953125 0.090625 0.08125
4 0.4765625 0.021875 0.225 0.04375
3 0.14609375 0.12578125 0.03125 0.0375
4 0.78984375 0.04609375 0.0875 0.053125
0 0.82109375 0.77421875 0.3578125 0.121875
0 0.11640625 0.059375 0.05625 0.021875
3 0.12421875 0.090625 0.034375 0.028125
5 0.17421875 0.51171875 0.071875 0.05
0 0.165625 0.42109375 0.0265625 0.0109375
0 0.17265625 0.453125 0.0328125 0.0140625
3 0.30390625 0.04453125 0.0984375 0.0640625
4 0.23046875 0.03984375 0.05 0.025