3 0.44609375 0.8515625 0.1671875 0.1484375
3 0.2921875 0.79296875 0.28125 0.2015625
1 0.596875 0.47890625 0.184375 0.115625
0 0.559375 0.31484375 0.178125 0.071875
0 0.6546875 0.4046875 0.121875 0.0625
3 0.66015625 0.9109375 0.096875 0.0828125
0 0.52421875 0.6578125 0.19375 0.0578125
0 0.11953125 0.5828125 0.2390625 0.109375
0 0.72578125 0.69453125 0.10625 0.034375
2 0.77421875 0.771875 0.228125 0.13125
4 0.6515625 0.78828125 0.115625 0.04375
4 0.48671875 0.9828125 0.1515625 0.034375
0 0.85 0.8921875 0.06875 0.021875
5 0.75546875 0.62734375 0.115625 0.0796875
5 0.88984375 0.66171875 0.0875 0.0765625
4 0.59140625 0.85859375 0.1171875 0.0421875
4 0.63984375 0.98671875 0.125 0.021875
4 0.6171875 0.9703125 0.0921875 0.01875
0 0.7484375 0.853125 0.0875 0.021875
2 0.83984375 0.85625 0.15625 0.05625