3 0.69765625 0.446875 0.1109375 0.153125
3 0.83046875 0.57734375 0.134375 0.18125
3 0.775 0.721875 0.165625 0.28125
5 0.06875 0.45546875 0.1375 0.2421875
3 0.04375 0.27265625 0.0875 0.0609375
2 0.03359375 0.20390625 0.065625 0.1265625
0 0.50703125 0.66796875 0.0671875 0.2625
0 0.41953125 0.49296875 0.05 0.190625
0 0.28828125 0.490625 0.059375 0.1875
0 0.58046875 0.4015625 0.04375 0.109375
0 0.7671875 0.33046875 0.0234375 0.08125
0 0.65390625 0.31484375 0.0421875 0.1125
4 0.96875 0.3578125 0.028125 0.1453125
4 0.9453125 0.2921875 0.059375 0.0984375
5 0.928125 0.18515625 0.0421875 0.08125
3 0.8640625 0.21015625 0.021875 0.065625
1 0.79140625 0.21796875 0.0390625 0.075
3 0.75625 0.21171875 0.03125 0.05625
3 0.70078125 0.21796875 0.053125 0.06875
3 0.64453125 0.2359375 0.06875 0.059375
3 0.36953125 0.19609375 0.059375 0.059375
3 0.1640625 0.22265625 0.0625 0.059375
4 0.98125 0.52734375 0.0375 0.140625
4 0.9609375 0.90078125 0.04375 0.1984375
4 0.753125 0.86328125 0.046875 0.271875
2 0.6796875 0.10859375 0.078125 0.090625
5 0.771875 0.08671875 0.059375 0.08125