1 0.2390625 0.0984375 0.078125 0.04375
1 0.37578125 0.446875 0.15 0.090625
3 0.74609375 0.18203125 0.2875 0.2125
3 0.5890625 0.85625 0.2609375 0.259375
1 0.2890625 0.15 0.1015625 0.0578125
3 0.459375 0.5671875 0.115625 0.1734375
3 0.58203125 0.11875 0.18125 0.1484375
3 0.440625 0.80390625 0.159375 0.20625
3 0.25390625 0.9171875 0.0765625 0.121875
3 0.85234375 0.9625 0.26875 0.075
1 0.22890625 0.16875 0.0640625 0.065625
3 0.253125 0.25078125 0.06875 0.059375
0 0.31953125 0.2125 0.1453125 0.0640625
0 0.28828125 0.2078125 0.09375 0.0421875
3 0.35859375 0.54453125 0.109375 0.109375
3 0.3453125 0.321875 0.14375 0.0890625
0 0.36953125 0.303125 0.11875 0.046875
0 0.3265625 0.17890625 0.134375 0.040625
0 0.42421875 0.06328125 0.16875 0.059375
3 0.1640625 0.01640625 0.075 0.0328125
0 0.9796875 0.35234375 0.040625 0.06875
3 0.24296875 0.8109375 0.0703125 0.05625
3 0.234375 0.284375 0.053125 0.04375
1 0.2125 0.215625 0.053125 0.0375
3 0.575 0.5578125 0.1875 0.184375
1 0.75078125 0.62578125 0.3875 0.2140625
1 0.215625 0.1578125 0.0359375 0.040625
4 0.8765625 0.0265625 0.1859375 0.053125
3 0.36953125 0.05546875 0.134375 0.0953125
0 0.20078125 0.0390625 0.065625 0.0140625
0 0.21171875 0.05703125 0.075 0.01875
5 0.11796875 0.12265625 0.128125 0.08125