3 0.47265625 0.60390625 0.1921875 0.240625
3 0.2359375 0.6515625 0.190625 0.19375
0 0.64609375 0.4796875 0.075 0.1875
0 0.7484375 0.6296875 0.0984375 0.26875
1 0.3234375 0.2390625 0.053125 0.1
3 0.18671875 0.5328125 0.1578125 0.178125
1 0.10859375 0.18828125 0.046875 0.0828125
0 0.22265625 0.20078125 0.028125 0.075
0 0.34375 0.428125 0.05625 0.171875
5 0.8890625 0.19921875 0.209375 0.14375
3 0.5296875 0.29375 0.1 0.115625
0 0.1625 0.21328125 0.025 0.075
3 0.08046875 0.25625 0.059375 0.0875
3 0.4 0.2625 0.06875 0.1
3 0.27890625 0.22578125 0.034375 0.075
3 0.16875 0.125 0.03125 0.0453125
3 0.20625 0.13984375 0.04375 0.046875
1 0.08125 0.12734375 0.028125 0.046875
4 0.07109375 0.871875 0.065625 0.2484375
4 0.26796875 0.80390625 0.071875 0.275
4 0.03984375 0.51171875 0.065625 0.11875
4 0.046875 0.32578125 0.015625 0.1140625
4 0.059375 0.31484375 0.01875 0.13125