3 0.23984375 0.68984375 0.18828125 0.26015625
1 0.19375 0.30234375 0.0640625 0.10234375
3 0.63046875 0.65 0.2453125 0.2828125
1 0.85078125 0.44140625 0.1140625 0.12421875
3 0.63515625 0.44453125 0.171875 0.1546875
3 0.18203125 0.54375 0.14375 0.1625
2 0.35234375 0.24921875 0.2109375 0.3015625
3 0.56640625 0.3578125 0.1109375 0.1125
3 0.14921875 0.225 0.04921875 0.05625
3 0.86796875 0.61953125 0.23671875 0.24921875
4 0.121875 0.4203125 0.02265625 0.15703125
3 0.13203125 0.33671875 0.071875 0.0953125
0 0.94296875 0.87578125 0.11328125 0.24765625
0 0.27734375 0.36953125 0.03671875 0.13125
0 0.21953125 0.2296875 0.02578125 0.08671875
1 0.1140625 0.1703125 0.02890625 0.05546875
0 0.446875 0.3875 0.04375 0.1296875
3 0.18984375 0.2046875 0.04765625 0.046875
3 0.98359375 0.53359375 0.03203125 0.1515625
0 0.23671875 0.35 0.0359375 0.12734375
0 0.496875 0.36796875 0.040625 0.14375
0 0.66484375 0.3203125 0.0390625 0.0703125
0 0.76796875 0.50078125 0.06484375 0.1875
4 0.03984375 0.5046875 0.0609375 0.134375
4 0.05 0.38125 0.02734375 0.08984375
4 0.08203125 0.38125 0.01796875 0.09765625
4 0.0484375 0.30234375 0.01875 0.02578125
0 0.24453125 0.228125 0.0125 0.06015625
0 0.1328125 0.18125 0.01171875 0.03359375
0 0.1421875 0.1546875 0.01484375 0.05
3 0.16328125 0.1703125 0.0234375 0.03515625
0 0.0703125 0.16328125 0.02109375 0.0421875
0 0.80625 0.2359375 0.0203125 0.03984375
1 0.640625 0.19921875 0.03671875 0.04765625