0 0.7875 0.22421875 0.0375 0.096875
3 0.79609375 0.68125 0.2 0.28125
1 0.7 0.25 0.071875 0.125
3 0.5921875 0.39765625 0.14375 0.165625
5 0.71640625 0.109375 0.109375 0.140625
3 0.86328125 0.51875 0.1625 0.178125
0 0.83359375 0.21328125 0.0296875 0.084375
1 0.93359375 0.378125 0.1125 0.1796875
0 0.86328125 0.1703125 0.025 0.0671875
3 0.52421875 0.30703125 0.109375 0.1375
4 0.89140625 0.77890625 0.0578125 0.265625
4 0.99609375 0.303125 0.0078125 0.125
3 0.91484375 0.1890625 0.0703125 0.0796875
0 0.20078125 0.8078125 0.1125 0.384375
0 0.5015625 0.63515625 0.0765625 0.290625
4 0.66796875 0.625 0.05 0.190625
1 0.6359375 0.8546875 0.2296875 0.290625
3 0.64765625 0.2109375 0.05625 0.0890625
3 0.76953125 0.1859375 0.0578125 0.065625
3 0.8265625 0.15234375 0.046875 0.053125
2 0.97109375 0.0921875 0.0578125 0.13125
5 0.87734375 0.05625 0.059375 0.0796875
3 0.9765625 0.23671875 0.046875 0.0921875
1 0.21015625 0.16953125 0.053125 0.075
3 0.92578125 0.10390625 0.0296875 0.05
3 0.88203125 0.1359375 0.025 0.046875
3 0.83984375 0.10078125 0.028125 0.040625
3 0.875 0.10078125 0.040625 0.025