2 0.3046875 0.2953125 0.2765625 0.1859375
3 0.4078125 0.96484375 0.1484375 0.0703125
4 0.859375 0.234375 0.16875 0.0765625
3 0.13515625 0.16171875 0.046875 0.04375
3 0.3203125 0.12890625 0.096875 0.071875
4 0.8203125 0.0828125 0.1578125 0.075
4 0.8953125 0.0734375 0.140625 0.096875
2 0.14453125 0.28125 0.084375 0.134375
3 0.69375 0.2296875 0.275 0.234375
0 0.7515625 0.9890625 0.321875 0.021875
3 0.54375 0.1859375 0.1703125 0.165625
2 0.5796875 0.6953125 0.840625 0.50625
4 0.4546875 0.0796875 0.184375 0.03125
4 0.471875 0.11171875 0.109375 0.025
4 0.4265625 0.1625 0.06875 0.034375
4 0.375 0.18828125 0.075 0.028125
4 0.47109375 0.0484375 0.2078125 0.025
4 0.3375 0.07578125 0.053125 0.021875
4 0.28984375 0.0734375 0.025 0.015625
4 0.29453125 0.05390625 0.03125 0.015625
3 0.584375 0.9703125 0.196875 0.059375
3 0.2046875 0.86953125 0.084375 0.075
0 0.2296875 0.15859375 0.078125 0.025
4 0.19765625 0.07734375 0.0640625 0.021875
3 0.1171875 0.09921875 0.04375 0.034375
0 0.103125 0.12421875 0.03125 0.015625
3 0.209375 0.05703125 0.075 0.034375