3 0.903125 0.05 0.1875 0.1
3 0.6859375 0.784375 0.278125 0.2
3 0.528125 0.8484375 0.175 0.146875
3 0.3671875 0.55 0.134375 0.1125
5 0.6375 0.06484375 0.3453125 0.1296875
3 0.15625 0.76328125 0.0359375 0.04375
3 0.18984375 0.93984375 0.071875 0.071875
3 0.19609375 0.721875 0.065625 0.059375
1 0.2421875 0.0828125 0.071875 0.084375
5 0.26171875 0.31640625 0.3265625 0.30625
1 0.18359375 0.8015625 0.0546875 0.0453125
1 0.14140625 0.9171875 0.053125 0.03125
3 0.1765625 0.7625 0.04375 0.0390625
3 0.23828125 0.659375 0.0859375 0.0703125
0 0.15390625 0.86484375 0.059375 0.015625
4 0.3234375 0.98515625 0.125 0.0234375
3 0.2484375 0.96328125 0.0828125 0.0734375
5 0.621875 0.42734375 0.3828125 0.2203125
4 0.8140625 0.7640625 0.240625 0.0609375
4 0.85625 0.9640625 0.271875 0.071875
4 0.4984375 0.9828125 0.1125 0.034375
4 0.3046875 0.9703125 0.134375 0.0171875
4 0.27734375 0.99609375 0.0421875 0.0078125
1 0.3421875 0.8328125 0.146875 0.05625
0 0.3078125 0.78125 0.115625 0.021875
0 0.2390625 0.80078125 0.1 0.0203125
0 0.20625 0.8328125 0.0796875 0.01875
1 0.153125 0.95859375 0.046875 0.040625
1 0.0953125 0.8953125 0.0375 0.009375
5 0.096875 0.85703125 0.103125 0.053125
0 0.1 0.940625 0.0390625 0.0171875