3 0.26015625 0.209375 0.0453125 0.0609375
3 0.2328125 0.68828125 0.21953125 0.259375
0 0.31328125 0.30625 0.0390625 0.09765625
4 0.25703125 0.8421875 0.08671875 0.16171875
0 0.25078125 0.31015625 0.040625 0.0984375
3 0.1328125 0.3265625 0.06875 0.0859375
4 0.1265625 0.41015625 0.04921875 0.12890625
0 0.2046875 0.2609375 0.034375 0.0703125
3 0.18125 0.54296875 0.14296875 0.15625
4 0.18359375 0.4046875 0.04375 0.1046875
0 0.1625 0.24453125 0.03046875 0.0796875
2 0.65078125 0.58828125 0.496875 0.52578125
4 0.071875 0.82890625 0.0640625 0.20234375
5 0.37421875 0.22265625 0.0828125 0.11328125
4 0.05390625 0.46875 0.0515625 0.1859375
0 0.121875 0.20625 0.0265625 0.065625
3 0.08125 0.24375 0.065625 0.06796875
3 0.11796875 0.15546875 0.04609375 0.05
4 0.08046875 0.46015625 0.03203125 0.17890625
3 0.4265625 0.27578125 0.06875 0.07109375
0 0.359375 0.28359375 0.0328125 0.0625
4 0.07578125 0.86953125 0.078125 0.11015625
0 0.40625 0.3359375 0.03515625 0.0875
5 0.76875 0.29453125 0.15 0.19375
2 0.9140625 0.7453125 0.16875 0.509375
4 0.42734375 0.65703125 0.04375 0.215625
0 0.075 0.1890625 0.01484375 0.02734375
3 0.1828125 0.2 0.0171875 0.0484375
0 0.1984375 0.20703125 0.01640625 0.03125
0 0.24921875 0.2125 0.015625 0.05546875
0 0.29921875 0.2671875 0.015625 0.0765625
0 0.3046875 0.21015625 0.01484375 0.03125
3 0.19765625 0.1640625 0.0328125 0.02109375
0 0.14375 0.21484375 0.01328125 0.05546875
0 0.1515625 0.18203125 0.0140625 0.04453125
0 0.16796875 0.16015625 0.025 0.03984375
5 0.153125 0.11796875 0.05390625 0.05546875
5 0.07421875 0.121875 0.0234375 0.06171875
0 0.08984375 0.1140625 0.01171875 0.02734375
5 0.33671875 0.11484375 0.06328125 0.08671875
3 0.43828125 0.171875 0.0375 0.04296875
0 0.47578125 0.16953125 0.0109375 0.02890625
0 0.49609375 0.178125 0.01484375 0.025
0 0.62421875 0.20625 0.01171875 0.01640625
3 0.8375 0.22890625 0.0421875 0.059375
1 0.9546875 0.26171875 0.06171875 0.0734375
0 0.96015625 0.41953125 0.0546875 0.10390625