3 0.27578125 0.76875 0.3 0.2484375
5 0.93203125 0.68984375 0.1140625 0.103125
1 0.34921875 0.50078125 0.315625 0.18125
2 0.7265625 0.703125 0.2765625 0.15625
0 0.409375 0.03828125 0.15625 0.075
1 0.859375 0.89296875 0.078125 0.053125
0 0.2515625 0.171875 0.2875 0.09375
0 0.6921875 0.5125 0.109375 0.059375
0 0.6984375 0.58671875 0.090625 0.04375
4 0.503125 0.96796875 0.16875 0.0640625
4 0.09140625 0.92890625 0.171875 0.1015625
4 0.6515625 0.921875 0.153125 0.0390625
3 0.84609375 0.95859375 0.065625 0.065625
4 0.09453125 0.6671875 0.1890625 0.096875
4 0.19140625 0.95234375 0.2359375 0.0953125
3 0.66171875 0.36640625 0.15 0.13125
3 0.44921875 0.81015625 0.1640625 0.16875
4 0.60546875 0.95546875 0.14375 0.040625
3 0.68359375 0.865625 0.1484375 0.0890625
3 0.60625 0.85703125 0.15 0.0515625
0 0.80625 0.8578125 0.084375 0.0171875
0 0.84296875 0.81484375 0.096875 0.0453125
2 0.93515625 0.903125 0.084375 0.04375
0 0.253125 0.034375 0.328125 0.06875
1 0.85703125 0.47421875 0.0421875 0.021875
2 0.8625 0.43984375 0.065625 0.046875
3 0.77265625 0.01875 0.1125 0.0375
3 0.78984375 0.1015625 0.0703125 0.05625
1 0.79453125 0.1671875 0.0609375 0.05
1 0.75234375 0.57578125 0.096875 0.0609375