0 0.71796875 0.40703125 0.05703125 0.084375
3 0.23828125 0.68828125 0.19375 0.25390625
3 0.728125 0.53984375 0.19296875 0.20546875
2 0.92890625 0.86328125 0.13671875 0.2734375
0 0.965625 0.571875 0.06796875 0.17890625
3 0.13984375 0.165625 0.046875 0.0453125
5 0.74296875 0.19140625 0.1765625 0.12265625
3 0.4171875 0.33984375 0.09765625 0.1078125
0 0.1203125 0.196875 0.02265625 0.059375
3 0.92265625 0.2421875 0.0859375 0.096875
1 0.28046875 0.2734375 0.05078125 0.08203125
0 0.590625 0.37890625 0.09375 0.12109375
2 0.47265625 0.22265625 0.20234375 0.23671875
4 0.05859375 0.44609375 0.07109375 0.19453125
3 0.12578125 0.33984375 0.075 0.0984375
3 0.18359375 0.54609375 0.15 0.1671875
1 0.22265625 0.3390625 0.08515625 0.1125
0 0.940625 0.2765625 0.0421875 0.0640625
0 0.27109375 0.3125 0.0234375 0.06484375
0 0.4203125 0.57890625 0.07265625 0.23515625
0 0.6234375 0.43203125 0.0625 0.15390625
4 0.3203125 0.8359375 0.0703125 0.1640625
4 0.0796875 0.80234375 0.0609375 0.153125
0 0.31484375 0.33046875 0.06328125 0.11484375
0 0.45078125 0.38828125 0.0296875 0.13046875
0 0.49609375 0.3875 0.0328125 0.13671875
3 0.675 0.3765625 0.05859375 0.11796875
5 0.19375 0.2046875 0.08046875 0.1453125
3 0.3234375 0.2390625 0.06015625 0.06640625
0 0.6890625 0.59609375 0.0765625 0.22578125
4 0.328125 0.5796875 0.04609375 0.1625
0 0.25625 0.20546875 0.0203125 0.05546875
3 0.0765625 0.30625 0.0640625 0.08359375