2 0.81953125 0.62890625 0.115625 0.1625
3 0.2296875 0.775 0.346875 0.328125
3 0.63359375 0.62890625 0.115625 0.078125
0 0.4703125 0.821875 0.1375 0.078125
3 0.2796875 0.20546875 0.2 0.2
3 0.40546875 0.146875 0.18125 0.15625
1 0.6578125 0.3421875 0.121875 0.06875
1 0.553125 0.07578125 0.178125 0.115625
0 0.4484375 0.76328125 0.1125 0.0796875
0 0.73828125 0.13984375 0.0875 0.03125
0 0.54921875 0.40546875 0.1734375 0.0375
0 0.66328125 0.44921875 0.1015625 0.046875
1 0.7484375 0.20703125 0.0640625 0.0546875
0 0.728125 0.29921875 0.11875 0.046875
3 0.46171875 0.9265625 0.175 0.146875
1 0.74140625 0.08671875 0.1125 0.059375
0 0.859375 0.18828125 0.109375 0.0828125
1 0.6375 0.2265625 0.14375 0.109375
4 0.62734375 0.00859375 0.1296875 0.0171875
5 0.87890625 0.1 0.0734375 0.046875
4 0.7015625 0.0609375 0.0953125 0.0375
4 0.4390625 0.01328125 0.1390625 0.0265625
0 0.73125 0.9703125 0.078125 0.04375
3 0.60859375 0.5296875 0.1625 0.1375
0 0.71015625 0.17109375 0.090625 0.0328125
3 0.79765625 0.04375 0.071875 0.046875
3 0.825 0.08828125 0.05 0.05625
3 0.69609375 0.02890625 0.084375 0.05625
2 0.86171875 0.3078125 0.08125 0.0625
3 0.778125 0.1609375 0.0546875 0.040625
0 0.475 0.56484375 0.1734375 0.0546875
4 0.1484375 0.234375 0.265625 0.0578125
0 0.77578125 0.1265625 0.053125 0.009375
2 0.85859375 0.38203125 0.0859375 0.090625