3 0.8703125 0.3125 0.259375 0.3203125
3 0.7296875 0.8046875 0.25625 0.2
3 0.578125 0.86171875 0.18125 0.159375
3 0.5390625 0.44296875 0.2 0.196875
0 0.31796875 0.7203125 0.1 0.0421875
0 0.84609375 0.00859375 0.2640625 0.0171875
1 0.39140625 0.64375 0.171875 0.096875
5 0.3 0.4046875 0.253125 0.1484375
4 0.3671875 0.97578125 0.140625 0.0484375
4 0.8734375 0.76484375 0.253125 0.0703125
4 0.9046875 0.9703125 0.190625 0.059375
4 0.55546875 0.99140625 0.10625 0.0171875
3 0.21796875 0.93984375 0.078125 0.0390625
0 0.221875 0.909375 0.078125 0.0140625
0 0.26015625 0.8875 0.090625 0.0203125
0 0.22578125 0.87421875 0.075 0.01875
0 0.30546875 0.8421875 0.10625 0.0234375
0 0.2984375 0.815625 0.1078125 0.025
0 0.3890625 0.7640625 0.1484375 0.0359375
0 0.24765625 0.80546875 0.084375 0.0171875
0 0.23671875 0.84296875 0.05625 0.021875
0 0.20625 0.82578125 0.0671875 0.0125
0 0.1921875 0.84453125 0.0484375 0.015625
3 0.2578125 0.740625 0.078125 0.0625
3 0.215625 0.71953125 0.0625 0.0578125
3 0.2234375 0.78125 0.084375 0.0375
2 0.11953125 0.7109375 0.06875 0.0484375
2 0.1078125 0.9 0.071875 0.0359375
3 0.1765625 0.86640625 0.0359375 0.025
1 0.27578125 0.971875 0.065625 0.0390625