1 0.57734375 0.3796875 0.215625 0.121875
3 0.51328125 0.69921875 0.2125 0.196875
5 0.28671875 0.95859375 0.4703125 0.0828125
0 0.725 0.3046875 0.103125 0.0390625
3 0.353125 0.1875 0.2203125 0.2
3 0.4859375 0.14140625 0.171875 0.1609375
5 0.84609375 0.74375 0.11875 0.121875
3 0.65 0.653125 0.121875 0.1625
1 0.71640625 0.3875 0.0921875 0.096875
0 0.64609375 0.24765625 0.13125 0.04375
1 0.62109375 0.06953125 0.18125 0.109375
3 0.72109375 0.203125 0.1 0.0625
0 0.79921875 0.21953125 0.046875 0.0328125
3 0.76796875 0.0265625 0.0875 0.053125
1 0.3234375 0.65859375 0.359375 0.203125
0 0.88125 0.03203125 0.040625 0.021875
3 0.78203125 0.95390625 0.0796875 0.0859375
1 0.89140625 0.10078125 0.075 0.034375
4 0.69453125 0.003125 0.11875 0.00625
4 0.5171875 0.01171875 0.128125 0.0234375
5 0.77265625 0.52109375 0.21875 0.121875
4 0.2140625 0.2265625 0.240625 0.053125
0 0.8171875 0.0734375 0.08125 0.015625
0 0.88984375 0.078125 0.05 0.0140625
0 0.85078125 0.14609375 0.065625 0.0140625
3 0.803125 0.1859375 0.0625 0.028125
3 0.821875 0.17265625 0.071875 0.0375
3 0.88828125 0.16640625 0.0578125 0.03125
3 0.90390625 0.12578125 0.040625 0.0234375
3 0.9078125 0.0609375 0.04375 0.021875
5 0.94375 0.23046875 0.059375 0.046875