0 0.29921875 0.20859375 0.275 0.08125
2 0.4578125 0.46328125 0.540625 0.40625
1 0.7828125 0.1828125 0.071875 0.096875
3 0.28984375 0.8125 0.284375 0.2359375
1 0.75703125 0.8609375 0.096875 0.0609375
4 0.1296875 0.80390625 0.18125 0.0859375
3 0.31875 0.06484375 0.315625 0.128125
3 0.45234375 0.859375 0.159375 0.1671875
0 0.8109375 0.75859375 0.071875 0.0375
4 0.5765625 0.8734375 0.084375 0.034375
4 0.50234375 0.9484375 0.184375 0.0484375
3 0.690625 0.9140625 0.0875 0.0671875
0 0.81484375 0.925 0.08125 0.040625
3 0.83046875 0.8296875 0.05625 0.046875
2 0.703125 0.396875 0.29375 0.346875
4 0.59921875 0.921875 0.1375 0.040625
4 0.11875 0.9640625 0.1625 0.071875
0 0.7640625 0.0640625 0.075 0.040625
4 0.5921875 0.83828125 0.1 0.03125
4 0.65 0.98125 0.096875 0.0375
3 0.7859375 0.984375 0.075 0.03125
0 0.815625 0.8953125 0.071875 0.01875
3 0.84609375 0.86953125 0.06875 0.028125
0 0.81953125 0.85234375 0.0421875 0.0140625
1 0.878125 0.96796875 0.05 0.025
0 0.8796875 0.96328125 0.025 0.009375
3 0.8453125 0.95625 0.053125 0.025
1 0.878125 0.91171875 0.04375 0.028125
0 0.87421875 0.940625 0.03125 0.0125