3 0.75390625 0.7703125 0.290625 0.2171875
3 0.5953125 0.83984375 0.1953125 0.1609375
1 0.346875 0.74921875 0.1375 0.0796875
0 0.24375 0.86171875 0.078125 0.0375
4 0.54921875 0.978125 0.1453125 0.04375
0 0.46328125 0.3640625 0.196875 0.065625
3 0.36875 0.89453125 0.1203125 0.0765625
3 0.27578125 0.646875 0.08125 0.0703125
2 0.58671875 0.1515625 0.8265625 0.303125
3 0.36484375 0.503125 0.1359375 0.1296875
4 0.36796875 0.9640625 0.190625 0.0703125
2 0.134375 0.6546875 0.0609375 0.10625
3 0.16015625 0.91328125 0.04375 0.028125
1 0.2015625 0.40390625 0.053125 0.0484375
0 0.18046875 0.89453125 0.059375 0.021875
0 0.38984375 0.5875 0.165625 0.040625
4 0.40390625 0.9125 0.14375 0.0234375
1 0.140625 0.94609375 0.05 0.025
3 0.11015625 0.93828125 0.03125 0.01875
5 0.0796875 0.8359375 0.075 0.0484375
1 0.19140625 0.45390625 0.05625 0.040625
5 0.20625 0.275 0.059375 0.071875