1 0.684375 0.23046875 0.121875 0.071875
2 0.7890625 0.18125 0.14375 0.1125
3 0.61171875 0.44609375 0.115625 0.1203125
3 0.65625 0.11796875 0.1109375 0.0765625
3 0.2828125 0.23046875 0.26875 0.221875
3 0.45234375 0.184375 0.153125 0.15
4 0.48046875 0.03359375 0.115625 0.0625
0 0.49296875 0.35625 0.1625 0.05625
5 0.859375 0.44609375 0.078125 0.078125
4 0.13046875 0.071875 0.16875 0.071875
0 0.628125 0.28984375 0.1296875 0.0375
0 0.55546875 0.39609375 0.146875 0.0515625
2 0.35625 0.78828125 0.7125 0.4234375
3 0.79296875 0.31875 0.040625 0.046875
3 0.70859375 0.2953125 0.05 0.0609375
3 0.678125 0.3890625 0.0765625 0.065625
0 0.60078125 0.3296875 0.134375 0.0375
3 0.8296875 0.075 0.05625 0.04375
3 0.815625 0.26328125 0.028125 0.0421875
4 0.65234375 0.05234375 0.10625 0.0375
0 0.75546875 0.321875 0.05625 0.021875
3 0.70546875 0.45625 0.065625 0.059375
0 0.72265625 0.159375 0.0875 0.028125
0 0.7359375 0.1109375 0.04375 0.03125
0 0.73828125 0.3578125 0.0625 0.021875
3 0.7703125 0.38515625 0.0859375 0.0375
3 0.6625 0.5328125 0.146875 0.0765625
3 0.68515625 0.5984375 0.0734375 0.046875
3 0.6796875 0.653125 0.046875 0.04375
3 0.81484375 0.51484375 0.0484375 0.040625
3 0.80390625 0.57421875 0.04375 0.034375
0 0.79140625 0.66015625 0.0296875 0.0203125