3 0.09140625 0.8125 0.1828125 0.375
3 0.640625 0.428125 0.125 0.096875
5 0.77890625 0.91328125 0.18125 0.1734375
5 0.60078125 0.734375 0.271875 0.215625
3 0.45859375 0.16875 0.1625 0.146875
1 0.80390625 0.1171875 0.075 0.040625
3 0.31328125 0.2109375 0.2609375 0.190625
3 0.79296875 0.25234375 0.065625 0.046875
3 0.72578125 0.30390625 0.084375 0.0734375
0 0.703125 0.38203125 0.090625 0.028125
3 0.76640625 0.34296875 0.0609375 0.0453125
3 0.59140625 0.27890625 0.1484375 0.1140625
1 0.5921875 0.10546875 0.165625 0.1078125
0 0.375 0.7328125 0.240625 0.0859375
0 0.41953125 0.54609375 0.23125 0.096875
4 0.49375 0.03046875 0.128125 0.0609375
1 0.90078125 0.10625 0.0625 0.028125
3 0.44453125 0.96484375 0.190625 0.0640625
0 0.73828125 0.15390625 0.078125 0.034375
0 0.746875 0.18984375 0.090625 0.021875
1 0.79453125 0.14765625 0.071875 0.034375
2 0.84765625 0.478125 0.0609375 0.0796875
1 0.8296875 0.18046875 0.0640625 0.040625
4 0.659375 0.02578125 0.1453125 0.0515625
4 0.203125 0.2515625 0.246875 0.0546875
0 0.73828125 0.2375 0.0828125 0.01875
0 0.76953125 0.2125 0.0734375 0.01875
0 0.77578125 0.2234375 0.06875 0.0125
0 0.80546875 0.1953125 0.05 0.015625
3 0.80390625 0.2875 0.04375 0.025