3 0.23828125 0.68359375 0.196875 0.26015625
3 0.64453125 0.746875 0.25078125 0.3171875
2 0.271875 0.2453125 0.15703125 0.2671875
3 0.628125 0.44140625 0.13828125 0.13671875
0 0.78203125 0.45234375 0.0609375 0.103125
3 0.18125 0.54375 0.146875 0.16328125
3 0.12421875 0.34140625 0.0859375 0.1046875
0 0.86328125 0.64765625 0.1078125 0.253125
3 0.9328125 0.24765625 0.1046875 0.075
0 0.69375 0.49765625 0.07578125 0.19296875
3 0.68984375 0.359375 0.13984375 0.1234375
0 0.73125 0.3890625 0.05390625 0.08984375
0 0.64140625 0.5171875 0.06484375 0.15390625
4 0.065625 0.815625 0.07265625 0.1546875
3 0.43359375 0.45390625 0.128125 0.20703125
0 0.884375 0.48671875 0.065625 0.1578125
0 0.809375 0.55234375 0.08984375 0.17578125
0 0.553125 0.34921875 0.03046875 0.115625
3 0.53203125 0.30390625 0.07890625 0.0703125
1 0.496875 0.396875 0.07265625 0.134375
1 0.365625 0.39375 0.0671875 0.14765625
0 0.3765625 0.28125 0.01640625 0.071875
0 0.37578125 0.27890625 0.02578125 0.0703125
0 0.4125 0.28359375 0.01953125 0.06796875
3 0.446875 0.31953125 0.07890625 0.05703125
0 0.1625 0.2484375 0.0203125 0.071875
3 0.14921875 0.18046875 0.02890625 0.04765625
0 0.1265625 0.2390625 0.02109375 0.06875
0 0.1171875 0.2078125 0.01484375 0.04140625
0 0.146875 0.225 0.0140625 0.06484375
0 0.1828125 0.23125 0.01796875 0.06484375
3 0.17734375 0.20390625 0.02734375 0.03359375
0 0.09921875 0.16796875 0.0125 0.04453125
0 0.08671875 0.159375 0.01328125 0.04296875
0 0.128125 0.1671875 0.009375 0.03828125
0 0.171875 0.16015625 0.009375 0.040625
1 0.06640625 0.21796875 0.04140625 0.046875
4 0.03515625 0.50703125 0.06640625 0.134375
3 0.375 0.23515625 0.0453125 0.06015625
5 0.46015625 0.1703125 0.04609375 0.0515625
1 0.67578125 0.21640625 0.04609375 0.05546875
1 0.63828125 0.1984375 0.0359375 0.040625
1 0.7453125 0.22265625 0.04453125 0.0453125
3 0.84140625 0.2484375 0.07578125 0.0453125
5 0.54375 0.18203125 0.0625 0.0578125
0 0.6046875 0.20390625 0.01640625 0.02734375
4 0.3609375 0.84296875 0.04921875 0.1140625
4 0.0484375 0.68203125 0.06328125 0.10859375
4 0.046875 0.3703125 0.021875 0.05703125
4 0.4 0.93984375 0.05625 0.1203125