5 0.7125 0.553125 0.18828125 0.23359375
2 0.215625 0.24765625 0.115625 0.18203125
5 0.71171875 0.13671875 0.3046875 0.24375
3 0.3359375 0.246875 0.0546875 0.0859375
3 0.884375 0.24921875 0.05 0.04921875
3 0.18515625 0.5625 0.1609375 0.19609375
5 0.18671875 0.125 0.06171875 0.06640625
0 0.54453125 0.51484375 0.06015625 0.19609375
5 0.39453125 0.3578125 0.07890625 0.1375
1 0.83359375 0.44140625 0.10625 0.15703125
5 0.1171875 0.4296875 0.09765625 0.196875
3 0.43203125 0.2703125 0.0625 0.0625
3 0.228125 0.653125 0.2171875 0.21953125
0 0.09609375 0.2171875 0.01640625 0.07109375
3 0.14609375 0.20390625 0.03125 0.06640625
3 0.3890625 0.2796875 0.06171875 0.040625
4 0.03671875 0.48984375 0.0640625 0.1609375
4 0.05078125 0.31875 0.05703125 0.17421875
0 0.09921875 0.16171875 0.0234375 0.03671875
0 0.12578125 0.1484375 0.01484375 0.05859375
0 0.45390625 0.33359375 0.0359375 0.103125
4 0.2234375 0.8546875 0.07421875 0.290625