2 0.85546875 0.5640625 0.109375 0.10625
3 0.303125 0.77421875 0.271875 0.1984375
1 0.58515625 0.88203125 0.159375 0.09375
0 0.71015625 0.7859375 0.0875 0.0390625
0 0.65546875 0.7109375 0.1234375 0.046875
1 0.77890625 0.85078125 0.06875 0.046875
2 0.37265625 0.309375 0.60625 0.5328125
3 0.4546875 0.82265625 0.1546875 0.14375
0 0.7375 0.675 0.0671875 0.025
0 0.75625 0.8171875 0.0796875 0.0375
0 0.68984375 0.621875 0.078125 0.025
4 0.509375 0.96484375 0.1625 0.059375
0 0.63203125 0.60625 0.1140625 0.0390625
3 0.74921875 0.15 0.040625 0.078125
3 0.7734375 0.77578125 0.0578125 0.0375
3 0.72890625 0.5953125 0.059375 0.046875
1 0.8234375 0.8515625 0.034375 0.046875
3 0.76640625 0.63203125 0.04375 0.0578125
0 0.68125 0.571875 0.059375 0.0296875
0 0.6890625 0.653125 0.096875 0.0328125
3 0.75234375 0.1171875 0.040625 0.1296875
3 0.728125 0.01875 0.103125 0.0375
1 0.7796875 0.2421875 0.040625 0.0296875
0 0.83125 0.8890625 0.05625 0.0234375
1 0.134375 0.60546875 0.26875 0.203125
3 0.7625 0.72109375 0.06875 0.05625
2 0.9328125 0.88203125 0.034375 0.0234375
3 0.8578125 0.86953125 0.0328125 0.03125
0 0.82265625 0.92734375 0.0515625 0.0171875
3 0.85234375 0.9140625 0.0375 0.028125
0 0.81484375 0.77734375 0.034375 0.025
4 0.64609375 0.9546875 0.115625 0.0296875
3 0.728125 0.9578125 0.084375 0.065625