3 0.6875 0.6140625 0.221875 0.225
3 0.50703125 0.309375 0.09296875 0.10390625
3 0.925 0.5390625 0.14296875 0.203125
1 0.12109375 0.4140625 0.1015625 0.15625
4 0.0625 0.8359375 0.06796875 0.175
3 0.36328125 0.30703125 0.08515625 0.0890625
1 0.1078125 0.1734375 0.0375 0.0609375
0 0.15234375 0.1796875 0.028125 0.06796875
3 0.18203125 0.5453125 0.1546875 0.15546875
1 0.5359375 0.16953125 0.08828125 0.07890625
4 0.03984375 0.52578125 0.0625 0.103125
4 0.26015625 0.796875 0.06640625 0.2171875
3 0.24765625 0.696875 0.18359375 0.2375
4 0.04765625 0.3375 0.03125 0.11796875
5 0.46640625 0.15859375 0.04296875 0.0734375
5 0.3171875 0.1265625 0.0375 0.04375
5 0.26953125 0.11953125 0.03359375 0.053125
2 0.12265625 0.11484375 0.03828125 0.05234375
5 0.0921875 0.07734375 0.0390625 0.03984375