3 0.7234375 0.78046875 0.2890625 0.209375
1 0.29296875 0.83125 0.1125 0.071875
3 0.67890625 0.3453125 0.3140625 0.271875
1 0.44765625 0.10078125 0.1375 0.1265625
3 0.45078125 0.340625 0.171875 0.190625
3 0.56015625 0.84453125 0.18125 0.159375
2 0.23359375 0.6546875 0.334375 0.234375
3 0.3546875 0.4171875 0.125 0.1234375
3 0.20625 0.88046875 0.0625 0.0546875
3 0.64453125 0.10703125 0.2765625 0.2125
4 0.4234375 0.9109375 0.175 0.0265625
3 0.33125 0.9 0.10625 0.0796875
0 0.8953125 0.03125 0.209375 0.0625
0 0.3671875 0.73828125 0.146875 0.040625
0 0.21171875 0.80234375 0.096875 0.028125
1 0.14609375 0.91953125 0.0625 0.03125
0 0.3875 0.55 0.14375 0.0484375
3 0.184375 0.8359375 0.053125 0.053125
0 0.3453125 0.7828125 0.140625 0.040625
0 0.365625 0.49453125 0.159375 0.0453125
0 0.3125 0.3078125 0.078125 0.04375
0 0.51328125 0.19296875 0.209375 0.071875
4 0.5171875 0.984375 0.15 0.03125
4 0.38046875 0.98828125 0.1 0.0234375
4 0.38046875 0.95546875 0.1078125 0.0203125
4 0.2921875 0.99140625 0.028125 0.0171875
0 0.21015625 0.775 0.0671875 0.0140625
0 0.1578125 0.8984375 0.0375 0.0125
0 0.128125 0.88828125 0.05625 0.015625
3 0.14609375 0.86484375 0.0390625 0.025
0 0.13828125 0.96796875 0.046875 0.0234375
0 0.21875 0.15 0.04375 0.021875
1 0.17734375 0.33515625 0.053125 0.040625