3 0.7671875 0.7015625 0.190625 0.259375
3 0.8171875 0.54375 0.1359375 0.1640625
0 0.6625 0.24609375 0.0296875 0.0640625
0 0.646875 0.3109375 0.0359375 0.1
0 0.79140625 0.29375 0.03125 0.096875
0 0.76484375 0.2390625 0.025 0.065625
2 0.28203125 0.61015625 0.5640625 0.590625
1 0.81953125 0.2140625 0.0375 0.078125
0 0.71640625 0.3015625 0.040625 0.1015625
5 0.525 0.2421875 0.19375 0.2078125
3 0.88046875 0.33203125 0.09375 0.096875
1 0.8828125 0.14765625 0.028125 0.034375
1 0.84453125 0.22109375 0.0734375 0.084375
0 0.58671875 0.33515625 0.040625 0.109375
4 0.7046875 0.86484375 0.084375 0.2703125
4 0.9265625 0.86171875 0.096875 0.2765625
4 0.39453125 0.8765625 0.0890625 0.246875
0 0.865625 0.39375 0.053125 0.1234375
4 0.9625 0.51015625 0.05625 0.1421875
4 0.93515625 0.35625 0.028125 0.13125
3 0.696875 0.225 0.046875 0.0546875
3 0.74921875 0.20625 0.034375 0.0546875
1 0.3375 0.21640625 0.046875 0.05
3 0.1734375 0.2359375 0.0625 0.0671875
3 0.07421875 0.2546875 0.103125 0.09375
2 0.69375 0.12890625 0.0625 0.0875
2 0.79375 0.14921875 0.0375 0.08125
3 0.934375 0.2296875 0.046875 0.071875