5 0.8890625 0.571875 0.22109375 0.34296875
5 0.5890625 0.18984375 0.07421875 0.0546875
2 0.0828125 0.1515625 0.0546875 0.090625
2 0.30703125 0.12734375 0.05 0.07265625
2 0.1859375 0.0875 0.040625 0.0375
0 0.0859375 0.20390625 0.01953125 0.07109375
1 0.14375 0.18828125 0.03203125 0.05390625
0 0.1546875 0.21875 0.0171875 0.05625
1 0.19765625 0.1875 0.02421875 0.04765625
1 0.63203125 0.4234375 0.08984375 0.16953125
3 0.1953125 0.334375 0.1046875 0.15078125
0 0.23515625 0.215625 0.015625 0.07421875
0 0.28046875 0.21875 0.0234375 0.0703125
0 0.56796875 0.346875 0.02265625 0.12578125
0 0.375 0.3671875 0.04765625 0.12578125
0 0.9265625 0.80859375 0.1203125 0.3390625
1 0.12109375 0.41640625 0.0984375 0.18359375
3 0.18359375 0.56171875 0.15 0.18125
3 0.65703125 0.73046875 0.24296875 0.303125
3 0.48125 0.4 0.10234375 0.14921875
3 0.31640625 0.35546875 0.06640625 0.134375
4 0.034375 0.49140625 0.0625 0.14296875
4 0.05390625 0.34375 0.04296875 0.1140625
0 0.95859375 0.26328125 0.03984375 0.05625
1 0.80703125 0.2453125 0.04296875 0.04453125
3 0.24375 0.67265625 0.1390625 0.22578125