3 0.6421875 0.31484375 0.2375 0.19375
3 0.67265625 0.77734375 0.165625 0.175
3 0.35390625 0.88203125 0.1265625 0.109375
3 0.4625 0.55625 0.171875 0.146875
3 0.5640625 0.834375 0.171875 0.1515625
3 0.3078125 0.66328125 0.1 0.0875
0 0.39375 0.71328125 0.14375 0.05625
5 0.3296875 0.23828125 0.315625 0.3515625
1 0.21015625 0.8875 0.0703125 0.04375
0 0.70625 0.4484375 0.2875 0.0859375
3 0.1484375 0.85546875 0.046875 0.0390625
3 0.2015625 0.77890625 0.059375 0.046875
5 0.140625 0.58984375 0.0578125 0.04375
0 0.1875 0.8421875 0.053125 0.025
1 0.15859375 0.88046875 0.0375 0.034375
3 0.24140625 0.73515625 0.075 0.0609375
1 0.14296875 0.93984375 0.05 0.028125
3 0.5578125 0.0234375 0.28125 0.046875
0 0.21875 0.8296875 0.059375 0.025
5 0.21640625 0.08828125 0.1765625 0.1765625
5 0.10234375 0.72734375 0.059375 0.06875
5 0.0875 0.83359375 0.04375 0.0375
0 0.32578125 0.56796875 0.084375 0.0375
0 0.4546875 0.30546875 0.140625 0.0625
4 0.4703125 0.7734375 0.078125 0.028125
4 0.53515625 0.978125 0.1140625 0.04375
4 0.371875 0.975 0.1375 0.0171875
4 0.3953125 0.95390625 0.121875 0.021875
4 0.875 0.94140625 0.153125 0.05
4 0.85625 0.74609375 0.228125 0.05625
3 0.28515625 0.9625 0.059375 0.071875
3 0.20390625 0.96796875 0.0625 0.04375
1 0.17421875 0.91015625 0.05 0.025
3 0.12265625 0.88828125 0.0296875 0.01875
3 0.13203125 0.909375 0.0328125 0.025
3 0.2046875 0.71796875 0.059375 0.05
3 0.22578125 0.65625 0.0734375 0.053125