3 0.2671875 0.246875 0.303125 0.228125
4 0.20546875 0.26640625 0.26875 0.11875
4 0.16484375 0.05625 0.2171875 0.1125
3 0.415625 0.1734375 0.21875 0.184375
3 0.4421875 0.39921875 0.2375 0.19375
0 0.35546875 0.5328125 0.31875 0.0671875
0 0.28515625 0.8046875 0.315625 0.1203125
0 0.49453125 0.79140625 0.175 0.08125
3 0.41640625 0.6953125 0.2421875 0.221875
3 0.62109375 0.4515625 0.1515625 0.15625
1 0.6078125 0.60625 0.178125 0.103125
1 0.73203125 0.14765625 0.10625 0.05625
0 0.6765625 0.27421875 0.128125 0.0640625
0 0.7125 0.22890625 0.10625 0.034375
0 0.7796875 0.3125 0.1 0.04375
4 0.478125 0.0234375 0.15625 0.046875
4 0.54453125 0.021875 0.1 0.04375
4 0.6375 0.05546875 0.146875 0.05
4 0.67265625 0.0125 0.0734375 0.025
5 0.846875 0.1296875 0.10625 0.0640625
5 0.91015625 0.121875 0.065625 0.05
2 0.90859375 0.04921875 0.0875 0.0515625
3 0.70078125 0.04375 0.1 0.071875
3 0.7984375 0.034375 0.0625 0.03125
0 0.76875 0.0578125 0.0609375 0.01875
0 0.83515625 0.05546875 0.053125 0.015625
0 0.83828125 0.0734375 0.053125 0.0125
0 0.8421875 0.08984375 0.0484375 0.0125
0 0.859375 0.08359375 0.040625 0.0125
3 0.77734375 0.2546875 0.0609375 0.05
3 0.803125 0.2046875 0.06875 0.05
3 0.82734375 0.1859375 0.053125 0.03125
1 0.81640625 0.5234375 0.0625 0.034375
2 0.89375 0.2234375 0.059375 0.04375
3 0.82265625 0.4828125 0.046875 0.03125
5 0.86953125 0.27265625 0.0390625 0.03125
3 0.8953125 0.18359375 0.025 0.025
0 0.83203125 0.446875 0.040625 0.01875
3 0.8546875 0.34921875 0.0328125 0.0234375
2 0.78359375 0.94296875 0.1765625 0.1140625
0 0.79296875 0.625 0.04375 0.021875
0 0.759375 0.78984375 0.05625 0.0265625
3 0.77890625 0.71328125 0.06875 0.071875