1 0.16953125 0.9 0.075 0.053125
3 0.69765625 0.7578125 0.278125 0.2078125
3 0.43515625 0.859375 0.159375 0.19375
3 0.56015625 0.81171875 0.2125 0.1625
0 0.45546875 0.3984375 0.171875 0.0875
3 0.12421875 0.86015625 0.0453125 0.0375
3 0.26875 0.7125 0.0890625 0.075
3 0.32109375 0.61640625 0.1125 0.1
0 0.46328125 0.1171875 0.2 0.078125
4 0.50078125 0.9640625 0.1359375 0.071875
0 0.18515625 0.83515625 0.05 0.0296875
0 0.36796875 0.5015625 0.140625 0.0453125
0 0.29140625 0.4953125 0.09375 0.0390625
0 0.5171875 0.27421875 0.1328125 0.084375
4 0.321875 0.9390625 0.14375 0.065625
1 0.70390625 0.31328125 0.36875 0.19375
1 0.2078125 0.696875 0.053125 0.0484375
3 0.25234375 0.5765625 0.0890625 0.090625
3 0.203125 0.778125 0.065625 0.0546875
2 0.10234375 0.67109375 0.06875 0.0640625
4 0.7734375 0.7171875 0.278125 0.109375
4 0.80625 0.940625 0.209375 0.11875
0 0.26484375 0.78671875 0.115625 0.0296875
0 0.33515625 0.7125 0.1390625 0.0328125
0 0.4359375 0.54140625 0.190625 0.046875
3 0.140625 0.83203125 0.0609375 0.040625
0 0.140625 0.79765625 0.0515625 0.01875
0 0.15859375 0.471875 0.03125 0.0171875
3 0.18046875 0.3671875 0.040625 0.05625