2 0.58515625 0.828125 0.575 0.34375
1 0.7046875 0.37734375 0.134375 0.0875
3 0.31015625 0.178125 0.296875 0.215625
3 0.46953125 0.1078125 0.2 0.1640625
3 0.70390625 0.04921875 0.115625 0.0828125
1 0.7765625 0.2109375 0.096875 0.065625
0 0.7828125 0.284375 0.09375 0.034375
0 0.8078125 0.24453125 0.071875 0.0265625
1 0.8390625 0.0453125 0.084375 0.046875
3 0.7390625 0.46015625 0.1125 0.0875
5 0.87578125 0.5875 0.0984375 0.19375
4 0.63671875 0.00625 0.1875 0.0125
3 0.659375 0.6203125 0.15625 0.0953125
1 0.16796875 0.6875 0.3359375 0.334375
3 0.859375 0.13125 0.06875 0.0359375
0 0.84296875 0.10703125 0.071875 0.01875
3 0.90078125 0.09921875 0.046875 0.0328125
3 0.86171875 0.23203125 0.046875 0.040625
0 0.9 0.003125 0.05 0.00625
3 0.7703125 0.0125 0.04375 0.025
4 0.3609375 0.65625 0.1109375 0.078125
2 0.96953125 0.1796875 0.0609375 0.0625