5 0.21484375 0.2140625 0.05 0.115625
1 0.1515625 0.253125 0.053125 0.071875
3 0.571875 0.42734375 0.1375 0.146875
3 0.22109375 0.71796875 0.2015625 0.271875
3 0.296875 0.24453125 0.05625 0.0421875
3 0.3015625 0.20546875 0.040625 0.04375
3 0.47734375 0.484375 0.1625 0.18125
0 0.8015625 0.5703125 0.096875 0.2125
3 0.16171875 0.5609375 0.153125 0.16875
3 0.90390625 0.40234375 0.1921875 0.496875
0 0.1796875 0.31484375 0.034375 0.0828125
3 0.4328125 0.34296875 0.103125 0.0921875
0 0.39453125 0.28984375 0.03125 0.0875
0 0.03984375 0.18515625 0.0140625 0.05
3 0.090625 0.18359375 0.0375 0.0546875
3 0.28828125 0.37890625 0.1234375 0.1546875
4 0.03515625 0.859375 0.06875 0.1375
4 0.02265625 0.51484375 0.0453125 0.1515625
4 0.10546875 0.40546875 0.0359375 0.15
4 0.02578125 0.3953125 0.028125 0.08125
3 0.484375 0.17890625 0.05 0.0609375
0 0.30625 0.50078125 0.046875 0.165625
3 0.4796875 0.30390625 0.065625 0.0828125
3 0.58203125 0.353125 0.1015625 0.1125
2 0.04921875 0.10859375 0.04375 0.0703125
3 0.1 0.35078125 0.075 0.121875
3 0.0109375 0.31953125 0.0125 0.046875
3 0.02421875 0.32734375 0.01875 0.0625
0 0.20390625 0.24140625 0.01875 0.065625
3 0.12890625 0.22109375 0.05 0.0609375
3 0.13203125 0.17421875 0.0421875 0.0265625
3 0.2546875 0.20546875 0.028125 0.05