3 0.29375 0.36484375 0.14375 0.125
3 0.22421875 0.553125 0.090625 0.078125
4 0.81953125 0.7328125 0.259375 0.0765625
0 0.565625 0.234375 0.221875 0.075
3 0.31171875 0.47734375 0.13125 0.11875
0 0.81640625 0.29609375 0.33125 0.10625
2 0.07109375 0.7859375 0.071875 0.06875
3 0.18984375 0.68203125 0.08125 0.0734375
3 0.51328125 0.80546875 0.178125 0.171875
4 0.90390625 0.94296875 0.1921875 0.0984375
5 0.16953125 0.7640625 0.109375 0.053125
4 0.309375 0.9515625 0.121875 0.0375
0 0.32734375 0.63515625 0.1328125 0.04375
3 0.2390625 0.61796875 0.1125 0.071875
0 0.46875 0.54609375 0.15 0.0625
4 0.45390625 0.96796875 0.184375 0.0640625
3 0.16484375 0.6125 0.040625 0.05625
0 0.33671875 0.5625 0.125 0.0453125
4 0.31015625 0.9375 0.125 0.0390625
0 0.35859375 0.68125 0.16875 0.05
3 0.6828125 0.7421875 0.2671875 0.2125
1 0.1375 0.3234375 0.040625 0.0421875
5 0.1171875 0.3984375 0.078125 0.078125
3 0.1828125 0.14921875 0.046875 0.090625
1 0.10078125 0.48515625 0.04375 0.0390625
5 0.0578125 0.8953125 0.08125 0.04375
5 0.021875 0.915625 0.04375 0.065625
2 0.03203125 0.74375 0.0640625 0.04375
2 0.0078125 0.871875 0.015625 0.025
3 0.2390625 0.9390625 0.1046875 0.0765625
0 0.4921875 0.459375 0.221875 0.0625
0 0.2703125 0.76796875 0.003125 0.0015625
0 0.21484375 0.80078125 0.1046875 0.034375
0 0.1875 0.875 0.09375 0.028125
0 0.2046875 0.8234375 0.09375 0.021875
3 0.14140625 0.66015625 0.034375 0.053125
3 0.096875 0.8421875 0.046875 0.03125
0 0.12890625 0.88671875 0.0546875 0.0171875