1 0.5078125 0.68515625 0.17890625 0.328125
2 0.325 0.33203125 0.171875 0.28125
1 0.725 0.42734375 0.16015625 0.1765625
3 0.2234375 0.6921875 0.21796875 0.25703125
0 0.57890625 0.3703125 0.05234375 0.11484375
1 0.11875 0.1828125 0.034375 0.0703125
0 0.45625 0.35703125 0.0453125 0.09453125
3 0.9140625 0.246875 0.07890625 0.078125
0 0.51640625 0.36328125 0.046875 0.1140625
4 0.08515625 0.79921875 0.06484375 0.16015625
0 0.165625 0.23671875 0.0234375 0.0890625
5 0.2640625 0.096875 0.078125 0.09375
4 0.07734375 0.90234375 0.07265625 0.1953125
3 0.18359375 0.5390625 0.14921875 0.14296875
4 0.0390625 0.49453125 0.07109375 0.153125
4 0.0734375 0.37109375 0.03203125 0.121875
3 0.12734375 0.32578125 0.07890625 0.0890625
0 0.08984375 0.15859375 0.01796875 0.05546875
4 0.02578125 0.72890625 0.0515625 0.1875
0 0.203125 0.21328125 0.01796875 0.06484375
4 0.290625 0.8734375 0.07890625 0.253125
0 0.1375 0.39609375 0.04453125 0.14296875
3 0.45390625 0.2875 0.06953125 0.09609375
3 0.8265625 0.23125 0.0640625 0.0765625
1 0.7 0.2140625 0.03515625 0.05234375
1 0.471875 0.1703125 0.021875 0.04453125
1 0.50625 0.178125 0.0265625 0.04375
5 0.10625 0.11484375 0.0515625 0.08046875
1 0.96328125 0.2671875 0.0734375 0.096875
3 0.146875 0.1734375 0.02734375 0.06015625
4 0.18046875 0.16171875 0.009375 0.04375
4 0.18828125 0.18125 0.0109375 0.0546875
4 0.2109375 0.18671875 0.015625 0.05625