3 0.23203125 0.68046875 0.1921875 0.23203125
3 0.103125 0.2953125 0.11015625 0.07578125
2 0.4359375 0.41796875 0.2703125 0.42890625
3 0.87265625 0.48984375 0.20703125 0.19296875
3 0.1828125 0.54296875 0.1484375 0.1578125
1 0.11796875 0.41328125 0.11015625 0.16953125
4 0.05 0.346875 0.034375 0.11171875
0 0.1546875 0.203125 0.02265625 0.05625
0 0.2640625 0.30234375 0.0421875 0.10703125
2 0.6234375 0.1921875 0.1140625 0.08515625
3 0.634375 0.4671875 0.13515625 0.165625
0 0.6 0.52109375 0.04296875 0.18125
0 0.25703125 0.20390625 0.015625 0.04765625
0 0.21015625 0.19375 0.0109375 0.0578125
0 0.225 0.18515625 0.0109375 0.053125
4 0.18359375 0.39921875 0.0328125 0.10546875
4 0.034375 0.51796875 0.0625 0.13125
3 0.75703125 0.9390625 0.31875 0.121875
1 0.45234375 0.86171875 0.15 0.2390625