3 0.5265625 0.16171875 0.24375 0.2328125
3 0.71171875 0.7609375 0.271875 0.203125
3 0.55546875 0.82421875 0.171875 0.146875
3 0.4203125 0.8140625 0.1203125 0.115625
0 0.33515625 0.51015625 0.1140625 0.040625
1 0.20078125 0.90390625 0.075 0.053125
3 0.275 0.7109375 0.1046875 0.084375
5 0.2609375 0.53828125 0.140625 0.13125
5 0.48046875 0.37734375 0.3703125 0.209375
5 0.20859375 0.571875 0.234375 0.20625
0 0.6484375 0.52109375 0.271875 0.071875
0 0.76640625 0.29921875 0.290625 0.103125
3 0.33515625 0.87421875 0.10625 0.1
0 0.23984375 0.8046875 0.08125 0.0359375
3 0.29921875 0.9359375 0.0828125 0.059375
3 0.25859375 0.0546875 0.10625 0.109375
4 0.8375 0.93046875 0.165625 0.071875
4 0.97265625 0.75625 0.053125 0.053125
4 0.48125 0.95859375 0.184375 0.0375
0 0.29765625 0.75859375 0.10625 0.028125
5 0.18359375 0.74609375 0.078125 0.0734375
0 0.171875 0.84765625 0.05625 0.015625
3 0.12421875 0.90703125 0.059375 0.075
3 0.22890625 0.15625 0.065625 0.059375