5 0.3421875 0.37890625 0.1671875 0.16875
3 0.8046875 0.30390625 0.090625 0.0890625
0 0.2078125 0.7 0.09375 0.2609375
3 0.8265625 0.7421875 0.2375 0.2890625
3 0.2046875 0.56484375 0.2234375 0.209375
0 0.38671875 0.4671875 0.0546875 0.1625
3 0.875 0.58125 0.1609375 0.1796875
0 0.51484375 0.62578125 0.065625 0.21875
5 0.50390625 0.21328125 0.2171875 0.2421875
3 0.75546875 0.24609375 0.06875 0.071875
0 0.50234375 0.46796875 0.05625 0.15
5 0.66953125 0.4140625 0.121875 0.290625
1 0.815625 0.22734375 0.053125 0.05625
0 0.43671875 0.4 0.0421875 0.15
3 0.9359375 0.3484375 0.0921875 0.121875
4 0.92890625 0.40234375 0.0359375 0.1625
3 0.88125 0.25546875 0.0578125 0.078125
4 0.98046875 0.90390625 0.0390625 0.1734375
0 0.35625 0.72578125 0.08125 0.2875
3 0.98359375 0.165625 0.0328125 0.071875
1 0.94375 0.1875 0.034375 0.0671875
3 0.83984375 0.18046875 0.0453125 0.0421875
3 0.9125 0.20234375 0.046875 0.053125
4 0.99453125 0.36484375 0.0109375 0.1296875
3 0.534375 0.39921875 0.128125 0.1609375
5 0.77265625 0.15703125 0.0921875 0.1265625
3 0.0921875 0.2828125 0.1203125 0.1125