3 0.2390625 0.68671875 0.190625 0.25234375
3 0.1828125 0.54609375 0.14140625 0.16796875
2 0.65 0.5515625 0.484375 0.52265625
0 0.23515625 0.25625 0.03203125 0.07734375
1 0.82578125 0.2328125 0.07890625 0.06171875
0 0.29453125 0.27578125 0.0390625 0.0875
5 0.4359375 0.13671875 0.125 0.1171875
4 0.3203125 0.60546875 0.04921875 0.175
4 0.253125 0.84765625 0.06875 0.20859375
4 0.07578125 0.82109375 0.07109375 0.20859375
4 0.18359375 0.4140625 0.0359375 0.0875
4 0.12734375 0.39765625 0.0359375 0.1234375
4 0.08671875 0.459375 0.03828125 0.17421875
4 0.05390625 0.48125 0.028125 0.18828125
3 0.39765625 0.2859375 0.0921875 0.0859375
0 0.390625 0.33671875 0.03671875 0.121875
5 0.2859375 0.18125 0.05546875 0.084375
3 0.29453125 0.23359375 0.06171875 0.0609375
3 0.1296875 0.32890625 0.07109375 0.09296875
0 0.1921875 0.25859375 0.02109375 0.0859375
0 0.20546875 0.2109375 0.01640625 0.0546875
0 0.22890625 0.18984375 0.0140625 0.0578125
0 0.16484375 0.21796875 0.02109375 0.0703125
0 0.13515625 0.21875 0.01875 0.071875
3 0.0890625 0.24765625 0.06953125 0.0703125
5 0.12578125 0.11328125 0.05234375 0.06328125
5 0.20625 0.1765625 0.03359375 0.040625
3 0.0953125 0.1421875 0.03203125 0.0453125
3 0.1515625 0.1640625 0.03203125 0.03203125
0 0.115625 0.1953125 0.01328125 0.0546875
2 0.921875 0.7265625 0.15546875 0.546875
2 0.77578125 0.3625 0.13828125 0.08828125
0 0.59375 0.20234375 0.02109375 0.04296875
0 0.096875 0.18359375 0.01328125 0.05390625