3 0.9046875 0.56171875 0.190625 0.209375
5 0.62265625 0.34296875 0.165625 0.2109375
3 0.82578125 0.3984375 0.175 0.15625
2 0.146875 0.13359375 0.1 0.13125
3 0.7375 0.71015625 0.2796875 0.30625
3 0.22734375 0.71953125 0.2375 0.2875
3 0.42109375 0.35546875 0.1125 0.115625
3 0.5265625 0.2890625 0.0796875 0.08125
0 0.4953125 0.34140625 0.05 0.1125
3 0.178125 0.55 0.15 0.1640625
0 0.35859375 0.425 0.05625 0.1328125
3 0.27265625 0.33671875 0.109375 0.1375
4 0.1203125 0.39140625 0.028125 0.14375
0 0.16953125 0.2765625 0.028125 0.090625
4 0.02890625 0.5125 0.0578125 0.128125
3 0.37578125 0.25625 0.08125 0.046875
0 0.19296875 0.29609375 0.028125 0.09375
3 0.3890625 0.2140625 0.0578125 0.040625
3 0.16484375 0.22578125 0.071875 0.0578125
0 0.459375 0.26953125 0.0375 0.084375
4 0.0796875 0.35703125 0.025 0.13125
3 0.2609375 0.2578125 0.05625 0.034375
3 0.65234375 0.50703125 0.2015625 0.15
1 0.975 0.90234375 0.05 0.19375
3 0.12734375 0.32734375 0.065625 0.115625
3 0.06171875 0.27265625 0.0640625 0.0625
0 0.075 0.1703125 0.034375 0.05625
3 0.3 0.25 0.0375 0.06875
1 0.30625 0.196875 0.0375 0.04375
3 0.31484375 0.17734375 0.0453125 0.040625
3 0.21796875 0.20859375 0.028125 0.071875
0 0.246875 0.209375 0.021875 0.046875
3 0.2046875 0.175 0.015625 0.04375
0 0.23671875 0.16171875 0.04375 0.0375
2 0.41328125 0.12421875 0.0625 0.0765625
1 0.81953125 0.2140625 0.059375 0.053125
0 0.86328125 0.23203125 0.01875 0.040625
0 0.8953125 0.415625 0.0375 0.0875