2 0.853125 0.403125 0.1078125 0.1515625
3 0.303125 0.2671875 0.325 0.30625
3 0.6796875 0.403125 0.109375 0.071875
0 0.52734375 0.22265625 0.128125 0.0734375
3 0.34921875 0.7984375 0.1875 0.1875
3 0.4671875 0.853125 0.16875 0.1453125
1 0.7015625 0.6703125 0.1140625 0.0625
1 0.6046875 0.91875 0.165625 0.10625
0 0.50703125 0.278125 0.1046875 0.075
0 0.77734375 0.859375 0.08125 0.028125
0 0.60078125 0.61171875 0.1625 0.0359375
0 0.7078125 0.5703125 0.0953125 0.04375
1 0.78671875 0.796875 0.059375 0.0515625
0 0.76796875 0.7109375 0.109375 0.04375
3 0.51953125 0.109375 0.1625 0.16875
1 0.7796875 0.909375 0.103125 0.0546875
0 0.890625 0.8140625 0.103125 0.078125
1 0.68359375 0.77890625 0.134375 0.1015625
4 0.6734375 0.98671875 0.121875 0.0265625
5 0.90859375 0.896875 0.06875 0.04375
4 0.74296875 0.9328125 0.0875 0.0359375
4 0.49921875 0.9828125 0.1296875 0.034375
0 0.77109375 0.08515625 0.071875 0.040625
3 0.65625 0.4953125 0.1515625 0.128125
0 0.7515625 0.83046875 0.084375 0.03125
3 0.8328125 0.9484375 0.0671875 0.04375
3 0.8578125 0.90703125 0.046875 0.053125
3 0.73828125 0.96796875 0.0796875 0.0640625
4 0.56015625 0.9921875 0.134375 0.015625
2 0.8921875 0.70234375 0.075 0.059375
3 0.81484375 0.8390625 0.05 0.0375
0 0.53203125 0.46328125 0.1625 0.05
4 0.22734375 0.77109375 0.2484375 0.0546875
0 0.8125 0.871875 0.05 0.009375
2 0.8890625 0.63359375 0.08125 0.084375