3 0.63359375 0.25 0.1203125 0.0703125
2 0.734375 0.634375 0.53125 0.73125
3 0.93046875 0.34453125 0.1390625 0.134375
3 0.2328125 0.66171875 0.2359375 0.3140625
5 0.409375 0.05 0.10625 0.1
3 0.4125 0.2515625 0.09375 0.1125
3 0.18203125 0.53671875 0.175 0.228125
3 0.496875 0.2265625 0.084375 0.11875
5 0.11015625 0.35390625 0.103125 0.1671875
5 0.378125 0.17421875 0.071875 0.096875
2 0.98828125 0.2171875 0.0234375 0.0625
3 0.2625 0.2125 0.084375 0.121875
4 0.89375 0.175 0.0265625 0.046875
3 0.25078125 0.1203125 0.053125 0.071875
3 0.2828125 0.1484375 0.0515625 0.04375
3 0.0765625 0.109375 0.040625 0.04375
4 0.02578125 0.459375 0.0515625 0.178125
4 0.021875 0.26328125 0.04375 0.1578125
0 0.08515625 0.13984375 0.01875 0.0671875
0 0.17109375 0.146875 0.015625 0.08125
0 0.1890625 0.14140625 0.0171875 0.06875
0 0.36640625 0.3140625 0.040625 0.15625
5 0.19921875 0.015625 0.0640625 0.03125
1 0.6625 0.1296875 0.04375 0.034375
1 0.56328125 0.1046875 0.03125 0.053125