3 0.31953125 0.375 0.1 0.1375
3 0.21484375 0.6859375 0.190625 0.26875
3 0.16171875 0.53515625 0.1546875 0.1625
3 0.0796875 0.26484375 0.084375 0.09375
1 0.37265625 0.27578125 0.06875 0.0953125
3 0.19140625 0.30703125 0.125 0.103125
1 0.6328125 0.32734375 0.075 0.1125
1 0.09140625 0.38828125 0.103125 0.1578125
1 0.59609375 0.63828125 0.1625 0.296875
3 0.5984375 0.42890625 0.159375 0.14375
0 0.06640625 0.15625 0.021875 0.05
0 0.2796875 0.2953125 0.034375 0.078125
5 0.45546875 0.20234375 0.190625 0.20625
0 0.3375 0.43125 0.053125 0.1109375
3 0.82109375 0.4203125 0.178125 0.1546875
0 0.42109375 0.45078125 0.0578125 0.190625
0 0.21328125 0.18125 0.03125 0.059375
1 0.9140625 0.60078125 0.171875 0.303125
3 0.95546875 0.25703125 0.0890625 0.06875
4 0.01484375 0.3328125 0.0296875 0.1453125
0 0.13125 0.13671875 0.028125 0.0484375
3 0.08515625 0.140625 0.0328125 0.04375
5 0.47421875 0.3078125 0.11875 0.14375
4 0.01796875 0.48671875 0.0359375 0.146875
0 0.84609375 0.7546875 0.109375 0.35625
0 0.93828125 0.92890625 0.1015625 0.1421875
1 0.4078125 0.87421875 0.2203125 0.2515625
1 0.69609375 0.1953125 0.03125 0.046875
3 0.2828125 0.2671875 0.075 0.0703125