3 0.23515625 0.696875 0.20625 0.259375
3 0.13203125 0.340625 0.06796875 0.09609375
3 0.1828125 0.5453125 0.15703125 0.16640625
0 0.5765625 0.38515625 0.0484375 0.109375
2 0.34765625 0.31640625 0.1796875 0.27265625
5 0.73515625 0.38203125 0.1828125 0.21015625
4 0.0953125 0.38984375 0.04140625 0.13671875
4 0.0390625 0.5078125 0.07109375 0.13125
1 0.15078125 0.22890625 0.0515625 0.08125
5 0.25859375 0.10625 0.05859375 0.0796875
3 0.93203125 0.2765625 0.1125 0.09609375
5 0.16796875 0.07578125 0.046875 0.065625
0 0.39375 0.53671875 0.04609375 0.23828125
0 0.5 0.378125 0.0390625 0.13046875
0 0.34765625 0.5875 0.04609375 0.20078125
3 0.5125 0.34296875 0.075 0.0875
3 0.534375 0.31875 0.078125 0.09140625
0 0.5890625 0.46953125 0.05 0.18828125