3 0.45859375 0.6140625 0.18515625 0.23203125
3 0.23046875 0.66015625 0.18359375 0.18515625
0 0.62578125 0.49453125 0.071875 0.18125
0 0.72421875 0.6390625 0.09453125 0.25859375
1 0.31484375 0.2625 0.05078125 0.09765625
3 0.1828125 0.5453125 0.1515625 0.171875
1 0.1078125 0.21328125 0.04453125 0.0796875
0 0.2171875 0.22578125 0.02578125 0.07109375
0 0.334375 0.44453125 0.05390625 0.165625
5 0.859375 0.22421875 0.20234375 0.1375
3 0.51328125 0.31484375 0.096875 0.11171875
0 0.159375 0.2375 0.025 0.071875
3 0.08046875 0.27890625 0.0578125 0.084375
3 0.3890625 0.28515625 0.06640625 0.096875
3 0.271875 0.25 0.0328125 0.07109375
3 0.165625 0.15234375 0.03046875 0.04375
3 0.2015625 0.1671875 0.04296875 0.0453125
1 0.08203125 0.15546875 0.02734375 0.04609375
4 0.071875 0.871875 0.0625 0.23984375
4 0.26171875 0.80625 0.06953125 0.2640625
4 0.04140625 0.525 0.06328125 0.1140625
4 0.0484375 0.34609375 0.015625 0.11015625
4 0.06015625 0.3359375 0.0171875 0.12578125