3 0.53828125 0.3234375 0.096875 0.0984375
3 0.40859375 0.33125 0.09453125 0.10859375
2 0.5765625 0.1765625 0.12734375 0.0953125
1 0.115625 0.4078125 0.1015625 0.1546875
0 0.378125 0.5078125 0.0484375 0.18828125
2 0.9546875 0.23671875 0.08984375 0.19296875
0 0.63046875 0.66796875 0.084375 0.26171875
3 0.26015625 0.28125 0.08125 0.0671875
3 0.18984375 0.54453125 0.159375 0.15859375
0 0.34140625 0.3578125 0.03359375 0.13515625
3 0.23515625 0.70546875 0.215625 0.26640625
0 0.16953125 0.2875 0.03125 0.09140625
4 0.2625 0.79296875 0.06875 0.221875
3 0.4203125 0.24765625 0.05625 0.0484375
1 0.16484375 0.19453125 0.03515625 0.0703125
0 0.62265625 0.5015625 0.059375 0.1125
3 0.22578125 0.20390625 0.04765625 0.05859375
0 0.62421875 0.546875 0.06953125 0.1984375
1 0.88984375 0.5578125 0.2203125 0.3359375
4 0.0234375 0.5078125 0.03984375 0.10703125
4 0.05 0.33984375 0.0171875 0.115625
4 0.03515625 0.28984375 0.0125 0.0484375
0 0.13515625 0.2265625 0.0140625 0.07265625
0 0.17578125 0.2109375 0.0140625 0.03828125
0 0.196875 0.23515625 0.015625 0.07890625
0 0.265625 0.21171875 0.01484375 0.0265625
3 0.2875 0.215625 0.021875 0.04921875
3 0.31484375 0.29609375 0.02734375 0.08515625
0 0.31484375 0.2328125 0.01328125 0.0390625
0 0.30703125 0.215625 0.01484375 0.04140625
5 0.12265625 0.11484375 0.075 0.09296875
3 0.10859375 0.203125 0.0359375 0.071875
0 0.09375 0.17578125 0.01328125 0.04609375
0 0.1328125 0.15703125 0.009375 0.03828125
3 0.36953125 0.23984375 0.04296875 0.0828125
5 0.41875 0.13671875 0.075 0.07734375
3 0.71640625 0.225 0.0515625 0.046875
0 0.73125 0.2375 0.01796875 0.021875
3 0.21328125 0.1671875 0.03203125 0.0203125