2 0.60390625 0.621875 0.3875 0.275
3 0.3 0.753125 0.278125 0.20625
3 0.55234375 0.3203125 0.1828125 0.1625
3 0.47734375 0.8125 0.121875 0.1640625
0 0.40859375 0.05 0.26875 0.09375
5 0.8359375 0.62109375 0.1296875 0.13125
1 0.60625 0.8828125 0.15625 0.10625
5 0.92421875 0.60625 0.1515625 0.121875
3 0.84140625 0.4828125 0.0359375 0.04375
1 0.81484375 0.85 0.103125 0.05
3 0.9046875 0.7296875 0.021875 0.0328125
4 0.771875 0.06953125 0.046875 0.03125
3 0.8859375 0.90546875 0.03125 0.028125
0 0.77890625 0.8046875 0.0875 0.0234375
1 0.83671875 0.91484375 0.071875 0.034375
0 0.67265625 0.76953125 0.1390625 0.046875
5 0.934375 0.8109375 0.03125 0.0296875
4 0.28203125 0.90078125 0.2546875 0.0609375
4 0.5125 0.9734375 0.1625 0.053125
3 0.8 0.22421875 0.065625 0.121875
1 0.75390625 0.01875 0.0828125 0.0375
0 0.78671875 0.7578125 0.090625 0.046875
0 0.56328125 0.48828125 0.1765625 0.028125
4 0.65859375 0.9578125 0.15 0.0515625