1 0.95234375 0.13046875 0.03125 0.06875
5 0.96875 0.81171875 0.0625 0.1984375
3 0.79296875 0.67890625 0.215625 0.26875
2 0.56328125 0.4109375 0.2921875 0.4375
3 0.8515625 0.52109375 0.159375 0.16875
0 0.14296875 0.1828125 0.0546875 0.084375
5 0.075 0.2359375 0.15 0.1875
1 0.90703125 0.1734375 0.04375 0.075
3 0.86796875 0.12421875 0.040625 0.0484375
3 0.92265625 0.10546875 0.03125 0.0515625
4 0.959375 0.28515625 0.04375 0.08125
3 0.371875 0.32578125 0.1234375 0.10625
3 0.321875 0.428125 0.153125 0.1875
0 0.71640625 0.1953125 0.034375 0.08125
2 0.59921875 0.1765625 0.228125 0.15
2 0.13203125 0.77421875 0.2625 0.45
0 0.81953125 0.13359375 0.0296875 0.0515625
5 0.153125 0.540625 0.30625 0.41875
1 0.2796875 0.4734375 0.078125 0.196875
5 0.22265625 0.16953125 0.09375 0.10625
5 0.828125 0.8703125 0.075 0.259375
5 0.95546875 0.84921875 0.078125 0.146875
5 0.98515625 0.4421875 0.028125 0.203125
5 0.925 0.471875 0.034375 0.15
5 0.8640625 0.403125 0.028125 0.0765625
5 0.8328125 0.38359375 0.021875 0.10625
5 0.91015625 0.34453125 0.0375 0.0828125
5 0.9546875 0.43359375 0.028125 0.203125
5 0.9609375 0.3125 0.025 0.05
5 0.98984375 0.29140625 0.01875 0.0609375
5 0.965625 0.2625 0.0125 0.0234375
3 0.9078125 0.2703125 0.059375 0.071875
3 0.97578125 0.18671875 0.040625 0.071875
0 0.95625 0.14453125 0.015625 0.05625
4 0.978125 0.14140625 0.015625 0.021875