2 0.16796875 0.11796875 0.3359375 0.234375
1 0.44921875 0.24140625 0.203125 0.2
0 0.39453125 0.09765625 0.1171875 0.09375
3 0.41875 0.83203125 0.178125 0.15625
3 0.2546875 0.77421875 0.275 0.20625
1 0.7203125 0.0265625 0.06875 0.053125
1 0.83828125 0.80625 0.078125 0.04375
3 0.5859375 0.41171875 0.159375 0.1375
3 0.7625 0.13359375 0.0703125 0.06875
3 0.77109375 0.69765625 0.0625 0.059375
0 0.75546875 0.8171875 0.075 0.034375
1 0.22265625 0.51640625 0.378125 0.1875
4 0.16796875 0.67265625 0.3359375 0.0703125
0 0.4421875 0.48359375 0.0625 0.053125
1 0.5828125 0.61171875 0.18125 0.1109375
1 0.7046875 0.72109375 0.103125 0.05625
1 0.66015625 0.65546875 0.140625 0.0984375
3 0.734375 0.6046875 0.090625 0.0390625
3 0.64375 0.8875 0.11875 0.09375
1 0.75 0.64921875 0.059375 0.046875
0 0.5859375 0.8796875 0.14375 0.05
4 0.44375 0.98125 0.128125 0.0375
4 0.57734375 0.98125 0.1359375 0.0328125
4 0.66796875 0.97265625 0.08125 0.040625
3 0.765625 0.95546875 0.0796875 0.0390625
3 0.07578125 0.9421875 0.15 0.071875
3 0.1828125 0.9484375 0.084375 0.0453125
3 0.74921875 0.0390625 0.08125 0.078125
5 0.88046875 0.6046875 0.1125 0.0890625
0 0.60234375 0.20859375 0.0828125 0.040625
3 0.7484375 0.88203125 0.08125 0.0546875