3 0.06484375 0.81171875 0.028125 0.021875
3 0.13125 0.8203125 0.046875 0.0453125
3 0.6390625 0.8015625 0.190625 0.203125
3 0.21796875 0.084375 0.08125 0.1015625
0 0.21171875 0.76484375 0.078125 0.021875
1 0.321875 0.7140625 0.1453125 0.090625
3 0.18515625 0.84921875 0.065625 0.0546875
3 0.5171875 0.859375 0.16875 0.153125
3 0.421875 0.534375 0.1859375 0.15
0 0.2734375 0.80859375 0.1046875 0.04375
2 0.0984375 0.584375 0.09375 0.0984375
3 0.23203125 0.590625 0.0875 0.0890625
4 0.74296875 0.759375 0.20625 0.1078125
1 0.12109375 0.8875 0.0375 0.03125
4 0.48203125 0.9875 0.14375 0.025
0 0.44140625 0.31015625 0.175 0.078125
0 0.534375 0.27734375 0.259375 0.1015625
0 0.30078125 0.4703125 0.1140625 0.0328125
0 0.1671875 0.7984375 0.065625 0.0140625
3 0.325 0.5453125 0.090625 0.115625
4 0.8234375 0.97109375 0.1875 0.0578125
4 0.30625 0.99296875 0.140625 0.0140625
4 0.31796875 0.97578125 0.103125 0.021875
0 0.27890625 0.88359375 0.08125 0.0328125
3 0.384375 0.91328125 0.140625 0.128125
0 0.21796875 0.74453125 0.059375 0.0125
0 0.234375 0.7234375 0.03125 0.01875
0 0.1953125 0.72734375 0.0421875 0.0265625
0 0.1625 0.78125 0.0703125 0.0140625
0 0.134375 0.8609375 0.0296875 0.015625
0 0.18984375 0.8921875 0.075 0.01875
3 0.1515625 0.87734375 0.04375 0.028125
0 0.13984375 0.9390625 0.059375 0.0125
3 0.11015625 0.91484375 0.040625 0.028125
3 0.07265625 0.93828125 0.028125 0.025
0 0.09609375 0.9328125 0.0390625 0.009375
0 0.09609375 0.95546875 0.0421875 0.0125
5 0.04140625 0.86015625 0.046875 0.0328125
0 0.06953125 0.80703125 0.015625 0.0125
5 0.0125 0.9421875 0.025 0.025
5 0.13359375 0.50234375 0.053125 0.04375
0 0.159375 0.3640625 0.03125 0.0171875