3 0.6421875 0.54765625 0.278125 0.240625
3 0.69375 0.2453125 0.2640625 0.19375
1 0.2296875 0.13203125 0.084375 0.05625
3 0.5453125 0.18359375 0.1734375 0.134375
0 0.34140625 0.32421875 0.121875 0.040625
3 0.26640625 0.2578125 0.090625 0.059375
3 0.20234375 0.25078125 0.0375 0.0484375
0 0.25859375 0.18359375 0.096875 0.03125
3 0.1625 0.18671875 0.046875 0.040625
3 0.24765625 0.92890625 0.0875 0.10625
3 0.35546875 0.52265625 0.121875 0.090625
3 0.28515625 0.49921875 0.096875 0.090625
4 0.84296875 0.075 0.128125 0.065625
4 0.76484375 0.08359375 0.0734375 0.034375
4 0.47421875 0.0515625 0.225 0.0390625
0 0.39765625 0.1359375 0.153125 0.0390625
3 0.3296875 0.12890625 0.1 0.0875
4 0.31171875 0.04765625 0.046875 0.01875
3 0.2234375 0.065625 0.078125 0.0375
0 0.14921875 0.08515625 0.040625 0.009375
0 0.140625 0.11796875 0.034375 0.009375
0 0.14609375 0.1390625 0.053125 0.009375
4 0.9390625 0.51328125 0.121875 0.08125