3 0.54765625 0.18671875 0.178125 0.159375
3 0.2703125 0.35078125 0.103125 0.0671875
3 0.7015625 0.240625 0.2609375 0.20625
3 0.2796875 0.47265625 0.09375 0.0890625
1 0.41640625 0.2671875 0.1546875 0.1109375
5 0.21953125 0.30390625 0.1125 0.05625
0 0.55234375 0.73046875 0.23125 0.0953125
3 0.4296875 0.67734375 0.190625 0.15
3 0.25859375 0.95 0.075 0.0875
3 0.43671875 0.8328125 0.1625 0.1703125
5 0.10625 0.1125 0.0953125 0.0546875
0 0.2765625 0.22578125 0.09375 0.025
4 0.875 0.06875 0.23125 0.065625
3 0.35625 0.52578125 0.13125 0.121875
3 0.2453125 0.86328125 0.05 0.06875
3 0.20859375 0.73125 0.0609375 0.05625
1 0.2234375 0.76328125 0.040625 0.053125
5 0.15 0.4875 0.1 0.090625
5 0.23359375 0.38359375 0.10625 0.0625
0 0.25859375 0.16328125 0.096875 0.0203125
0 0.32265625 0.1984375 0.1328125 0.021875
3 0.246875 0.228125 0.071875 0.0515625
1 0.19609375 0.21796875 0.0328125 0.0359375
3 0.1859375 0.18359375 0.05 0.03125
5 0.18046875 0.66796875 0.0796875 0.084375
5 0.128125 0.2 0.06875 0.040625
4 0.9328125 0.4546875 0.134375 0.084375
4 0.5171875 0.0359375 0.115625 0.0625
4 0.41015625 0.05078125 0.16875 0.01875
4 0.353125 0.07578125 0.128125 0.015625
4 0.38828125 0.125 0.15625 0.0296875
4 0.29765625 0.04765625 0.034375 0.021875
3 0.33046875 0.12421875 0.11875 0.078125
0 0.159375 0.075 0.0484375 0.0125
0 0.16484375 0.09375 0.053125 0.009375
0 0.1546875 0.10625 0.04375 0.0109375
0 0.209375 0.13046875 0.071875 0.0125
0 0.196875 0.25 0.0703125 0.015625
0 0.18984375 0.271875 0.059375 0.0109375