3 0.3015625 0.76640625 0.271875 0.1984375
2 0.39453125 0.2984375 0.675 0.546875
2 0.81796875 0.1984375 0.1375 0.1921875
3 0.4515625 0.828125 0.178125 0.1484375
0 0.66953125 0.58984375 0.1203125 0.04375
3 0.7328125 0.5578125 0.08125 0.0875
1 0.59140625 0.89609375 0.171875 0.1078125
0 0.65 0.646875 0.125 0.04375
5 0.83046875 0.85 0.109375 0.059375
0 0.74921875 0.81484375 0.0875 0.034375
0 0.76953125 0.0375 0.10625 0.065625
4 0.66796875 0.9671875 0.1140625 0.0390625
4 0.490625 0.97265625 0.140625 0.0546875
3 0.76796875 0.8921875 0.084375 0.0796875
0 0.27265625 0.00859375 0.31875 0.0171875
4 0.340625 0.59765625 0.15625 0.040625
4 0.43359375 0.58125 0.059375 0.0375
4 0.71171875 0.8796875 0.059375 0.01875
0 0.83515625 0.896875 0.05 0.0109375
3 0.828125 0.8109375 0.053125 0.01875
3 0.740625 0.94765625 0.078125 0.034375