3 0.790625 0.3484375 0.084375 0.13125
3 0.78046875 0.72109375 0.2 0.2734375
3 0.159375 0.553125 0.209375 0.2390625
5 0.49296875 0.1921875 0.23125 0.278125
3 0.9015625 0.3515625 0.0828125 0.10625
3 0.84296875 0.5640625 0.1546875 0.175
0 0.58671875 0.3984375 0.0375 0.140625
1 0.46171875 0.76328125 0.1875 0.3734375
4 0.97109375 0.33984375 0.0375 0.08125
3 0.0890625 0.2578125 0.1 0.09375
0 0.64296875 0.37890625 0.0328125 0.13125
3 0.734375 0.24140625 0.04375 0.065625
3 0.4421875 0.509375 0.1796875 0.225
3 0.8 0.25 0.071875 0.090625
0 0.7015625 0.35703125 0.0359375 0.125
1 0.8453125 0.240625 0.0375 0.1
3 0.6859375 0.28671875 0.0796875 0.06875
3 0.15546875 0.40234375 0.11875 0.053125
3 0.03984375 0.253125 0.05625 0.084375
4 0.9484375 0.87265625 0.0875 0.134375
4 0.96328125 0.79140625 0.059375 0.071875
4 0.6078125 0.96875 0.065625 0.0625
4 0.98203125 0.521875 0.0359375 0.1296875
4 0.97890625 0.42734375 0.025 0.15625
3 0.94453125 0.28671875 0.05 0.0515625
2 0.865625 0.14609375 0.0890625 0.10625
0 0.67421875 0.39921875 0.03125 0.1453125
0 0.53125 0.38671875 0.03125 0.1421875
3 0.59453125 0.32734375 0.0859375 0.115625
0 0.70234375 0.2390625 0.015625 0.028125
0 0.68046875 0.23125 0.0109375 0.0375
0 0.66640625 0.221875 0.0171875 0.053125
0 0.67734375 0.2046875 0.0109375 0.01875
3 0.73515625 0.190625 0.046875 0.034375
0 0.74375 0.19609375 0.0125 0.021875
0 0.71875 0.1984375 0.0125 0.015625
3 0.79140625 0.18125 0.053125 0.0359375
0 0.9375 0.16953125 0.034375 0.053125
0 0.91640625 0.1390625 0.009375 0.040625
3 0.95703125 0.11953125 0.0171875 0.0265625
3 0.91640625 0.11953125 0.01875 0.0375
5 0.78828125 0.11171875 0.034375 0.034375
1 0.0171875 0.8890625 0.034375 0.221875