1 0.71015625 0.79453125 0.13125 0.1359375
1 0.6234375 0.56875 0.16875 0.109375
3 0.2078125 0.24296875 0.365625 0.303125
0 0.47421875 0.24296875 0.16875 0.078125
1 0.584375 0.92265625 0.1625 0.1046875
0 0.60859375 0.67421875 0.1453125 0.053125
1 0.7921875 0.7265625 0.078125 0.05625
0 0.515625 0.15078125 0.175 0.0640625
3 0.83515625 0.9484375 0.05625 0.05625
0 0.78828125 0.89375 0.0625 0.028125
3 0.44375 0.853125 0.16875 0.1625
3 0.27265625 0.803125 0.2984375 0.240625
1 0.8828125 0.9453125 0.05 0.0421875
0 0.84609375 0.8796875 0.046875 0.0265625
4 0.4921875 0.99140625 0.146875 0.0171875
0 0.33671875 0.04453125 0.28125 0.0890625
3 0.81640625 0.7890625 0.0484375 0.05625
1 0.77109375 0.15390625 0.0703125 0.1046875
4 0.65859375 0.98828125 0.125 0.0234375
4 0.1734375 0.77734375 0.278125 0.0625
4 0.03984375 0.87265625 0.0796875 0.0734375
5 0.8453125 0.51484375 0.0828125 0.0640625
5 0.89375 0.7140625 0.0578125 0.0578125
2 0.934375 0.8609375 0.046875 0.034375
3 0.84140625 0.90625 0.046875 0.0296875
3 0.88203125 0.909375 0.04375 0.034375
4 0.7015625 0.97421875 0.0828125 0.01875
1 0.81796875 0.42265625 0.05 0.034375
2 0.94375 0.91640625 0.0421875 0.025