3 0.59296875 0.30859375 0.10859375 0.06328125
2 0.71796875 0.6625 0.5484375 0.675
3 0.86875 0.39453125 0.1390625 0.12109375
3 0.23046875 0.68046875 0.2140625 0.28359375
5 0.390625 0.12109375 0.0953125 0.10546875
3 0.3921875 0.31015625 0.084375 0.10078125
3 0.18359375 0.5671875 0.159375 0.20546875
3 0.46875 0.28671875 0.0765625 0.10625
5 0.11875 0.40234375 0.09375 0.15078125
5 0.36171875 0.23984375 0.065625 0.08671875
2 0.94609375 0.2796875 0.0828125 0.0578125
3 0.25703125 0.27421875 0.0765625 0.11015625
4 0.82890625 0.240625 0.02421875 0.0421875
3 0.24609375 0.19140625 0.04765625 0.065625
3 0.27578125 0.21640625 0.046875 0.03984375
3 0.0890625 0.18125 0.0375 0.0390625
4 0.0328125 0.49765625 0.065625 0.1609375
4 0.03828125 0.32109375 0.04296875 0.14375
0 0.09609375 0.20859375 0.01640625 0.0609375
0 0.17421875 0.215625 0.01484375 0.07421875
0 0.18984375 0.21015625 0.015625 0.0609375
0 0.35078125 0.36640625 0.0359375 0.1421875
5 0.2 0.075 0.0578125 0.07265625
1 0.61953125 0.2 0.0390625 0.03125
1 0.5296875 0.1765625 0.02890625 0.046875