3 0.51875 0.77109375 0.190625 0.178125
3 0.6640625 0.7703125 0.11875 0.1640625
2 0.875 0.34609375 0.15 0.13125
3 0.7203125 0.22890625 0.109375 0.090625
3 0.525 0.56953125 0.2 0.1796875
0 0.44296875 0.9609375 0.1625 0.078125
3 0.30625 0.24921875 0.296875 0.2359375
3 0.7015625 0.1359375 0.1 0.0796875
4 0.19453125 0.3234375 0.215625 0.0734375
3 0.85546875 0.2484375 0.05 0.046875
3 0.471875 0.20234375 0.1640625 0.165625
5 0.8671875 0.1546875 0.1296875 0.08125
3 0.790625 0.97578125 0.09375 0.0484375
0 0.73828125 0.415625 0.090625 0.040625
0 0.75078125 0.3546875 0.08125 0.046875
4 0.5578125 0.0640625 0.2 0.04375
3 0.78203125 0.32734375 0.0703125 0.071875
4 0.51640625 0.33359375 0.1890625 0.053125
4 0.18515625 0.06953125 0.1875 0.078125
4 0.10625 0.08125 0.2125 0.06875
0 0.51953125 0.9640625 0.13125 0.071875
0 0.68515625 0.35625 0.08125 0.04375
0 0.6515625 0.4546875 0.13125 0.05
1 0.8171875 0.2328125 0.071875 0.053125
3 0.6875 0.5203125 0.1109375 0.0875
0 0.6984375 0.60859375 0.140625 0.040625
3 0.81015625 0.90234375 0.0671875 0.0625
1 0.81328125 0.8375 0.0625 0.065625
0 0.840625 0.68359375 0.04375 0.01875
0 0.89765625 0.0921875 0.04375 0.0171875
3 0.934375 0.08515625 0.0421875 0.0296875
3 0.77265625 0.47421875 0.075 0.06875
0 0.75703125 0.4640625 0.08125 0.025
3 0.81640625 0.06875 0.0796875 0.0375