3 0.76796875 0.7 0.203125 0.26875
3 0.828125 0.55078125 0.146875 0.171875
2 0.35390625 0.6375 0.471875 0.646875
0 0.74140625 0.2734375 0.025 0.09375
0 0.6609375 0.31015625 0.04375 0.103125
3 0.93125 0.234375 0.08125 0.0703125
0 0.9078125 0.17578125 0.025 0.0625
3 0.15 0.22421875 0.075 0.059375
4 0.828125 0.415625 0.046875 0.103125
0 0.8625 0.22109375 0.0265625 0.065625
0 0.7640625 0.23125 0.0234375 0.078125
0 0.79140625 0.2765625 0.03125 0.084375
4 0.89140625 0.4125 0.05625 0.140625
2 0.0609375 0.7265625 0.121875 0.546875
4 0.634375 0.6546875 0.0578125 0.2375
4 0.7578125 0.8796875 0.078125 0.240625
4 0.9453125 0.86328125 0.0875 0.271875
4 0.93125 0.4640625 0.0359375 0.18125
4 0.96171875 0.475 0.028125 0.203125
3 0.88359375 0.31796875 0.0875 0.0875
5 0.36015625 0.2546875 0.1125 0.16875
1 0.0625 0.41640625 0.125 0.1625
0 0.0765625 0.24609375 0.040625 0.059375
5 0.621875 0.115625 0.084375 0.1125
5 0.68125 0.19140625 0.0671875 0.096875
3 0.6515625 0.25546875 0.0703125 0.084375
0 0.71953125 0.25390625 0.01875 0.090625
3 0.77265625 0.18046875 0.0375 0.046875
0 0.74296875 0.196875 0.015625 0.0625
0 0.79921875 0.1859375 0.015625 0.065625
0 0.82265625 0.23125 0.01875 0.078125
0 0.84140625 0.20234375 0.021875 0.078125
0 0.884375 0.19921875 0.015625 0.065625
3 0.846875 0.16796875 0.0375 0.04375
3 0.90859375 0.13671875 0.040625 0.0484375
5 0.8609375 0.109375 0.034375 0.05625
5 0.88671875 0.103125 0.0390625 0.0578125
3 0.51171875 0.17734375 0.05 0.059375
0 0.47265625 0.1828125 0.021875 0.053125