1 0.56640625 0.909375 0.2953125 0.18125
3 0.478125 0.34375 0.1125 0.125
1 0.10625 0.41328125 0.109375 0.1546875
1 0.89296875 0.728125 0.2140625 0.34375
3 0.171875 0.55 0.1515625 0.159375
0 0.54765625 0.56171875 0.0703125 0.21875
1 0.30390625 0.29609375 0.0796875 0.140625
0 0.28125 0.36328125 0.046875 0.11875
0 0.14765625 0.27109375 0.03125 0.0921875
0 0.90703125 0.4515625 0.078125 0.1625
5 0.36484375 0.16328125 0.140625 0.1859375
3 0.17421875 0.159375 0.046875 0.034375
0 0.375 0.34921875 0.034375 0.11875
0 0.12421875 0.24296875 0.034375 0.078125
3 0.103125 0.19609375 0.053125 0.05625
3 0.7015625 0.42421875 0.140625 0.175
3 0.140625 0.13515625 0.040625 0.04375
0 0.21953125 0.38515625 0.04375 0.14375
0 0.05390625 0.16484375 0.021875 0.084375
1 0.0984375 0.14453125 0.0453125 0.08125
0 0.44609375 0.43984375 0.0546875 0.115625
4 0.2484375 0.834375 0.0734375 0.33125
4 0.02265625 0.50703125 0.0453125 0.16875
0 0.19609375 0.31640625 0.025 0.115625
0 0.1890625 0.22265625 0.0234375 0.075
5 0.48515625 0.17265625 0.059375 0.0671875
0 0.60234375 0.1875 0.0203125 0.046875
0 0.94375 0.24375 0.0375 0.078125
5 0.2390625 0.1390625 0.0875 0.1375
0 0.23515625 0.23203125 0.0203125 0.090625
4 0.0265625 0.34375 0.040625 0.15625
3 0.2296875 0.71484375 0.20625 0.3015625