5 0.48203125 0.103125 0.2765625 0.20625
3 0.6453125 0.503125 0.134375 0.1125
3 0.43046875 0.80859375 0.175 0.1625
0 0.6953125 0.63515625 0.0765625 0.0375
1 0.74140625 0.81953125 0.10625 0.05
3 0.2734375 0.75390625 0.2625 0.228125
5 0.86796875 0.70703125 0.15 0.1078125
1 0.58125 0.87734375 0.16875 0.1125
3 0.73671875 0.54765625 0.0984375 0.08125
1 0.671875 0.39296875 0.1484375 0.0984375
4 0.17109375 0.721875 0.2859375 0.0640625
4 0.475 0.971875 0.1578125 0.05625
5 0.92578125 0.88125 0.071875 0.08125
1 0.62734375 0.721875 0.06875 0.0703125
1 0.4953125 0.625 0.246875 0.1234375
3 0.72734375 0.66953125 0.09375 0.0625
0 0.83515625 0.89296875 0.05625 0.0140625
0 0.8 0.921875 0.0703125 0.025
1 0.65703125 0.72421875 0.140625 0.078125
1 0.77265625 0.85 0.090625 0.0421875
4 0.64765625 0.95 0.15 0.0265625
0 0.76875 0.78359375 0.0765625 0.0125
0 0.17109375 0.07578125 0.3421875 0.1171875