3 0.8078125 0.83125 0.384375 0.33515625
3 0.47578125 0.37578125 0.10859375 0.134375
0 0.82578125 0.5375 0.0703125 0.2015625
2 0.1765625 0.22109375 0.1078125 0.165625
3 0.24453125 0.2125 0.04921875 0.07734375
1 0.2875 0.28203125 0.05390625 0.10078125
3 0.21875 0.64140625 0.2328125 0.31484375
1 0.11875 0.425 0.10234375 0.190625
0 0.37890625 0.3828125 0.03515625 0.1453125
2 0.2375 0.1109375 0.03671875 0.0375
4 0.2109375 0.878125 0.0984375 0.23359375
3 0.184375 0.5640625 0.1578125 0.20234375
0 0.709375 0.44375 0.0546875 0.171875
0 0.18203125 0.2875 0.02421875 0.1078125
4 0.040625 0.5015625 0.0734375 0.15703125
4 0.0453125 0.353125 0.034375 0.1359375
5 0.8734375 0.1625 0.253125 0.31484375
0 0.34296875 0.2609375 0.04375 0.07890625