3 0.7109375 0.74296875 0.278125 0.209375
0 0.58515625 0.44375 0.2296875 0.08125
5 0.41484375 0.47421875 0.296875 0.165625
3 0.42109375 0.3296875 0.184375 0.13125
3 0.5578125 0.80234375 0.184375 0.15
3 0.41796875 0.796875 0.11875 0.13125
1 0.18671875 0.896875 0.090625 0.05
0 0.14453125 0.84765625 0.0640625 0.01875
0 0.53125 0.03203125 0.2 0.0625
5 0.234375 0.58203125 0.1375 0.1234375
0 0.26875 0.76875 0.090625 0.040625
3 0.23671875 0.734375 0.0953125 0.071875
0 0.146875 0.846875 0.05 0.01875
5 0.1859375 0.3171875 0.0578125 0.09375
3 0.24375 0.0328125 0.09375 0.065625
3 0.28828125 0.92578125 0.096875 0.065625
5 0.16015625 0.64453125 0.1890625 0.1140625
0 0.28046875 0.59609375 0.109375 0.021875
3 0.33125 0.8671875 0.1203125 0.0921875
3 0.21796875 0.11328125 0.065625 0.06875
0 0.10625 0.87265625 0.05 0.0453125
0 0.53828125 0.57578125 0.215625 0.05
0 0.21171875 0.8015625 0.075 0.021875
5 0.1546875 0.75390625 0.075 0.065625
0 0.33828125 0.85390625 0.0625 0.028125
4 0.4828125 0.94375 0.21875 0.034375
4 0.83359375 0.9125 0.14375 0.090625
4 0.9921875 0.725 0.015625 0.0390625
3 0.22421875 0.20390625 0.05 0.078125