3 0.74140625 0.8 0.29375 0.240625
3 0.240625 0.74765625 0.084375 0.084375
4 0.4265625 0.853125 0.115625 0.0484375
0 0.34609375 0.72734375 0.115625 0.05
2 0.78671875 0.10859375 0.4265625 0.2140625
0 0.2859375 0.69453125 0.090625 0.04375
3 0.33359375 0.90234375 0.096875 0.0703125
4 0.42890625 0.91328125 0.14375 0.0484375
3 0.57421875 0.85234375 0.171875 0.1609375
4 0.903125 0.5890625 0.19375 0.0734375
4 0.47734375 0.96171875 0.178125 0.0375
0 0.246875 0.8875 0.0796875 0.034375
2 0.678125 0.32421875 0.64375 0.509375
3 0.3328125 0.3390625 0.046875 0.084375
4 0.4828125 0.984375 0.184375 0.03125
5 0.1453125 0.90390625 0.103125 0.06875
3 0.2 0.4171875 0.0515625 0.078125
4 0.88671875 0.9640625 0.225 0.071875
3 0.246875 0.95859375 0.075 0.0484375
5 0.153125 0.753125 0.09375 0.1125
3 0.2265625 0.2625 0.0546875 0.0703125
3 0.23203125 0.15 0.065625 0.0734375
3 0.25234375 0.03671875 0.084375 0.0734375
5 0.13125 0.56796875 0.103125 0.1015625
1 0.17890625 0.4890625 0.053125 0.05
5 0.07421875 0.8359375 0.065625 0.053125
0 0.16796875 0.94453125 0.065625 0.021875
0 0.42890625 0.615625 0.2125 0.04375
0 0.10625 0.9703125 0.034375 0.0125
3 0.10078125 0.95234375 0.0375 0.021875