3 0.23125 0.6921875 0.2171875 0.26953125
1 0.14765625 0.18515625 0.03984375 0.06953125
0 0.40859375 0.4921875 0.06171875 0.19453125
3 0.24296875 0.2265625 0.0609375 0.0578125
0 0.2671875 0.2625 0.05 0.07734375
4 0.03671875 0.50703125 0.0625 0.11328125
3 0.19140625 0.17265625 0.03984375 0.0484375
3 0.184375 0.54765625 0.1484375 0.16328125
1 0.1328125 0.33828125 0.0671875 0.103125
4 0.06875 0.35234375 0.0515625 0.14609375
4 0.70234375 0.96875 0.0609375 0.0625
2 0.859375 0.52890625 0.28046875 0.68203125
4 0.79296875 0.94765625 0.078125 0.10390625
1 0.4515625 0.1734375 0.0484375 0.0859375
0 0.64921875 0.209375 0.02109375 0.0515625
0 0.52265625 0.1890625 0.0234375 0.07109375
3 0.2703125 0.20078125 0.0328125 0.06328125