2 0.7015625 0.63984375 0.565625 0.7203125
2 0.72734375 0.18828125 0.196875 0.16484375
5 0.421875 0.13359375 0.10390625 0.11875
5 0.1578125 0.17890625 0.046875 0.09609375
2 0.1140625 0.06640625 0.0359375 0.03671875
2 0.315625 0.12578125 0.05625 0.06015625
3 0.09921875 0.275 0.07578125 0.10546875
3 0.22109375 0.221875 0.053125 0.06953125
3 0.325 0.2359375 0.05703125 0.078125
3 0.5078125 0.28046875 0.078125 0.06328125
3 0.18046875 0.55546875 0.15703125 0.2
3 0.2421875 0.6921875 0.1859375 0.2703125
3 0.9015625 0.25703125 0.096875 0.0359375
3 0.57578125 0.20625 0.04453125 0.0328125
4 0.05234375 0.3625 0.02734375 0.153125
4 0.034375 0.51328125 0.0640625 0.159375
4 0.146875 0.28828125 0.02578125 0.1046875
0 0.22265625 0.2578125 0.02578125 0.08828125
0 0.2546875 0.2046875 0.0203125 0.071875
0 0.4125 0.30390625 0.02734375 0.0921875
0 0.39765625 0.34921875 0.025 0.1203125