0 0.4359375 0.45703125 0.05859375 0.15625
3 0.1796875 0.56640625 0.15390625 0.18984375
3 0.24375 0.69921875 0.1921875 0.26171875
0 0.35078125 0.41328125 0.05546875 0.14609375
0 0.25703125 0.3015625 0.0421875 0.1015625
1 0.115625 0.4171875 0.1015625 0.16640625
0 0.57734375 0.55234375 0.07265625 0.228125
3 0.1546875 0.17265625 0.03515625 0.04296875
3 0.6 0.4328125 0.15859375 0.16640625
4 0.0515625 0.346875 0.025 0.1046875
4 0.03359375 0.4953125 0.053125 0.16796875
0 0.35859375 0.25625 0.02734375 0.06796875
3 0.259375 0.23203125 0.05234375 0.04140625
1 0.1265625 0.228125 0.05 0.0796875
4 0.27265625 0.77734375 0.075 0.275
3 0.415625 0.31484375 0.0859375 0.109375
3 0.29921875 0.2734375 0.07265625 0.10625
0 0.20390625 0.2484375 0.01640625 0.07421875
5 0.20078125 0.18359375 0.04296875 0.0734375
5 0.128125 0.1 0.05078125 0.0984375
1 0.078125 0.1609375 0.02734375 0.06484375