0 0.02890625 0.63203125 0.0578125 0.234375
3 0.8109375 0.721875 0.215625 0.2875
0 0.503125 0.5921875 0.0828125 0.2375
5 0.53515625 0.4171875 0.171875 0.30625
3 0.3859375 0.4234375 0.134375 0.1890625
3 0.87265625 0.56484375 0.1546875 0.190625
3 0.8671875 0.4203125 0.134375 0.121875
1 0.9703125 0.1828125 0.053125 0.09375
0 0.91953125 0.1390625 0.01875 0.065625
0 0.0625 0.5375 0.096875 0.20625
5 0.64609375 0.23203125 0.128125 0.140625
0 0.83828125 0.2671875 0.04375 0.09375
3 0.80234375 0.234375 0.075 0.096875
0 0.91875 0.14140625 0.01875 0.053125
5 0.3734375 0.18203125 0.096875 0.059375
3 0.05703125 0.24140625 0.1125 0.096875
3 0.98359375 0.2859375 0.0328125 0.1
5 0.71015625 0.15625 0.1171875 0.19375
0 0.66015625 0.27890625 0.021875 0.1125
3 0.93984375 0.33125 0.09375 0.125
3 0.16328125 0.21484375 0.071875 0.065625
0 0.9453125 0.1 0.046875 0.0515625
0 0.63984375 0.54453125 0.05 0.221875
0 0.87265625 0.20859375 0.021875 0.078125
5 0.82265625 0.14921875 0.0671875 0.078125
0 0.92578125 0.3390625 0.028125 0.0640625
4 0.9703125 0.846875 0.059375 0.146875
3 0.25625 0.22109375 0.08125 0.0515625
3 0.0078125 0.44453125 0.015625 0.134375