0 0.1671875 0.26171875 0.02109375 0.078125
1 0.18984375 0.1875 0.05 0.07421875
3 0.39921875 0.303125 0.08203125 0.08046875
3 0.19296875 0.42109375 0.13359375 0.1296875
3 0.18046875 0.546875 0.14296875 0.1671875
3 0.5515625 0.328125 0.09765625 0.121875
3 0.2375 0.69453125 0.19296875 0.2671875
1 0.87734375 0.68515625 0.20078125 0.3359375
3 0.44921875 0.3765625 0.1 0.128125
1 0.29609375 0.209375 0.0515625 0.08359375
0 0.19765625 0.25546875 0.025 0.090625
0 0.23359375 0.19375 0.02890625 0.065625
3 0.33828125 0.2515625 0.071875 0.07265625
3 0.7625 0.43828125 0.17421875 0.1625
3 0.9234375 0.25859375 0.1125 0.096875
3 0.83359375 0.23125 0.0875 0.06015625
3 0.98671875 0.2515625 0.0265625 0.109375
0 0.10234375 0.17890625 0.01640625 0.0515625
4 0.0765625 0.8453125 0.065625 0.1171875
4 0.0828125 0.75703125 0.05234375 0.05546875
4 0.05234375 0.4984375 0.04453125 0.17109375
4 0.06640625 0.34296875 0.0359375 0.06796875
5 0.16328125 0.12421875 0.05390625 0.12109375