3 0.55625 0.64765625 0.209375 0.2
3 0.69609375 0.23359375 0.271875 0.215625
3 0.3203125 0.52421875 0.1125 0.103125
0 0.38203125 0.65078125 0.0921875 0.0546875
4 0.44140625 0.1046875 0.171875 0.0296875
3 0.32578125 0.12265625 0.078125 0.075
5 0.1625 0.27578125 0.115625 0.109375
3 0.14765625 0.15078125 0.040625 0.0484375
1 0.19375 0.1484375 0.053125 0.0375
3 0.24921875 0.93671875 0.090625 0.1125
4 0.4375 0.28046875 0.1953125 0.0625
0 0.390625 0.5078125 0.11875 0.05
3 0.225 0.065625 0.078125 0.0375
3 0.14375 0.09921875 0.0421875 0.0375
4 0.8734375 0.07109375 0.11875 0.0609375
3 0.54296875 0.1828125 0.153125 0.153125
0 0.2078125 0.18046875 0.059375 0.028125
4 0.796875 0.07890625 0.125 0.084375
1 0.19765625 0.58359375 0.0421875 0.0734375
1 0.2375 0.30859375 0.1015625 0.0796875
3 0.42109375 0.1859375 0.121875 0.121875
4 0.31875 0.196875 0.0859375 0.046875
5 0.1453125 0.46796875 0.096875 0.059375
0 0.21953125 0.77578125 0.040625 0.021875
4 0.459375 0.04296875 0.1625 0.053125
3 0.27421875 0.075 0.059375 0.05625