0 0.71484375 0.3109375 0.046875 0.1109375
1 0.82265625 0.2484375 0.0625 0.1171875
0 0.90546875 0.2 0.0265625 0.096875
4 0.97734375 0.90546875 0.0453125 0.1421875
0 0.6703125 0.271875 0.03125 0.1125
3 0.825 0.71171875 0.2234375 0.2796875
3 0.87890625 0.5484375 0.153125 0.171875
2 0.34921875 0.67421875 0.553125 0.6515625
0 0.73515625 0.25859375 0.0234375 0.1015625
0 0.7015625 0.2296875 0.0328125 0.078125
0 0.9328125 0.38359375 0.05625 0.153125
3 0.94375 0.30625 0.0734375 0.0875
2 0.88046875 0.09921875 0.0875 0.096875
0 0.671875 0.20859375 0.034375 0.05625
4 0.8734375 0.80859375 0.065625 0.278125
1 0.04453125 0.778125 0.0875 0.365625
0 0.95859375 0.15546875 0.028125 0.078125
3 0.85859375 0.18515625 0.05 0.059375
5 0.1484375 0.14609375 0.2546875 0.178125
0 0.6296875 0.32734375 0.028125 0.1234375
3 0.7859375 0.20859375 0.0234375 0.08125
0 0.9390625 0.14921875 0.0234375 0.075
5 0.88515625 0.02890625 0.065625 0.05625
4 0.99765625 0.209375 0.003125 0.05625
0 0.9625 0.0984375 0.015625 0.034375
3 0.94453125 0.1015625 0.0125 0.0359375
0 0.84296875 0.1453125 0.015625 0.0515625
0 0.77109375 0.1890625 0.0140625 0.071875
1 0.5296875 0.1421875 0.025 0.03125
0 0.5234375 0.1484375 0.0078125 0.0359375
1 0.4578125 0.15625 0.040625 0.05625
0 0.3796875 0.1796875 0.05 0.04375