3 0.18203125 0.54453125 0.14140625 0.16640625
3 0.24375 0.68671875 0.20546875 0.25859375
2 0.60234375 0.56875 0.41796875 0.56171875
1 0.1078125 0.15859375 0.0328125 0.0328125
0 0.34453125 0.2453125 0.034375 0.0765625
1 0.2125 0.290625 0.06015625 0.09765625
1 0.1140625 0.19296875 0.03984375 0.0515625
0 0.15078125 0.23046875 0.04453125 0.07734375
0 0.91328125 0.775 0.10703125 0.28828125
2 0.78984375 0.3984375 0.4203125 0.409375
4 0.25703125 0.875 0.0828125 0.25
4 0.06875 0.8484375 0.078125 0.2625
4 0.053125 0.459375 0.04296875 0.1890625
4 0.1796875 0.428125 0.03046875 0.075
3 0.12421875 0.32890625 0.08671875 0.09765625
3 0.2546875 0.21171875 0.0390625 0.0609375
3 0.2140625 0.20546875 0.059375 0.06328125
1 0.15859375 0.15 0.03125 0.06484375
5 0.378125 0.13828125 0.04375 0.0609375
1 0.25859375 0.12109375 0.01953125 0.03828125