3 0.39296875 0.8640625 0.253125 0.2453125
3 0.4546875 0.18515625 0.1828125 0.153125
3 0.29140625 0.246875 0.28125 0.209375
3 0.59375 0.1921875 0.121875 0.1390625
3 0.59609375 0.66640625 0.1625 0.15625
5 0.78359375 0.40234375 0.1171875 0.071875
3 0.775 0.9609375 0.084375 0.078125
0 0.821875 0.1265625 0.05625 0.034375
3 0.68046875 0.51015625 0.10625 0.1140625
3 0.53671875 0.95 0.2078125 0.1
0 0.725 0.225 0.10625 0.0515625
0 0.79609375 0.3109375 0.0875 0.03125
3 0.78984375 0.87265625 0.078125 0.06875
5 0.77890625 0.25078125 0.165625 0.0640625
5 0.89296875 0.20625 0.1203125 0.084375
4 0.525 0.053125 0.190625 0.04375
4 0.1890625 0.071875 0.140625 0.06875
4 0.015625 0.27109375 0.03125 0.0625
3 0.69609375 0.1015625 0.125 0.1125
3 0.86796875 0.1421875 0.04375 0.028125
0 0.83984375 0.15234375 0.0578125 0.015625
0 0.8625 0.103125 0.053125 0.0125
5 0.89921875 0.11953125 0.059375 0.034375
0 0.91015625 0.08046875 0.03125 0.00625
1 0.8546875 0.52890625 0.0578125 0.028125