1 0.30390625 0.25234375 0.0546875 0.0625
3 0.1875 0.53984375 0.15078125 0.1515625
1 0.59921875 0.43515625 0.1171875 0.18828125
3 0.2359375 0.69140625 0.19921875 0.24921875
1 0.40546875 0.44375 0.09921875 0.17265625
3 0.48046875 0.3625 0.1015625 0.10234375
5 0.33515625 0.18046875 0.1125 0.10859375
1 0.1234375 0.40546875 0.11015625 0.1515625
0 0.28984375 0.3734375 0.04609375 0.11875
3 0.10234375 0.275 0.06875 0.0921875
3 0.71015625 0.3890625 0.10859375 0.14765625
3 0.17890625 0.31640625 0.10703125 0.0921875
0 0.88984375 0.53828125 0.078125 0.18515625
1 0.72578125 0.22109375 0.04609375 0.04765625
3 0.29453125 0.3359375 0.06875 0.10703125
0 0.3484375 0.36484375 0.03359375 0.11796875
3 0.54140625 0.309375 0.084375 0.075
4 0.040625 0.5 0.05703125 0.15
4 0.02421875 0.36015625 0.034375 0.11953125
1 0.090625 0.14375 0.0359375 0.0515625
0 0.49921875 0.58671875 0.06171875 0.2296875
0 0.16328125 0.165625 0.028125 0.04921875
5 0.4015625 0.27578125 0.10703125 0.1296875
1 0.39765625 0.86328125 0.1953125 0.27109375
4 0.17109375 0.3859375 0.0296875 0.14375
0 0.2453125 0.29140625 0.03203125 0.090625
3 0.22109375 0.24921875 0.05390625 0.0609375
2 0.4984375 0.17734375 0.096875 0.09140625
2 0.24765625 0.11875 0.0453125 0.075
5 0.1953125 0.0953125 0.0453125 0.06875
1 0.871875 0.240625 0.0671875 0.0640625
0 0.52578125 0.4609375 0.04609375 0.15625
0 0.91640625 0.4796875 0.04140625 0.19140625
0 0.91484375 0.2640625 0.01796875 0.03671875
0 0.80859375 0.23203125 0.01640625 0.04765625
0 0.63046875 0.20625 0.0125 0.03203125
0 0.68828125 0.21953125 0.01484375 0.028125
0 0.1265625 0.1421875 0.0109375 0.046875