0 0.24375 0.26875 0.01875 0.05625
2 0.40625 0.2015625 0.1640625 0.1921875
2 0.9296875 0.871875 0.140625 0.25625
3 0.23359375 0.69375 0.196875 0.2625
3 0.1796875 0.5515625 0.15 0.1734375
3 0.35703125 0.31328125 0.0875 0.1
1 0.6078125 0.453125 0.14375 0.16875
0 0.7765625 0.459375 0.075 0.178125
0 0.58125 0.34453125 0.065625 0.08125
3 0.12265625 0.34375 0.078125 0.109375
0 0.27421875 0.31328125 0.034375 0.1203125
0 0.49765625 0.48359375 0.0671875 0.190625
0 0.09765625 0.17421875 0.01875 0.0609375
5 0.1703125 0.18359375 0.075 0.171875
3 0.12265625 0.1515625 0.0375 0.04375
3 0.21015625 0.32734375 0.0875 0.11875
3 0.08984375 0.13125 0.0375 0.0578125
5 0.89921875 0.21015625 0.2015625 0.146875
4 0.06953125 0.86015625 0.053125 0.1375
4 0.0734375 0.77109375 0.05 0.078125
4 0.3328125 0.8234375 0.078125 0.215625
4 0.315625 0.56875 0.04375 0.1796875
0 0.2953125 0.45 0.034375 0.0921875
4 0.04140625 0.475 0.034375 0.190625
4 0.07578125 0.4671875 0.0296875 0.190625
4 0.0328125 0.31640625 0.01875 0.05
4 0.053125 0.3203125 0.01875 0.053125
0 0.3953125 0.36015625 0.028125 0.1265625
0 0.4375 0.33515625 0.0375 0.1234375
0 0.4703125 0.315625 0.021875 0.109375
1 0.24453125 0.2375 0.0453125 0.05625
3 0.28828125 0.21796875 0.0375 0.065625
3 0.12265625 0.15390625 0.021875 0.040625
3 0.06015625 0.22734375 0.040625 0.065625
1 0.7140625 0.5703125 0.08125 0.278125