1 0.921875 0.265625 0.0859375 0.08125
3 0.22890625 0.66484375 0.2 0.203125
3 0.93828125 0.68828125 0.11875 0.3046875
1 0.11875 0.4078125 0.11171875 0.1546875
0 0.36015625 0.5359375 0.07109375 0.20234375
3 0.18515625 0.54296875 0.14609375 0.1640625
1 0.21328125 0.17421875 0.0375 0.04921875
0 0.2109375 0.325 0.04375 0.10703125
5 0.4703125 0.40546875 0.14375 0.19609375
3 0.2921875 0.26796875 0.05546875 0.078125
0 0.43125 0.51484375 0.05703125 0.13359375
0 0.5203125 0.56015625 0.0671875 0.19375
4 0.04765625 0.353125 0.03828125 0.12421875
3 0.1578125 0.2453125 0.06640625 0.07265625
1 0.16484375 0.178125 0.046875 0.071875
1 0.25234375 0.19140625 0.0359375 0.03359375
0 0.1015625 0.21796875 0.021875 0.07421875
4 0.2640625 0.80625 0.0609375 0.22890625
0 0.7265625 0.6953125 0.084375 0.2875
0 0.26015625 0.378125 0.0375 0.1484375
0 0.33203125 0.3171875 0.028125 0.11015625
4 0.0359375 0.5078125 0.06015625 0.125
5 0.559375 0.221875 0.2296875 0.30703125
5 0.3359375 0.18671875 0.10390625 0.2015625
3 0.23125 0.22890625 0.05625 0.06640625
0 0.11953125 0.21015625 0.0171875 0.06328125