3 0.5703125 0.51796875 0.1734375 0.1421875
3 0.63828125 0.6875 0.1375 0.13125
5 0.22265625 0.92265625 0.4453125 0.1546875
3 0.44375 0.18203125 0.16875 0.15
3 0.7734375 0.859375 0.0671875 0.084375
3 0.3078125 0.2375 0.221875 0.20625
0 0.52265625 0.83359375 0.196875 0.065625
1 0.484375 0.75703125 0.225 0.1296875
0 0.69375 0.41953125 0.109375 0.0484375
0 0.734375 0.19140625 0.0734375 0.021875
0 0.72421875 0.24765625 0.1015625 0.021875
1 0.79375 0.25078125 0.0625 0.04375
0 0.3859375 0.896875 0.11875 0.0875
3 0.7953125 0.1734375 0.05 0.046875
1 0.79453125 0.3375 0.11875 0.0625
3 0.6984375 0.50546875 0.0859375 0.1
1 0.1171875 0.63984375 0.234375 0.33125
3 0.7625 0.2234375 0.0703125 0.053125
3 0.828125 0.2203125 0.046875 0.04375
3 0.66796875 0.1140625 0.109375 0.084375
1 0.4421875 0.64296875 0.25 0.128125
4 0.16796875 0.26484375 0.3359375 0.0859375
4 0.134375 0.07265625 0.215625 0.078125
4 0.4828125 0.02890625 0.140625 0.05
4 0.6703125 0.05234375 0.08125 0.025
0 0.6015625 0.13203125 0.146875 0.046875
0 0.63515625 0.35 0.1328125 0.034375
0 0.653125 0.2765625 0.121875 0.03125
0 0.7 0.3078125 0.109375 0.028125
0 0.69765625 0.234375 0.1125 0.025
0 0.8125 0.1234375 0.05625 0.01875
0 0.79140625 0.69765625 0.04375 0.0234375
3 0.75546875 0.9546875 0.0890625 0.090625
1 0.8171875 0.55 0.046875 0.03125
3 0.82421875 0.46171875 0.040625 0.0390625
2 0.86484375 0.4609375 0.046875 0.034375
5 0.7625 0.409375 0.1234375 0.0859375
3 0.84296875 0.42578125 0.0359375 0.03125
3 0.7296875 0.15 0.090625 0.06875
5 0.90390625 0.265625 0.08125 0.05625
2 0.93046875 0.15625 0.059375 0.046875
5 0.890625 0.08828125 0.04375 0.028125
3 0.8375 0.06484375 0.040625 0.03125
0 0.78203125 0.09296875 0.075 0.0171875
3 0.70546875 0.07109375 0.05625 0.0625
3 0.8296875 0.1609375 0.0359375 0.0359375
3 0.85390625 0.13046875 0.03125 0.025
3 0.859375 0.16953125 0.025 0.025