3 0.41953125 0.746875 0.23125 0.2078125
3 0.30625 0.234375 0.275 0.203125
2 0.68125 0.66796875 0.228125 0.184375
3 0.4625 0.1796875 0.1625 0.1421875
3 0.42890625 0.48984375 0.221875 0.2109375
3 0.55078125 0.81484375 0.175 0.178125
0 0.64609375 0.3765625 0.128125 0.0421875
3 0.7765625 0.12578125 0.0625 0.05
1 0.734375 0.16640625 0.0625 0.05
5 0.69609375 0.4453125 0.13125 0.10625
1 0.77734375 0.1703125 0.040625 0.0375
0 0.65390625 0.3140625 0.10625 0.040625
0 0.7125 0.32421875 0.071875 0.03125
3 0.68828125 0.53984375 0.109375 0.0796875
0 0.7171875 0.2671875 0.121875 0.05625
0 0.73515625 0.2453125 0.0796875 0.025
4 0.57890625 0.04765625 0.1546875 0.021875
4 0.67265625 0.0578125 0.078125 0.0359375
0 0.82109375 0.14453125 0.034375 0.015625
3 0.8421875 0.18046875 0.04375 0.021875
3 0.83203125 0.18203125 0.053125 0.028125
0 0.81796875 0.0984375 0.046875 0.01875
3 0.75859375 0.928125 0.096875 0.0953125
0 0.625 0.13125 0.109375 0.046875
3 0.82421875 0.14296875 0.040625 0.034375
1 0.85 0.11640625 0.0390625 0.0234375
0 0.859375 0.14375 0.025 0.0203125
0 0.859375 0.14140625 0.0328125 0.021875
1 0.67109375 0.11953125 0.1015625 0.0953125
3 0.77734375 0.23671875 0.06875 0.053125
0 0.4953125 0.32421875 0.1875 0.0484375
3 0.7796875 0.82578125 0.0609375 0.0515625
0 0.65234375 0.45390625 0.121875 0.0375
0 0.59375 0.4953125 0.109375 0.04375
4 0.2109375 0.07578125 0.121875 0.0609375
4 0.1453125 0.08828125 0.0953125 0.0875
4 0.059375 0.49765625 0.11875 0.0859375
4 0.49609375 0.02890625 0.103125 0.0546875
5 0.86328125 0.22578125 0.0890625 0.0625
5 0.82265625 0.3390625 0.153125 0.1015625
3 0.746875 0.34921875 0.078125 0.034375
3 0.8625 0.16015625 0.0375 0.0125
0 0.8375 0.08125 0.04375 0.0125
0 0.86015625 0.09453125 0.0328125 0.0171875
3 0.715625 0.07890625 0.071875 0.0359375