2 0.7265625 0.32890625 0.31171875 0.296875
3 0.33203125 0.4546875 0.146875 0.1625
0 0.6359375 0.46953125 0.0609375 0.15390625
0 0.8859375 0.57890625 0.07578125 0.20546875
3 0.17109375 0.31640625 0.08828125 0.096875
3 0.303125 0.31015625 0.0984375 0.1125
0 0.2859375 0.2296875 0.0390625 0.0515625
0 0.15234375 0.18828125 0.0265625 0.06015625
3 0.15234375 0.140625 0.040625 0.03671875
4 0.03515625 0.50234375 0.06015625 0.13203125
4 0.0640625 0.84296875 0.07734375 0.1671875
0 0.2203125 0.25078125 0.02265625 0.075
0 0.51875 0.4640625 0.05859375 0.16640625
3 0.98125 0.5796875 0.0375 0.20078125
3 0.2046875 0.20546875 0.04609375 0.06015625
3 0.23046875 0.67421875 0.21796875 0.3484375
3 0.18359375 0.53203125 0.1515625 0.1375
4 0.26328125 0.7953125 0.06640625 0.221875
4 0.06328125 0.3578125 0.04921875 0.14765625
3 0.4640625 0.36640625 0.0765625 0.16953125
3 0.10390625 0.31953125 0.03203125 0.1015625
0 0.0890625 0.225 0.021875 0.06328125
3 0.1046875 0.17421875 0.034375 0.04453125
4 0.13828125 0.3453125 0.01953125 0.103125
5 0.17109375 0.07109375 0.05078125 0.0765625
0 0.23828125 0.23671875 0.0171875 0.06796875
0 0.22890625 0.184375 0.01640625 0.0453125
0 0.5234375 0.19296875 0.01796875 0.0328125
0 0.94140625 0.26171875 0.0265625 0.0859375