3 0.39453125 0.13203125 0.190625 0.1625
5 0.3796875 0.86640625 0.2859375 0.1859375
3 0.2421875 0.20859375 0.290625 0.209375
1 0.69296875 0.2203125 0.121875 0.0671875
1 0.73984375 0.12109375 0.10625 0.05
3 0.8125 0.50234375 0.046875 0.0546875
5 0.91015625 0.26328125 0.1109375 0.096875
2 0.36875 0.55703125 0.7359375 0.4734375
3 0.8203125 0.10859375 0.0515625 0.040625
5 0.87734375 0.2875 0.0484375 0.046875
3 0.8078125 0.2046875 0.040625 0.040625
0 0.7484375 0.33515625 0.05625 0.0265625
0 0.8125 0.04609375 0.109375 0.06875
3 0.87421875 0.084375 0.0421875 0.03125
3 0.86015625 0.0375 0.0234375 0.0390625
4 0.46640625 0.009375 0.1671875 0.01875
3 0.8609375 0.10859375 0.03125 0.028125
4 0.428125 0.171875 0.078125 0.05625
1 0.56484375 0.06953125 0.140625 0.1
0 0.7375 0.2640625 0.1 0.028125
5 0.690625 0.74375 0.321875 0.3625