0 0.41171875 0.27578125 0.159375 0.078125
3 0.69296875 0.79296875 0.29375 0.209375
3 0.28828125 0.49609375 0.115625 0.109375
3 0.2078125 0.19921875 0.059375 0.08125
1 0.39375 0.6609375 0.1703125 0.103125
3 0.559375 0.86015625 0.234375 0.159375
4 0.78359375 0.759375 0.284375 0.1171875
3 0.22265625 0.8171875 0.0640625 0.0546875
3 0.5453125 0.38515625 0.246875 0.184375
0 0.61796875 0.04453125 0.278125 0.078125
0 0.31171875 0.7734375 0.1140625 0.0421875
1 0.14921875 0.85546875 0.034375 0.034375
0 0.259375 0.7171875 0.096875 0.03125
4 0.31328125 0.9734375 0.1421875 0.053125
0 0.21484375 0.75703125 0.096875 0.0203125
0 0.20234375 0.740625 0.08125 0.01875
0 0.125 0.940625 0.04375 0.015625
3 0.40859375 0.915625 0.1375 0.125
0 0.18203125 0.915625 0.053125 0.03125
4 0.49140625 0.98515625 0.140625 0.0296875
3 0.4046875 0.434375 0.1359375 0.1625
3 0.17890625 0.85234375 0.0265625 0.04375
3 0.1390625 0.8890625 0.046875 0.04375
0 0.165625 0.83125 0.028125 0.015625
0 0.26875 0.65 0.09375 0.05625
4 0.80703125 0.95703125 0.2203125 0.0859375
0 0.2265625 0.865625 0.09375 0.0234375
0 0.12578125 0.91875 0.0421875 0.015625
3 0.16953125 0.78671875 0.0734375 0.0515625
3 0.0921875 0.9421875 0.046875 0.0296875
3 0.1015625 0.921875 0.05 0.025
3 0.07734375 0.825 0.034375 0.025
0 0.10078125 0.890625 0.0421875 0.009375
0 0.2640625 0.68125 0.071875 0.03125
2 0.10234375 0.628125 0.0921875 0.0984375
0 0.165625 0.41328125 0.0375 0.015625