3 0.2234375 0.4421875 0.190625 0.1703125
0 0.059375 0.6703125 0.11875 0.259375
3 0.8421875 0.58671875 0.1578125 0.23125
3 0.7796875 0.72265625 0.209375 0.278125
1 0.8625 0.17734375 0.040625 0.0578125
3 0.721875 0.31328125 0.0984375 0.0859375
4 0.98515625 0.34765625 0.028125 0.125
3 0.8015625 0.18359375 0.0515625 0.053125
1 0.91328125 0.41953125 0.109375 0.175
0 0.68359375 0.40625 0.0515625 0.140625
1 0.49921875 0.57109375 0.1984375 0.296875
1 0.25546875 0.67734375 0.2 0.321875
3 0.8328125 0.1625 0.028125 0.040625
0 0.65859375 0.2796875 0.034375 0.09375
4 0.75859375 0.8140625 0.059375 0.3203125
4 0.98984375 0.515625 0.0203125 0.171875
0 0.92734375 0.20625 0.015625 0.08125
0 0.909375 0.1859375 0.009375 0.075
0 0.6859375 0.24921875 0.015625 0.09375
0 0.72109375 0.234375 0.021875 0.065625
3 0.76171875 0.259375 0.05625 0.0875
3 0.89453125 0.14453125 0.0328125 0.0578125
0 0.028125 0.26484375 0.021875 0.10625
0 0.26875 0.21484375 0.01875 0.065625