3 0.74609375 0.2046875 0.046875 0.0625
3 0.77421875 0.68828125 0.221875 0.2625
0 0.6921875 0.3015625 0.0390625 0.1
4 0.74921875 0.84453125 0.0875 0.1625
0 0.75546875 0.30625 0.040625 0.1
3 0.875 0.32265625 0.06875 0.0875
4 0.88046875 0.40703125 0.05 0.13125
0 0.80234375 0.25625 0.034375 0.071875
3 0.82578125 0.54140625 0.14375 0.1578125
4 0.8234375 0.4015625 0.04375 0.10625
0 0.84453125 0.2390625 0.03125 0.08125
2 0.3515625 0.5875 0.503125 0.53125
4 0.9359375 0.83125 0.065625 0.2046875
5 0.63046875 0.21796875 0.084375 0.115625
4 0.9546875 0.46640625 0.0515625 0.1875
0 0.8859375 0.2015625 0.0265625 0.065625
3 0.92734375 0.2390625 0.065625 0.06875
3 0.88984375 0.14921875 0.046875 0.05
4 0.92734375 0.4578125 0.03125 0.18125
3 0.578125 0.27109375 0.06875 0.071875
0 0.6453125 0.27890625 0.0328125 0.0625
4 0.9328125 0.871875 0.078125 0.1125
0 0.5984375 0.33203125 0.0359375 0.0875
5 0.23203125 0.290625 0.1515625 0.1953125
2 0.08515625 0.74453125 0.1703125 0.5109375
4 0.57734375 0.65703125 0.04375 0.21875
0 0.9328125 0.18359375 0.015625 0.028125
3 0.82421875 0.19453125 0.0171875 0.05
0 0.80859375 0.2015625 0.015625 0.03125
0 0.75703125 0.20703125 0.015625 0.05625
0 0.70625 0.2625 0.015625 0.078125
0 0.7015625 0.2046875 0.015625 0.03125
3 0.80859375 0.15859375 0.0328125 0.021875
0 0.86328125 0.21015625 0.0125 0.05625
0 0.85546875 0.1765625 0.015625 0.0453125
0 0.8390625 0.1546875 0.025 0.040625
5 0.8546875 0.11171875 0.0546875 0.05625
5 0.934375 0.115625 0.0234375 0.0625
0 0.91875 0.1078125 0.0125 0.028125
5 0.66875 0.10859375 0.0640625 0.0875
3 0.56640625 0.165625 0.0375 0.04375
0 0.528125 0.1640625 0.0109375 0.028125
0 0.5078125 0.17265625 0.015625 0.025
0 0.378125 0.20078125 0.0125 0.015625
3 0.1625 0.22421875 0.0421875 0.059375
1 0.04375 0.25703125 0.0625 0.075
0 0.03828125 0.4171875 0.0546875 0.1046875