3 0.28515625 0.90859375 0.1140625 0.0953125
3 0.28671875 0.67578125 0.146875 0.115625
3 0.67734375 0.79296875 0.2875 0.2234375
3 0.50625 0.846875 0.171875 0.159375
3 0.48984375 0.27109375 0.2453125 0.240625
3 0.46328125 0.62890625 0.20625 0.146875
1 0.26015625 0.74453125 0.125 0.040625
0 0.36796875 0.4765625 0.16875 0.04375
0 0.28984375 0.42578125 0.1359375 0.065625
0 0.31171875 0.53515625 0.125 0.0375
0 0.1296875 0.89296875 0.1078125 0.053125
2 0.1390625 0.80703125 0.2265625 0.1234375
0 0.1296875 0.93671875 0.090625 0.05
5 0.24609375 0.0765625 0.4921875 0.153125
3 0.1890625 0.52890625 0.0578125 0.075
3 0.19609375 0.603125 0.0875 0.0296875
3 0.18984375 0.6828125 0.0453125 0.0703125
4 0.471875 0.9828125 0.140625 0.034375
3 0.35859375 0.3109375 0.1046875 0.1609375
0 0.06171875 0.9640625 0.034375 0.028125
5 0.140625 0.2125 0.0734375 0.0984375
0 0.6890625 0.39375 0.31875 0.08125
0 0.1609375 0.715625 0.05 0.03125
1 0.20390625 0.65078125 0.025 0.053125
0 0.1828125 0.62890625 0.04375 0.015625
0 0.1671875 0.64921875 0.034375 0.015625
4 0.3609375 0.98515625 0.1640625 0.0296875
4 0.253125 0.9859375 0.05 0.028125
3 0.21875 0.9546875 0.0375 0.05
4 0.19296875 0.925 0.05 0.021875
0 0.13359375 0.88203125 0.075 0.0296875
3 0.0671875 0.92890625 0.05 0.0328125
3 0.11015625 0.9078125 0.0640625 0.0171875
0 0.05859375 0.89921875 0.034375 0.0203125
4 0.81484375 0.9765625 0.2234375 0.046875
4 0.840625 0.73828125 0.190625 0.0640625
4 0.95 0.60078125 0.1 0.0671875
3 0.2671875 0.578125 0.1125 0.0375
5 0.1078125 0.50859375 0.05 0.065625
3 0.146875 0.6796875 0.03125 0.040625