3 0.24140625 0.69140625 0.19296875 0.2609375
0 0.3640625 0.2859375 0.03125 0.08125
3 0.4546875 0.33203125 0.09140625 0.13125
0 0.47421875 0.3625 0.05078125 0.1109375
3 0.18203125 0.57265625 0.1609375 0.2234375
0 0.525 0.471875 0.0609375 0.159375
1 0.8734375 0.55 0.153125 0.27734375
4 0.03828125 0.5078125 0.06953125 0.14296875
5 0.634375 0.15703125 0.2078125 0.19453125
3 0.12421875 0.3421875 0.08125 0.1125
4 0.4046875 0.7171875 0.08125 0.328125
4 0.06796875 0.36171875 0.040625 0.1421875
4 0.11796875 0.35 0.03046875 0.13125
0 0.1421875 0.1921875 0.01796875 0.05546875
0 0.16875 0.190625 0.015625 0.06640625
0 0.23203125 0.19375 0.015625 0.06953125
0 0.27890625 0.253125 0.0234375 0.08125
2 0.10078125 0.13671875 0.06015625 0.1109375
1 0.140625 0.15390625 0.03203125 0.06015625
0 0.75078125 0.22578125 0.02421875 0.0421875
0 0.50703125 0.1859375 0.01484375 0.04296875
0 0.66640625 0.79375 0.12265625 0.246875
2 0.95390625 0.67109375 0.09140625 0.65703125