0 0.5890625 0.41875 0.26875 0.046875
3 0.4359375 0.48984375 0.146875 0.1265625
3 0.69140625 0.24296875 0.265625 0.1984375
1 0.3484375 0.38984375 0.1375 0.075
1 0.2328125 0.8921875 0.065625 0.065625
3 0.54609375 0.18359375 0.165625 0.14375
1 0.4546875 0.7421875 0.309375 0.184375
0 0.26484375 0.2015625 0.0875 0.0328125
3 0.25234375 0.2875 0.10625 0.065625
0 0.26875 0.278125 0.0875 0.0234375
5 0.271875 0.41015625 0.1734375 0.14375
2 0.1828125 0.20390625 0.18125 0.1109375
0 0.41484375 0.57265625 0.1546875 0.0546875
3 0.66640625 0.9265625 0.284375 0.146875
5 0.09609375 0.12109375 0.075 0.046875
0 0.3734375 0.28984375 0.1328125 0.053125
4 0.3921875 0.0546875 0.11875 0.046875
0 0.23671875 0.17890625 0.059375 0.025
4 0.46796875 0.0390625 0.159375 0.065625
0 0.3140625 0.521875 0.1125 0.034375
4 0.3859375 0.1203125 0.16875 0.0421875
4 0.8328125 0.06796875 0.146875 0.071875
3 0.33984375 0.12109375 0.13125 0.09375
0 0.25546875 0.14140625 0.071875 0.0296875
3 0.1484375 0.13125 0.05 0.0359375
0 0.2953125 0.49765625 0.1109375 0.028125
5 0.4234375 0.934375 0.2265625 0.13125