3 0.66875 0.7625 0.2015625 0.1875
3 0.553125 0.81328125 0.16875 0.153125
4 0.778125 0.7359375 0.253125 0.0609375
3 0.6453125 0.046875 0.25 0.09375
1 0.41171875 0.88046875 0.165625 0.10625
1 0.19453125 0.84453125 0.071875 0.040625
2 0.12265625 0.8375 0.065625 0.05625
0 0.24375 0.778125 0.084375 0.025
3 0.1765625 0.80625 0.0515625 0.0390625
4 0.3453125 0.9515625 0.1296875 0.025
0 0.19765625 0.7609375 0.0625 0.01875
4 0.5140625 0.9578125 0.1421875 0.06875
1 0.234375 0.1109375 0.065625 0.078125
4 0.83359375 0.92109375 0.1953125 0.059375
2 0.13828125 0.55546875 0.075 0.065625
2 0.13203125 0.61953125 0.0734375 0.0609375
2 0.0953125 0.77109375 0.053125 0.034375
5 0.0875 0.8734375 0.0671875 0.0453125
0 0.1984375 0.88125 0.065625 0.0140625
0 0.18671875 0.91171875 0.06875 0.01875
0 0.1234375 0.91796875 0.0375 0.0125
3 0.16640625 0.8828125 0.046875 0.034375
3 0.1484375 0.8703125 0.04375 0.028125
3 0.28515625 0.93515625 0.0875 0.0703125
5 0.12265625 0.89765625 0.0375 0.021875
3 0.2984375 0.925 0.065625 0.0171875