3 0.0921875 0.5546875 0.184375 0.109375
3 0.790625 0.678125 0.215625 0.2875
3 0.84140625 0.11953125 0.0375 0.0375
3 0.9125 0.3015625 0.0921875 0.115625
1 0.8859375 0.203125 0.0515625 0.06875
3 0.83671875 0.509375 0.15 0.146875
2 0.60859375 0.33515625 0.30625 0.48125
1 0.8828125 0.18515625 0.046875 0.040625
3 0.15 0.85859375 0.3 0.2828125
0 0.94921875 0.1671875 0.01875 0.075
1 0.9296875 0.14765625 0.03125 0.0640625
3 0.828125 0.16484375 0.05 0.05625
1 0.8796875 0.2234375 0.034375 0.05
1 0.31171875 0.64921875 0.190625 0.340625
3 0.7921875 0.2359375 0.028125 0.090625
3 0.87578125 0.090625 0.034375 0.05625
0 0.828125 0.29765625 0.0421875 0.103125
0 0.1921875 0.4703125 0.06875 0.2
4 0.99375 0.39296875 0.0125 0.1578125
4 0.98984375 0.28984375 0.0203125 0.0890625
1 0.084375 0.1859375 0.06875 0.05625
3 0.17421875 0.42578125 0.20625 0.165625
3 0.2453125 0.18671875 0.06875 0.04375
2 0.39609375 0.30625 0.1203125 0.265625
0 0.4359375 0.46328125 0.021875 0.203125
0 0.0171875 0.45625 0.034375 0.0625
3 0.09140625 0.60390625 0.1828125 0.2234375
1 0.04765625 0.65234375 0.0953125 0.1703125
4 0.95234375 0.6203125 0.0390625 0.265625
4 0.94375 0.8328125 0.065625 0.1546875
4 0.775 0.95859375 0.040625 0.0828125
4 0.66015625 0.96796875 0.053125 0.0640625
4 0.99140625 0.4875 0.0171875 0.1109375
3 0.959375 0.24375 0.05625 0.05
4 0.92734375 0.21796875 0.0125 0.04375
0 0.88984375 0.14140625 0.04375 0.0484375
3 0.79296875 0.175 0.034375 0.040625
0 0.78046875 0.13671875 0.03125 0.0203125
0 0.76640625 0.2953125 0.025 0.1265625