3 0.271875 0.63203125 0.240625 0.2875
3 0.2078125 0.4640625 0.178125 0.1765625
0 0.5578125 0.42890625 0.046875 0.15625
0 0.57109375 0.3484375 0.040625 0.1296875
3 0.51015625 0.3015625 0.1 0.128125
3 0.68671875 0.2984375 0.084375 0.103125
3 0.76484375 0.71328125 0.2 0.3
3 0.8265625 0.5703125 0.1671875 0.2046875
1 0.8921875 0.4328125 0.0984375 0.1859375
0 0.0671875 0.26171875 0.0203125 0.0734375
0 0.0484375 0.2703125 0.028125 0.071875
0 0.81015625 0.3234375 0.034375 0.1078125
3 0.74453125 0.25625 0.025 0.0875
1 0.78203125 0.2296875 0.0453125 0.084375
3 0.83046875 0.24765625 0.05625 0.0734375
4 0.9703125 0.51171875 0.059375 0.1375
4 0.95625 0.39375 0.0296875 0.0796875
4 0.97265625 0.3015625 0.025 0.06875
5 0.74375 0.1625 0.09375 0.10625
5 0.70625 0.10859375 0.0671875 0.0921875
5 0.89296875 0.13203125 0.0421875 0.0796875
5 0.86484375 0.12421875 0.0265625 0.0671875
2 0.94609375 0.14140625 0.0546875 0.0890625
5 0.85 0.07265625 0.05 0.0765625
0 0.875 0.2125 0.021875 0.05625
1 0.83359375 0.178125 0.0359375 0.046875
0 0.92578125 0.21796875 0.028125 0.0578125
0 0.50078125 0.18125 0.0140625 0.0359375
1 0.47578125 0.1828125 0.03125 0.04375
1 0.55234375 0.17890625 0.0375 0.040625
3 0.30078125 0.23984375 0.078125 0.040625
3 0.01328125 0.26015625 0.0265625 0.103125