1 0.2640625 0.3921875 0.08671875 0.18515625
1 0.33515625 0.3109375 0.05859375 0.11875
1 0.121875 0.17890625 0.0328125 0.06171875
1 0.11484375 0.428125 0.0984375 0.19609375
1 0.6140625 0.19609375 0.0328125 0.0390625
1 0.8046875 0.2265625 0.05625 0.06015625
1 0.11171875 0.140625 0.0234375 0.03125
5 0.534375 0.384375 0.1375 0.20234375
3 0.42578125 0.28046875 0.0703125 0.09921875
5 0.23125 0.0984375 0.04609375 0.08203125
2 0.97578125 0.2234375 0.04765625 0.18671875
3 0.44765625 0.14453125 0.10078125 0.08671875
3 0.20546875 0.26171875 0.0671875 0.10234375
3 0.2453125 0.203125 0.04296875 0.06171875
3 0.19921875 0.1796875 0.02890625 0.0359375
3 0.16640625 0.18671875 0.03671875 0.059375
3 0.14296875 0.1515625 0.0265625 0.03203125
3 0.10078125 0.28125 0.07109375 0.09609375
3 0.18125 0.5625 0.1578125 0.2046875
3 0.2515625 0.6859375 0.19765625 0.2609375