3 0.3078125 0.74609375 0.2796875 0.2109375
3 0.46328125 0.80859375 0.1859375 0.15625
2 0.4578125 0.2921875 0.578125 0.534375
0 0.784375 0.75078125 0.0859375 0.034375
1 0.81015625 0.09765625 0.06875 0.0875
0 0.7625 0.684375 0.096875 0.04375
5 0.91640625 0.52890625 0.1296875 0.1375
4 0.39765625 0.65625 0.19375 0.0546875
4 0.1296875 0.73046875 0.23125 0.0765625
4 0.15859375 0.9265625 0.23125 0.0796875
4 0.609375 0.80703125 0.096875 0.040625
4 0.62734375 0.86953125 0.1375 0.040625
4 0.559375 0.91484375 0.19375 0.0421875
4 0.53515625 0.95078125 0.209375 0.03125
3 0.75078125 0.57109375 0.0953125 0.1015625
0 0.6953125 0.578125 0.134375 0.040625
5 0.8671875 0.69453125 0.09375 0.0625
3 0.809375 0.68515625 0.06875 0.06875
3 0.70390625 0.8671875 0.103125 0.078125
0 0.78125 0.79765625 0.0953125 0.0234375
0 0.834375 0.78359375 0.059375 0.01875
0 0.8578125 0.75703125 0.0640625 0.015625
0 0.8265625 0.828125 0.078125 0.0234375
0 0.825 0.8609375 0.078125 0.0203125
3 0.79375 0.91171875 0.078125 0.078125
5 0.9421875 0.87109375 0.06875 0.0578125
5 0.871875 0.78203125 0.0453125 0.0375
3 0.91015625 0.9046875 0.05 0.034375
3 0.8859375 0.84296875 0.0359375 0.034375
0 0.8515625 0.8828125 0.059375 0.015625
2 0.28359375 0.0390625 0.565625 0.078125
2 0.66640625 0.153125 0.096875 0.153125
0 0.84375 0.3546875 0.046875 0.021875
0 0.8640625 0.90390625 0.059375 0.015625