3 0.51328125 0.39765625 0.1140625 0.128125
3 0.43359375 0.28984375 0.08125 0.109375
2 0.071875 0.21328125 0.14375 0.184375
3 0.759375 0.71875 0.1875 0.2828125
3 0.06484375 0.490625 0.1296875 0.2
3 0.81015625 0.5578125 0.15 0.1734375
1 0.878125 0.40234375 0.1171875 0.1609375
3 0.3515625 0.32578125 0.084375 0.0640625
0 0.7078125 0.2609375 0.03125 0.075
3 0.33359375 0.44921875 0.1703125 0.1828125
2 0.2546875 0.18515625 0.19375 0.1390625
0 0.740625 0.259375 0.025 0.078125
0 0.590625 0.27890625 0.0375 0.096875
0 0.8546875 0.09453125 0.084375 0.090625
3 0.64609375 0.33125 0.1 0.128125
0 0.78671875 0.265625 0.0421875 0.09375
0 0.63671875 0.24296875 0.03125 0.053125
0 0.21015625 0.875 0.1359375 0.25
1 0.77734375 0.2140625 0.0453125 0.075
1 0.50390625 0.14375 0.1234375 0.096875
1 0.84765625 0.225 0.0625 0.090625
4 0.95703125 0.34140625 0.04375 0.1296875
0 0.915625 0.178125 0.046875 0.078125
0 0.33359375 0.628125 0.103125 0.228125
4 0.709375 0.8109375 0.11875 0.30625
4 0.96953125 0.503125 0.0609375 0.1421875
4 0.89140625 0.26953125 0.015625 0.0875
0 0.7234375 0.378125 0.0375 0.15625
0 0.55234375 0.284375 0.03125 0.04375