3 0.65 0.490625 0.10625 0.1046875
3 0.640625 0.63125 0.11875 0.103125
2 0.809375 0.44921875 0.103125 0.1375
1 0.55859375 0.946875 0.16875 0.10625
0 0.44921875 0.6640625 0.2046875 0.053125
2 0.74453125 0.04453125 0.2109375 0.0890625
0 0.27578125 0.390625 0.284375 0.090625
3 0.6953125 0.7921875 0.0734375 0.0875
3 0.409375 0.86875 0.171875 0.1734375
0 0.6125 0.7046875 0.146875 0.0359375
3 0.23515625 0.81953125 0.2890625 0.234375
0 0.68828125 0.890625 0.1 0.034375
4 0.1390625 0.78984375 0.240625 0.075
3 0.73203125 0.61875 0.053125 0.0609375
1 0.7890625 0.89609375 0.0765625 0.0375
0 0.45625 0.39921875 0.121875 0.0640625
3 0.77890625 0.8296875 0.0625 0.0515625
0 0.40703125 0.39765625 0.215625 0.075
1 0.396875 0.11484375 0.365625 0.2296875
0 0.75546875 0.92734375 0.078125 0.015625
0 0.771875 0.88359375 0.040625 0.015625
0 0.7453125 0.86171875 0.084375 0.0171875
0 0.77109375 0.7859375 0.028125 0.015625
3 0.7671875 0.7625 0.053125 0.0234375
3 0.67890625 0.73359375 0.0921875 0.0296875
0 0.74765625 0.73359375 0.04375 0.015625
0 0.76640625 0.74140625 0.0453125 0.015625
5 0.87578125 0.94140625 0.1 0.08125
3 0.78046875 0.95625 0.078125 0.0390625
0 0.81015625 0.97265625 0.05 0.0140625
0 0.83046875 0.93046875 0.040625 0.009375
3 0.73984375 0.67421875 0.090625 0.046875
5 0.85234375 0.6203125 0.084375 0.08125
3 0.75703125 0.29765625 0.05 0.05625
0 0.74296875 0.28125 0.025 0.01875
3 0.81953125 0.84296875 0.021875 0.034375