0 0.66484375 0.54375 0.0734375 0.2015625
3 0.515625 0.665625 0.1953125 0.2625
1 0.32265625 0.3265625 0.0640625 0.1234375
4 0.06796875 0.353125 0.0578125 0.13515625
3 0.43984375 0.42578125 0.13203125 0.1421875
3 0.240625 0.64375 0.18515625 0.15859375
0 0.2609375 0.27265625 0.04375 0.0921875
3 0.1796875 0.54921875 0.14140625 0.16796875
4 0.2765625 0.775 0.0890625 0.25859375
1 0.72578125 0.22421875 0.06015625 0.059375
0 0.15390625 0.22578125 0.0265625 0.08359375
3 0.1109375 0.21796875 0.04921875 0.0609375
3 0.26953125 0.19765625 0.05234375 0.04140625
0 0.18984375 0.26875 0.03671875 0.084375
0 0.22109375 0.21953125 0.02734375 0.0609375
1 0.12578125 0.16640625 0.034375 0.04453125
4 0.07109375 0.8703125 0.065625 0.25546875
4 0.0296875 0.4953125 0.059375 0.14375
0 0.228125 0.32734375 0.03046875 0.11796875
3 0.065625 0.21015625 0.0359375 0.06171875
2 0.1328125 0.1125 0.0328125 0.06484375
3 0.159375 0.16171875 0.0265625 0.034375
3 0.18828125 0.159375 0.0265625 0.0328125
3 0.221875 0.2 0.02890625 0.0671875
5 0.4765625 0.26875 0.1 0.1859375