5 0.71484375 0.175 0.20234375 0.17421875
1 0.24609375 0.22109375 0.04765625 0.08125
3 0.13046875 0.34375 0.084375 0.08671875
0 0.35390625 0.2875 0.04453125 0.08359375
0 0.92109375 0.59296875 0.0921875 0.22890625
0 0.3109375 0.2921875 0.0453125 0.0890625
3 0.25 0.7046875 0.20703125 0.27734375
4 0.33203125 0.52578125 0.0484375 0.16875
2 0.15703125 0.16640625 0.08984375 0.11953125
0 0.53671875 0.325 0.0390625 0.128125
4 0.03828125 0.51015625 0.065625 0.11015625
3 0.1875 0.54296875 0.15625 0.159375
3 0.89765625 0.259375 0.1078125 0.08203125
5 0.36484375 0.11796875 0.10546875 0.10859375
0 0.97890625 0.2734375 0.04140625 0.075
2 0.10078125 0.12421875 0.04921875 0.09140625
2 0.52421875 0.15546875 0.0828125 0.06484375
4 0.06640625 0.365625 0.028125 0.12578125
4 0.175 0.24765625 0.02578125 0.07578125
4 0.08125 0.2140625 0.02265625 0.06953125
1 0.45703125 0.17265625 0.0375 0.0453125