3 0.821875 0.54375 0.146875 0.1625
3 0.76015625 0.70546875 0.203125 0.275
1 0.14296875 0.24765625 0.0921875 0.05625
1 0.57265625 0.2765625 0.059375 0.096875
0 0.553125 0.4390625 0.04375 0.159375
1 0.26015625 0.84765625 0.271875 0.3046875
3 0.328125 0.49609375 0.1625 0.196875
4 0.95078125 0.34765625 0.0375 0.125
3 0.3578125 0.35078125 0.134375 0.13125
3 0.13828125 0.45078125 0.184375 0.1703125
3 0.678125 0.2578125 0.0640625 0.06875
0 0.85234375 0.23359375 0.01875 0.071875
0 0.66171875 0.26328125 0.01875 0.0625
1 0.878125 0.16640625 0.028125 0.053125
3 0.78125 0.22734375 0.059375 0.0640625
1 0.85859375 0.30234375 0.059375 0.115625
0 0.86640625 0.19375 0.015625 0.053125
3 0.94609375 0.19296875 0.0765625 0.071875
5 0.6625 0.4078125 0.109375 0.225
3 0.7875 0.178125 0.04375 0.034375
0 0.4109375 0.37421875 0.0453125 0.1328125
0 0.67421875 0.16328125 0.115625 0.125
5 0.02265625 0.55703125 0.0453125 0.2859375
4 0.7359375 0.803125 0.05625 0.215625
4 0.928125 0.82734375 0.0796875 0.140625
4 0.96796875 0.52109375 0.0609375 0.1125
3 0.93984375 0.28046875 0.078125 0.08125
4 0.94375 0.3 0.0171875 0.053125
0 0.84453125 0.1828125 0.0125 0.0453125
3 0.85234375 0.14921875 0.021875 0.0375
5 0.8890625 0.10234375 0.046875 0.06875
3 0.58984375 0.3796875 0.053125 0.125
0 0.34375 0.36328125 0.028125 0.0578125