3 0.1046875 0.325 0.096875 0.1125
3 0.68203125 0.396875 0.153125 0.171875
3 0.4421875 0.325 0.10625 0.11875
0 0.85546875 0.46328125 0.075 0.184375
3 0.22265625 0.696875 0.2015625 0.284375
1 0.28671875 0.31640625 0.0703125 0.134375
3 0.1671875 0.559375 0.159375 0.228125
3 0.20625 0.16484375 0.04375 0.059375
3 0.28046875 0.2375 0.0671875 0.08125
0 0.36640625 0.2546875 0.0375 0.090625
4 0.2265625 0.77890625 0.10625 0.2625
3 0.365625 0.48671875 0.14375 0.2078125
4 0.03046875 0.3296875 0.0515625 0.1484375
0 0.50390625 0.29296875 0.025 0.1109375
2 0.1609375 0.1171875 0.065625 0.09375
4 0.02734375 0.49453125 0.0546875 0.140625
0 0.15546875 0.17265625 0.021875 0.071875
4 0.0515625 0.809375 0.103125 0.209375
4 0.09453125 0.2328125 0.025 0.0515625
0 0.06875 0.14765625 0.01875 0.05
3 0.1015625 0.13828125 0.040625 0.071875
3 0.25390625 0.1890625 0.053125 0.078125
5 0.37109375 0.08046875 0.121875 0.1328125
0 0.83671875 0.209375 0.025 0.05625