3 0.73046875 0.18046875 0.2921875 0.234375
5 0.23671875 0.4265625 0.2515625 0.1640625
1 0.26015625 0.190625 0.0921875 0.05625
3 0.328125 0.06015625 0.084375 0.08125
3 0.409375 0.690625 0.2 0.190625
3 0.56796875 0.1265625 0.16875 0.1625
0 0.25078125 0.2546875 0.0875 0.028125
3 0.19296875 0.20625 0.05 0.0515625
4 0.9296875 0.025 0.140625 0.05
3 0.1734375 0.16875 0.053125 0.0484375
4 0.44765625 0.03515625 0.19375 0.034375
0 0.17890625 0.03671875 0.05 0.021875
3 0.42578125 0.1421875 0.11875 0.1390625
3 0.24921875 0.9390625 0.09375 0.121875
5 0.2109375 0.70390625 0.0796875 0.1
3 0.228125 0.82265625 0.075 0.06875
0 0.1765625 0.5296875 0.0515625 0.01875
0 0.1953125 0.5890625 0.040625 0.0125
0 0.33359375 0.33515625 0.125 0.0296875
5 0.10546875 0.26640625 0.071875 0.05
0 0.196875 0.1 0.0609375 0.015625
3 0.1875 0.11640625 0.05625 0.01875
5 0.12734375 0.10390625 0.05 0.0328125
3 0.146875 0.06015625 0.0484375 0.0296875
3 0.121875 0.071875 0.0390625 0.025
3 0.16640625 0.08359375 0.04375 0.0125
5 0.12265625 0.02421875 0.078125 0.0375
5 0.065625 0.0265625 0.059375 0.0390625
3 0.26953125 0.0140625 0.065625 0.028125
4 0.44296875 0.21796875 0.190625 0.0296875
4 0.8125 0.01796875 0.075 0.0359375