2 0.69375 0.60625 0.5359375 0.63828125
2 0.81640625 0.1984375 0.22890625 0.128125
2 0.3390625 0.12890625 0.059375 0.05390625
2 0.17890625 0.084375 0.0328125 0.0390625
0 0.096875 0.14375 0.01171875 0.04921875
5 0.1046875 0.10234375 0.0296875 0.04609375
2 0.12421875 0.07109375 0.028125 0.034375
5 0.48203125 0.14453125 0.13125 0.12734375
1 0.121875 0.2109375 0.040625 0.059375
5 0.14140625 0.1703125 0.04921875 0.06484375
5 0.93046875 0.496875 0.1390625 0.403125
1 0.11484375 0.421875 0.09140625 0.1703125
1 0.409375 0.83046875 0.1828125 0.1703125
4 0.21328125 0.8796875 0.05 0.06953125
4 0.14375 0.2890625 0.02109375 0.0875
4 0.03125 0.51953125 0.06171875 0.14921875
4 0.046875 0.34375 0.0234375 0.11171875
0 0.18203125 0.23359375 0.0125 0.0765625
0 0.334375 0.3125 0.021875 0.096875
0 0.38125 0.3671875 0.03125 0.13046875
0 0.3953125 0.28828125 0.02734375 0.0828125
0 0.34375 0.2671875 0.0203125 0.0640625
0 0.215625 0.19140625 0.01484375 0.05234375
0 0.57734375 0.20234375 0.02265625 0.025
3 0.278125 0.215625 0.053125 0.06484375
3 0.18515625 0.20859375 0.04375 0.0546875
3 0.10234375 0.2734375 0.0609375 0.08203125
3 0.4265625 0.26953125 0.04453125 0.06953125
3 0.96953125 0.2890625 0.0609375 0.06171875
3 0.22890625 0.67734375 0.146875 0.22109375
3 0.165625 0.55078125 0.11171875 0.171875
4 0.265625 0.87265625 0.053125 0.06953125