5 0.57890625 0.071875 0.1609375 0.14375
3 0.25078125 0.66484375 0.23125 0.29375
3 0.6109375 0.29140625 0.121875 0.14375
1 0.21875 0.2046875 0.0734375 0.109375
0 0.35 0.29765625 0.04375 0.1234375
3 0.1375 0.28203125 0.078125 0.1125
0 0.39609375 0.228125 0.053125 0.08125
3 0.51953125 0.23046875 0.09375 0.10625
0 0.2609375 0.28125 0.046875 0.14375
1 0.3390625 0.2078125 0.078125 0.078125
4 0.0375 0.465625 0.0734375 0.134375
0 0.4234375 0.353125 0.046875 0.1625
0 0.48515625 0.2734375 0.04375 0.090625
3 0.0890625 0.13828125 0.06875 0.065625
3 0.646875 0.8421875 0.3109375 0.315625
3 0.3203125 0.14375 0.053125 0.04375
3 0.19609375 0.5109375 0.1546875 0.1796875
3 0.16015625 0.0921875 0.0703125 0.05
3 0.17421875 0.13984375 0.065625 0.0625
4 0.07421875 0.3203125 0.03125 0.146875
4 0.04921875 0.34453125 0.034375 0.1421875
2 0.83046875 0.471875 0.3375 0.603125
2 0.47734375 0.0953125 0.0703125 0.06875
0 0.22421875 0.11328125 0.04375 0.0578125
4 0.12421875 0.36484375 0.0296875 0.14375
0 0.27890625 0.23984375 0.01875 0.0921875