3 0.2359375 0.690625 0.2140625 0.26171875
3 0.1234375 0.3328125 0.08046875 0.0796875
3 0.93203125 0.2484375 0.10546875 0.08515625
0 0.83046875 0.503125 0.07734375 0.1890625
3 0.359375 0.2625 0.06015625 0.05
3 0.47421875 0.40703125 0.12734375 0.11953125
1 0.2109375 0.25703125 0.06640625 0.09453125
5 0.59921875 0.2765625 0.28203125 0.25078125
0 0.6609375 0.54296875 0.07265625 0.21796875
3 0.4328125 0.346875 0.09609375 0.09453125
0 0.28125 0.2484375 0.03359375 0.06875
4 0.096875 0.58515625 0.059375 0.215625
0 0.30625 0.346875 0.06015625 0.1109375
0 0.11796875 0.184375 0.02265625 0.04375
3 0.94375 0.84921875 0.10859375 0.29765625
0 0.1671875 0.18359375 0.02734375 0.04453125
0 0.33984375 0.39375 0.05078125 0.13046875
4 0.0828125 0.82890625 0.08125 0.1984375
0 0.9359375 0.6484375 0.128125 0.26484375
3 0.19453125 0.54375 0.121875 0.16796875
3 0.18515625 0.4140625 0.12109375 0.10703125
0 0.090625 0.178125 0.01953125 0.04921875
4 0.06796875 0.51015625 0.03359375 0.16796875
0 0.26171875 0.225 0.02734375 0.05546875
0 0.4390625 0.478125 0.05625 0.165625
3 0.82578125 0.2296875 0.06015625 0.07265625
4 0.0515625 0.46796875 0.03359375 0.2078125
3 0.253125 0.1046875 0.06328125 0.10234375
3 0.0828125 0.12109375 0.02578125 0.03515625
3 0.134375 0.1515625 0.0328125 0.0328125
3 0.10546875 0.15625 0.0265625 0.0421875
5 0.08515625 0.0828125 0.0296875 0.04765625
5 0.09609375 0.059375 0.0203125 0.03203125
0 0.615625 0.44453125 0.0453125 0.18515625