1 0.75703125 0.16171875 0.08125 0.05
3 0.41640625 0.859375 0.2265625 0.2109375
3 0.53046875 0.90625 0.128125 0.1859375
3 0.45859375 0.1828125 0.1484375 0.1546875
2 0.4984375 0.52734375 0.4875 0.353125
4 0.16015625 0.23984375 0.171875 0.0921875
3 0.30703125 0.22578125 0.2671875 0.21875
3 0.6765625 0.13828125 0.084375 0.075
4 0.5015625 0.1015625 0.140625 0.046875
0 0.8046875 0.25078125 0.05625 0.015625
3 0.81484375 0.18828125 0.04375 0.0453125
4 0.58984375 0.125 0.121875 0.040625
4 0.53359375 0.05546875 0.18125 0.05
0 0.8 0.1078125 0.0609375 0.01875
4 0.578125 0.1640625 0.090625 0.028125
4 0.1734375 0.07421875 0.2 0.0796875
4 0.60390625 0.19765625 0.0640625 0.0203125
4 0.66015625 0.075 0.040625 0.01875
3 0.775 0.06484375 0.075 0.03125
4 0.81875 0.05390625 0.0234375 0.0125
0 0.81484375 0.16796875 0.028125 0.009375
3 0.83046875 0.14375 0.053125 0.0375
4 0.7 0.075 0.015625 0.0125
3 0.8359375 0.084375 0.04375 0.01875
0 0.85 0.0703125 0.040625 0.0109375
0 0.87109375 0.0859375 0.025 0.0078125
0 0.86328125 0.09921875 0.015625 0.009375
0 0.81015625 0.12578125 0.059375 0.0125
0 0.84921875 0.378125 0.01875 0.009375
0 0.77734375 0.73125 0.0375 0.0203125
0 0.7359375 0.97734375 0.06875 0.034375
0 0.4078125 0.7015625 0.228125 0.0453125
1 0.30546875 0.96171875 0.3484375 0.0765625
3 0.7375 0.878125 0.03125 0.0671875
1 0.75625 0.88828125 0.0640625 0.059375
1 0.85859375 0.3296875 0.0203125 0.015625
3 0.8453125 0.16953125 0.025 0.01875
1 0.86796875 0.121875 0.0375 0.0203125
2 0.76171875 0.53203125 0.1578125 0.2625
3 0.8421875 0.41796875 0.03125 0.0421875
3 0.7703125 0.8203125 0.059375 0.05625