3 0.19140625 0.41875 0.115625 0.115625
0 0.7015625 0.459375 0.071875 0.14375
3 0.1796875 0.5484375 0.1421875 0.16875
3 0.23671875 0.703125 0.1953125 0.265625
3 0.28984375 0.23125 0.0546875 0.05625
3 0.8125 0.575 0.225 0.215625
3 0.1890625 0.22109375 0.05625 0.059375
3 0.12109375 0.33203125 0.078125 0.096875
0 0.57265625 0.39609375 0.0625 0.153125
3 0.090625 0.13359375 0.028125 0.053125
1 0.12265625 0.115625 0.046875 0.078125
1 0.44609375 0.40078125 0.10625 0.2
3 0.33984375 0.315625 0.0859375 0.09375
0 0.365625 0.25078125 0.0375 0.0484375
3 0.05703125 0.23203125 0.0453125 0.0640625
0 0.1171875 0.22109375 0.021875 0.0734375
3 0.14375 0.14609375 0.034375 0.0390625
3 0.93046875 0.25625 0.0875 0.0875
3 0.82265625 0.228125 0.05 0.046875
3 0.7375 0.23671875 0.0625 0.0296875
1 0.6078125 0.1984375 0.0421875 0.046875
0 0.859375 0.24765625 0.025 0.05
0 0.65625 0.21796875 0.025 0.04375
0 0.19765625 0.27578125 0.028125 0.0953125
0 0.15078125 0.1953125 0.01875 0.065625
4 0.06484375 0.56875 0.0484375 0.2375
4 0.06484375 0.82578125 0.065625 0.19375
4 0.13046875 0.42109375 0.0390625 0.090625
4 0.0359375 0.48984375 0.01875 0.140625
4 0.06640625 0.35546875 0.015625 0.046875
4 0.08671875 0.440625 0.0234375 0.0625