2 0.18515625 0.94453125 0.2515625 0.1109375
3 0.27421875 0.27109375 0.0890625 0.08125
1 0.3609375 0.3765625 0.128125 0.090625
3 0.20390625 0.28984375 0.0515625 0.0484375
3 0.6625 0.2421875 0.18125 0.21875
3 0.55078125 0.18828125 0.171875 0.1578125
0 0.68046875 0.9453125 0.2515625 0.109375
4 0.78984375 0.26640625 0.265625 0.0625
5 0.2234375 0.3953125 0.10625 0.0765625
1 0.2078125 0.203125 0.084375 0.040625
5 0.3125 0.72734375 0.378125 0.3125
0 0.7046875 0.6859375 0.3015625 0.13125
5 0.10859375 0.596875 0.1296875 0.1890625
4 0.35234375 0.04921875 0.15 0.0203125
0 0.36171875 0.515625 0.1375 0.05625
0 0.2578125 0.38828125 0.0671875 0.021875
0 0.16796875 0.15859375 0.05625 0.0140625
3 0.25859375 0.14921875 0.09375 0.08125
0 0.5671875 0.89296875 0.215625 0.06875
1 0.665625 0.46875 0.375 0.128125
4 0.8625 0.07421875 0.1515625 0.05625
4 0.51875 0.03671875 0.11875 0.0625
4 0.303125 0.0609375 0.09375 0.009375
3 0.27890625 0.0609375 0.078125 0.078125
0 0.21328125 0.3234375 0.06875 0.015625
0 0.25234375 0.34453125 0.065625 0.025
0 0.190625 0.22890625 0.053125 0.0125
5 0.13828125 0.1875 0.0546875 0.0375
5 0.13125 0.1546875 0.05625 0.0296875
0 0.17265625 0.08046875 0.05625 0.015625
0 0.140625 0.09609375 0.04375 0.0125
0 0.13203125 0.07890625 0.0359375 0.0125
0 0.10625 0.08671875 0.0265625 0.00625