3 0.47109375 0.68671875 0.275 0.20625
3 0.57890625 0.28828125 0.2109375 0.134375
3 0.7421875 0.28828125 0.115625 0.078125
1 0.728125 0.20859375 0.1234375 0.071875
3 0.25703125 0.22734375 0.328125 0.228125
4 0.1734375 0.1921875 0.296875 0.125
4 0.15 0.046875 0.253125 0.09375
4 0.47265625 0.0171875 0.1796875 0.034375
3 0.39453125 0.15703125 0.25625 0.2
3 0.7140625 0.428125 0.19375 0.09375
0 0.6546875 0.50234375 0.1703125 0.06875
3 0.65078125 0.08828125 0.1453125 0.109375
4 0.65078125 0.00703125 0.14375 0.0140625
4 0.62890625 0.0203125 0.175 0.040625
0 0.77265625 0.33515625 0.1015625 0.0671875
4 0.75078125 0.06796875 0.0625 0.034375
0 0.7546875 0.10078125 0.0859375 0.04375
3 0.796875 0.1859375 0.09375 0.059375
0 0.79140625 0.24765625 0.084375 0.034375
3 0.8671875 0.06015625 0.0859375 0.04375
0 0.83828125 0.1046875 0.06875 0.0265625
2 0.89140625 0.1125 0.109375 0.05625
3 0.8515625 0.14296875 0.0671875 0.053125
3 0.84375 0.18125 0.0640625 0.0546875
5 0.90234375 0.4625 0.1953125 0.1765625
0 0.82109375 0.578125 0.065625 0.0390625
0 0.77421875 0.81796875 0.0671875 0.071875
3 0.74140625 0.95859375 0.096875 0.0828125
3 0.9046875 0.06328125 0.028125 0.03125
3 0.78515625 0.0421875 0.06875 0.05
3 0.8109375 0.01171875 0.0625 0.0234375
3 0.86171875 0.3515625 0.05 0.021875
5 0.8859375 0.24765625 0.0609375 0.0515625
5 0.9640625 0.06875 0.05 0.0375
2 0.24296875 0.95625 0.4859375 0.0875