3 0.33046875 0.78125 0.28125 0.271875
1 0.68828125 0.25 0.125 0.078125
3 0.24296875 0.2109375 0.29375 0.215625
3 0.42890625 0.1515625 0.1625 0.15
0 0.68984375 0.38984375 0.1125 0.0515625
0 0.72265625 0.32421875 0.09375 0.034375
0 0.43671875 0.50546875 0.2078125 0.078125
3 0.65390625 0.08515625 0.1046875 0.0921875
3 0.671875 0.50703125 0.1078125 0.09375
0 0.7875 0.10859375 0.065625 0.0328125
2 0.653125 0.81328125 0.375 0.3734375
3 0.5609375 0.15390625 0.134375 0.128125
0 0.12734375 0.9390625 0.253125 0.121875
4 0.1796875 0.03515625 0.065625 0.05625
4 0.32109375 0.04921875 0.2171875 0.071875
4 0.39765625 0.0296875 0.23125 0.059375
4 0.53515625 0.046875 0.078125 0.0453125
3 0.8296875 0.15078125 0.05 0.040625
3 0.821875 0.09453125 0.059375 0.0375
3 0.76875 0.021875 0.06875 0.04375
3 0.74453125 0.209375 0.0875 0.0640625
3 0.6890625 0.03203125 0.06875 0.0625
0 0.79140625 0.18671875 0.059375 0.01875
5 0.91953125 0.18671875 0.0875 0.0578125
5 0.909375 0.05546875 0.071875 0.04375
4 0.09140625 0.0328125 0.1125 0.0625
4 0.5 0.0078125 0.16875 0.015625
4 0.6125 0.0234375 0.0421875 0.021875
1 0.8265625 0.52421875 0.028125 0.0109375
3 0.84375 0.4265625 0.0375 0.0203125