3 0.871875 0.5421875 0.253125 0.2265625
3 0.24296875 0.69140625 0.19375 0.265625
3 0.4875 0.34453125 0.1046875 0.1
1 0.6203125 0.34921875 0.071875 0.08359375
3 0.8734375 0.75859375 0.253125 0.33671875
3 0.7890625 0.4015625 0.171875 0.1515625
3 0.44296875 0.48359375 0.16328125 0.1953125
0 0.575 0.41484375 0.059375 0.1109375
3 0.18125 0.540625 0.14296875 0.1609375
1 0.1515625 0.24375 0.05625 0.08046875
2 0.30078125 0.22734375 0.17265625 0.23359375
3 0.659375 0.4796875 0.13359375 0.16875
1 0.09921875 0.1515625 0.03515625 0.06015625
3 0.1203125 0.19609375 0.04453125 0.04609375
0 0.18125 0.196875 0.02578125 0.05859375
3 0.44765625 0.2828125 0.065625 0.04921875
0 0.1953125 0.30546875 0.04375 0.10390625
3 0.2125 0.19375 0.03046875 0.0671875
0 0.546875 0.36328125 0.04375 0.059375
4 0.0390625 0.50625 0.06875 0.13125
1 0.990625 0.26484375 0.01875 0.096875
0 0.15546875 0.18046875 0.04453125 0.04140625
3 0.95859375 0.47734375 0.07265625 0.14375
4 0.0484375 0.40703125 0.0453125 0.1953125
4 0.13828125 0.41328125 0.05078125 0.18984375
4 0.084375 0.365625 0.040625 0.14609375
3 0.13125 0.34453125 0.07265625 0.13671875
0 0.4140625 0.31328125 0.03359375 0.11484375
0 0.54609375 0.73515625 0.084375 0.284375
0 0.60625 0.61484375 0.0796875 0.253125
1 0.84375 0.234375 0.071875 0.05
3 0.728125 0.21953125 0.078125 0.05546875
3 0.64765625 0.2078125 0.0625 0.05234375