3 0.70234375 0.24609375 0.271875 0.2
3 0.55234375 0.1859375 0.1671875 0.146875
3 0.365625 0.55859375 0.121875 0.109375
0 0.365625 0.68515625 0.1546875 0.0484375
1 0.2453125 0.20625 0.09375 0.046875
1 0.3625 0.23046875 0.140625 0.0828125
0 0.2328125 0.16953125 0.0703125 0.025
0 0.24296875 0.28671875 0.078125 0.0390625
3 0.32578125 0.36640625 0.075 0.09375
0 0.396875 0.1359375 0.1375 0.040625
3 0.209375 0.1140625 0.05625 0.046875
0 0.22734375 0.16015625 0.078125 0.028125
0 0.53125 0.540625 0.203125 0.0609375
3 0.32421875 0.12734375 0.0765625 0.075
0 0.53359375 0.46171875 0.2 0.0625
0 0.2765625 0.3140625 0.1 0.025
3 0.41171875 0.3296875 0.1515625 0.1078125
0 0.22265625 0.24296875 0.06875 0.01875
3 0.16953125 0.24453125 0.0359375 0.0375
3 0.19609375 0.28359375 0.028125 0.046875
3 0.15 0.13046875 0.0375 0.021875
3 0.146875 0.1703125 0.034375 0.021875
3 0.2140625 0.06328125 0.046875 0.0328125
4 0.3625 0.08203125 0.146875 0.025
4 0.321875 0.0515625 0.0546875 0.015625
4 0.41953125 0.053125 0.14375 0.0390625
4 0.525 0.03359375 0.1109375 0.04375
4 0.87109375 0.07890625 0.1375 0.071875
4 0.77109375 0.0796875 0.0890625 0.05625
4 0.95078125 0.4546875 0.0984375 0.065625
0 0.40234375 0.47578125 0.071875 0.0359375
0 0.384375 0.49609375 0.128125 0.0375
0 0.3734375 0.4109375 0.146875 0.040625
0 0.31953125 0.4515625 0.134375 0.028125
0 0.26015625 0.459375 0.075 0.021875
0 0.2609375 0.35 0.0625 0.021875
3 0.2640625 0.3953125 0.0875 0.059375
3 0.24765625 0.9125 0.065625 0.084375
3 0.23984375 0.79296875 0.059375 0.075
3 0.24609375 0.97578125 0.05625 0.0484375
0 0.18203125 0.2046875 0.028125 0.0359375
5 0.146875 0.20390625 0.0390625 0.0375
3 0.1140625 0.10078125 0.0359375 0.025