3 0.15546875 0.19140625 0.0546875 0.0375
1 0.16875 0.10703125 0.0796875 0.034375
3 0.6859375 0.2171875 0.2671875 0.2
3 0.5359375 0.15625 0.165625 0.15
0 0.221875 0.2265625 0.06875 0.03125
3 0.26640625 0.296875 0.0828125 0.065625
1 0.6234375 0.42734375 0.29375 0.15
3 0.1828125 0.25546875 0.0546875 0.046875
2 0.4109375 0.7015625 0.63125 0.509375
3 0.30234375 0.38671875 0.0984375 0.0859375
3 0.42265625 0.2859375 0.159375 0.10625
1 0.203125 0.16953125 0.09375 0.04375
4 0.28125 0.03671875 0.090625 0.05625
0 0.10625 0.08515625 0.04375 0.028125
0 0.7484375 0.6078125 0.2765625 0.1140625
0 0.2171875 0.1046875 0.084375 0.0140625
0 0.1703125 0.13828125 0.046875 0.01875
3 0.25 0.9640625 0.0875 0.071875
4 0.5046875 0.021875 0.140625 0.04375
0 0.21484375 0.1296875 0.0734375 0.028125
4 0.41015625 0.10234375 0.1703125 0.040625
3 0.32109375 0.10234375 0.115625 0.090625
0 0.84609375 0.75546875 0.3078125 0.1375
0 0.43125 0.38046875 0.04375 0.046875
0 0.35234375 0.4171875 0.1328125 0.0390625
0 0.20234375 0.296875 0.028125 0.0171875
3 0.159375 0.053125 0.05625 0.040625
3 0.12421875 0.13203125 0.03125 0.0265625
4 0.97109375 0.290625 0.0578125 0.053125
3 0.6 0.97578125 0.30625 0.0484375