3 0.1234375 0.33984375 0.084375 0.09765625
2 0.1984375 0.1921875 0.1234375 0.1765625
3 0.23359375 0.69296875 0.2171875 0.25625
3 0.553125 0.42109375 0.15859375 0.15390625
3 0.18359375 0.54296875 0.140625 0.1546875
3 0.3015625 0.41875 0.1015625 0.14921875
3 0.2828125 0.29921875 0.1046875 0.10234375
4 0.25234375 0.8484375 0.075 0.15390625
0 0.38359375 0.3109375 0.0421875 0.0953125
4 0.03828125 0.5046875 0.06796875 0.13515625
4 0.4171875 0.48359375 0.05 0.17421875
3 0.38125 0.2265625 0.06640625 0.040625
1 0.23515625 0.2859375 0.03828125 0.09609375
3 0.37421875 0.28828125 0.078125 0.0625
0 0.96171875 0.64765625 0.0765625 0.27265625
4 0.071875 0.83359375 0.0671875 0.19140625
4 0.390625 0.94765625 0.046875 0.1046875
5 0.80625 0.28515625 0.38671875 0.4703125
1 0.84296875 0.9640625 0.2703125 0.0609375
0 0.68515625 0.59375 0.0859375 0.190625
0 0.0921875 0.19453125 0.02109375 0.06875
0 0.115625 0.1796875 0.0203125 0.06875
3 0.49453125 0.35546875 0.115625 0.1171875
0 0.41796875 0.334375 0.0203125 0.11796875
0 0.446875 0.2890625 0.0453125 0.0890625
3 0.32578125 0.21953125 0.04296875 0.0515625
3 0.27265625 0.196875 0.04140625 0.03828125
3 0.57109375 0.19609375 0.0390625 0.06875
5 0.403125 0.1421875 0.06640625 0.06484375
5 0.30703125 0.12265625 0.0328125 0.05546875
3 0.459375 0.1703125 0.0390625 0.0375