3 0.94453125 0.9046875 0.0984375 0.1796875
3 0.23984375 0.69609375 0.19296875 0.265625
3 0.178125 0.5453125 0.140625 0.16875
3 0.4640625 0.39140625 0.10703125 0.12890625
5 0.93203125 0.6515625 0.13046875 0.33046875
3 0.26015625 0.1890625 0.0421875 0.034375
3 0.090625 0.221875 0.06796875 0.06875
3 0.29921875 0.22734375 0.05703125 0.06328125
1 0.91171875 0.271875 0.08203125 0.06953125
5 0.6875 0.290625 0.29296875 0.3125
1 0.2234375 0.215625 0.04296875 0.05234375
1 0.11171875 0.175 0.03125 0.05
3 0.26015625 0.20859375 0.0375 0.0421875
3 0.359375 0.26796875 0.0671875 0.08203125
0 0.16171875 0.1875 0.0140625 0.05625
4 0.046875 0.35 0.021875 0.11875
3 0.06328125 0.27890625 0.07890625 0.0796875
5 0.58125 0.63515625 0.2109375 0.36640625
4 0.25859375 0.81875 0.0578125 0.23125
4 0.06484375 0.859375 0.071875 0.259375
4 0.03828125 0.5171875 0.0546875 0.10859375
4 0.0609375 0.33203125 0.01640625 0.128125
4 0.0359375 0.30625 0.0078125 0.040625
1 0.19296875 0.3671875 0.05390625 0.13984375
0 0.2421875 0.334375 0.02109375 0.1109375
0 0.22421875 0.26875 0.01875 0.09453125
0 0.19296875 0.2375 0.01875 0.0765625
1 0.07265625 0.1859375 0.03828125 0.04453125
1 0.13359375 0.13125 0.00859375 0.03515625
5 0.16953125 0.1328125 0.05078125 0.1
0 0.08984375 0.13515625 0.01640625 0.0375