3 0.7703125 0.70234375 0.221875 0.2671875
5 0.41484375 0.146875 0.178125 0.134375
3 0.81875 0.54609375 0.15 0.159375
4 0.821875 0.40859375 0.04375 0.109375
3 0.66328125 0.24453125 0.0734375 0.075
3 0.8765625 0.32109375 0.0765625 0.0875
0 0.784375 0.2609375 0.040625 0.090625
0 0.72109375 0.303125 0.0703125 0.171875
3 0.80234375 0.196875 0.065625 0.06875
4 0.8765625 0.4140625 0.05 0.140625
0 0.6046875 0.33671875 0.0421875 0.109375
4 0.70625 0.88203125 0.090625 0.1984375
3 0.93125 0.234375 0.053125 0.065625
4 0.9296875 0.4609375 0.0375 0.184375
3 0.5796875 0.28671875 0.075 0.053125
2 0.1015625 0.74140625 0.203125 0.515625
0 0.7484375 0.21171875 0.0375 0.0765625
0 0.8890625 0.22109375 0.028125 0.0875
5 0.890625 0.12421875 0.0515625 0.0796875
4 0.95078125 0.46796875 0.05 0.196875
4 0.93046875 0.84765625 0.075 0.209375
3 0.0140625 0.2625 0.028125 0.065625
4 0.9421875 0.9 0.053125 0.090625
2 0.325 0.61796875 0.5140625 0.621875
5 0.76875 0.14296875 0.10625 0.1078125
5 0.7625 0.0765625 0.059375 0.071875
0 0.5234375 0.1546875 0.04375 0.0328125