3 0.74765625 0.53828125 0.19921875 0.19296875
3 0.6609375 0.3640625 0.14375 0.13046875
1 0.946875 0.2578125 0.090625 0.0796875
1 0.4453125 0.46875 0.1078125 0.184375
3 0.25390625 0.26953125 0.0625 0.07421875
0 0.30546875 0.365625 0.0484375 0.121875
3 0.18125 0.53359375 0.14765625 0.13984375
0 0.19765625 0.28046875 0.0328125 0.08125
0 0.14921875 0.2265625 0.03203125 0.05
4 0.13046875 0.303125 0.0328125 0.10625
3 0.1671875 0.18671875 0.05390625 0.04375
3 0.29765625 0.21328125 0.053125 0.0546875
0 0.31875 0.27421875 0.034375 0.08203125
0 0.37421875 0.3296875 0.0390625 0.10078125
0 0.48984375 0.34375 0.0453125 0.11171875
1 0.21484375 0.19375 0.03671875 0.03671875
3 0.2078125 0.228125 0.0484375 0.03203125
0 0.346875 0.2484375 0.03203125 0.0734375
4 0.06875 0.33828125 0.0421875 0.125
4 0.0359375 0.49765625 0.05703125 0.125
3 0.85234375 0.75703125 0.28125 0.33671875
1 0.08359375 0.15546875 0.03046875 0.06171875
0 0.4421875 0.3453125 0.034375 0.0703125
4 0.265625 0.8015625 0.0796875 0.21171875
3 0.23359375 0.7 0.2125 0.271875
4 0.0640625 0.84609375 0.0734375 0.15078125
3 0.734375 0.22890625 0.0796875 0.0734375
3 0.134375 0.4109375 0.13046875 0.121875
3 0.11796875 0.16484375 0.01796875 0.0515625
2 0.37109375 0.1375 0.078125 0.08125
5 0.44140625 0.16328125 0.0359375 0.05234375
5 0.15703125 0.08828125 0.028125 0.04765625
5 0.08125 0.12109375 0.0421875 0.07421875
0 0.56875 0.18828125 0.015625 0.03828125