3 0.38671875 0.671875 0.1265625 0.109375
3 0.54609375 0.4109375 0.1921875 0.215625
3 0.3125 0.52890625 0.084375 0.0984375
3 0.54375 0.8234375 0.153125 0.1484375
5 0.13828125 0.796875 0.084375 0.0734375
3 0.6984375 0.7734375 0.28125 0.2125
0 0.26953125 0.80546875 0.08125 0.0390625
3 0.271875 0.62578125 0.0703125 0.065625
3 0.24765625 0.7484375 0.0609375 0.0671875
0 0.59765625 0.59609375 0.240625 0.065625
3 0.225 0.8265625 0.059375 0.0609375
3 0.2078125 0.89140625 0.06875 0.05
4 0.50703125 0.96796875 0.1234375 0.0640625
3 0.82109375 0.19453125 0.3578125 0.3890625
4 0.7984375 0.74375 0.2296875 0.0734375
1 0.1796875 0.75546875 0.04375 0.046875
3 0.31328125 0.9234375 0.084375 0.06875
4 0.3625 0.94609375 0.1515625 0.0421875
1 0.24375 0.11640625 0.065625 0.084375
0 0.209375 0.88046875 0.0640625 0.01875
3 0.1421875 0.87265625 0.0640625 0.0546875
3 0.1609375 0.875 0.0375 0.04375
4 0.83125 0.94296875 0.1921875 0.06875
4 0.42109375 0.86015625 0.1125 0.0375
5 0.15546875 0.38984375 0.134375 0.153125
0 0.2 0.85234375 0.06875 0.0125
0 0.29140625 0.721875 0.096875 0.025
0 0.134375 0.91171875 0.03125 0.0125