3 0.71328125 0.2546875 0.053125 0.103125
3 0.6390625 0.3 0.078125 0.0828125
1 0.22109375 0.21640625 0.1 0.0984375
3 0.76171875 0.65859375 0.18125 0.190625
3 0.815625 0.54296875 0.1421875 0.1671875
1 0.821875 0.21640625 0.05 0.065625
1 0.41015625 0.55078125 0.15625 0.25625
0 0.61640625 0.51484375 0.071875 0.203125
5 0.071875 0.42734375 0.14375 0.3765625
0 0.765625 0.28671875 0.034375 0.09375
0 0.91484375 0.1671875 0.0375 0.065625
3 0.77578125 0.21171875 0.0453125 0.05625
4 0.95546875 0.34453125 0.021875 0.115625
0 0.55390625 0.39140625 0.05625 0.134375
0 0.83125 0.2453125 0.025 0.0609375
0 0.81875 0.29921875 0.034375 0.08125
3 0.58671875 0.26171875 0.071875 0.071875
4 0.90703125 0.3640625 0.021875 0.1375
4 0.7453125 0.79140625 0.046875 0.24375
4 0.92265625 0.81953125 0.0625 0.1921875
4 0.96328125 0.509375 0.071875 0.125
4 0.93671875 0.33046875 0.015625 0.128125
0 0.88203125 0.2390625 0.01875 0.078125
0 0.72578125 0.36875 0.0296875 0.121875
0 0.6921875 0.3609375 0.03125 0.140625
0 0.715625 0.28046875 0.021875 0.075
0 0.75546875 0.22109375 0.015625 0.065625
3 0.67734375 0.22109375 0.025 0.053125
2 0.82578125 0.13203125 0.040625 0.06875
5 0.86640625 0.1546875 0.025 0.046875
2 0.859375 0.078125 0.021875 0.040625