3 0.44140625 0.6265625 0.215625 0.246875
3 0.80078125 0.3578125 0.1125 0.115625
5 0.3453125 0.178125 0.18125 0.1265625
0 0.5375 0.37734375 0.059375 0.20625
0 0.465625 0.35546875 0.053125 0.1140625
3 0.821875 0.1625 0.046875 0.05
3 0.88359375 0.21171875 0.05 0.065625
0 0.83203125 0.225 0.0359375 0.075
3 0.84375 0.55078125 0.15625 0.1625
4 0.965625 0.8515625 0.06875 0.175
4 0.98203125 0.50546875 0.0359375 0.1359375
4 0.75859375 0.80625 0.0703125 0.2421875
3 0.1296875 0.640625 0.259375 0.321875
1 0.7140625 0.26640625 0.065625 0.0921875
1 0.646875 0.403125 0.125 0.1640625
3 0.79453125 0.7109375 0.23125 0.284375
0 0.95 0.20390625 0.0203125 0.065625
3 0.9328125 0.14765625 0.0390625 0.046875
4 0.97265625 0.35390625 0.0421875 0.15
0 0.02109375 0.9125 0.0390625 0.175
3 0.89140625 0.15546875 0.0375 0.0390625
0 0.60078125 0.2515625 0.05 0.125
4 0.8734375 0.3671875 0.0359375 0.134375
4 0.92265625 0.3671875 0.04375 0.1515625
5 0.88359375 0.06015625 0.04375 0.078125
3 0.8984375 0.1171875 0.028125 0.0421875
3 0.94921875 0.10703125 0.028125 0.0328125