3 0.12109375 0.5703125 0.2421875 0.253125
3 0.80078125 0.7359375 0.215625 0.2953125
3 0.52890625 0.35078125 0.115625 0.1109375
1 0.38203125 0.35546875 0.08125 0.0921875
3 0.1203125 0.8109375 0.240625 0.375
3 0.19375 0.4140625 0.190625 0.16875
3 0.57890625 0.50546875 0.18125 0.2171875
0 0.43125 0.42890625 0.065625 0.121875
3 0.86953125 0.56875 0.159375 0.178125
1 0.90234375 0.2390625 0.0625 0.090625
2 0.7359375 0.2203125 0.190625 0.259375
3 0.33828125 0.50078125 0.1484375 0.1875
1 0.96015625 0.13671875 0.0390625 0.0671875
3 0.93671875 0.1859375 0.05 0.0515625
0 0.86875 0.1875 0.028125 0.065625
3 0.57265625 0.28203125 0.0734375 0.0546875
0 0.85390625 0.30703125 0.0484375 0.115625
3 0.834375 0.1828125 0.034375 0.075
0 0.46328125 0.371875 0.05 0.065625
0 0.89765625 0.16875 0.05 0.046875
3 0.0234375 0.4984375 0.046875 0.159375
4 0.9171875 0.42734375 0.05625 0.2109375
4 0.97734375 0.37421875 0.04375 0.1625
3 0.925 0.3515625 0.08125 0.1515625
0 0.61015625 0.315625 0.0375 0.128125
0 0.4640625 0.784375 0.09375 0.315625
0 0.396875 0.6515625 0.0890625 0.28125
1 0.1328125 0.22890625 0.08125 0.05625
3 0.2609375 0.2125 0.0875 0.0625
3 0.35078125 0.19921875 0.06875 0.0578125