3 0.31328125 0.19921875 0.28125 0.215625
3 0.47421875 0.13125 0.1765625 0.15
1 0.84921875 0.06640625 0.071875 0.04375
0 0.6953125 0.396875 0.125 0.0515625
1 0.43828125 0.8703125 0.3015625 0.2109375
5 0.73671875 0.5 0.1703125 0.128125
2 0.76171875 0.2609375 0.29375 0.15625
0 0.86484375 0.11796875 0.065625 0.0140625
0 0.24765625 0.40703125 0.321875 0.0953125
0 0.89609375 0.02890625 0.0546875 0.0140625
3 0.68984375 0.06796875 0.1375 0.090625
4 0.615625 0.08671875 0.13125 0.05
4 0.67265625 0.01015625 0.15625 0.0203125
4 0.8265625 0.0140625 0.05625 0.01875
0 0.91328125 0.0625 0.04375 0.0125
5 0.96953125 0.1359375 0.0609375 0.053125
2 0.84765625 0.178125 0.1984375 0.0890625
5 0.94296875 0.2640625 0.0765625 0.065625
3 0.77421875 0.3546875 0.125 0.05625
0 0.3328125 0.53203125 0.296875 0.078125
0 0.80078125 0.81953125 0.0390625 0.0265625