3 0.28828125 0.215625 0.271875 0.228125
3 0.61171875 0.46484375 0.128125 0.1109375
4 0.57578125 0.09140625 0.140625 0.03125
3 0.65703125 0.10859375 0.103125 0.078125
1 0.77734375 0.15234375 0.075 0.053125
0 0.6859375 0.29140625 0.1125 0.0296875
3 0.44375 0.16484375 0.165625 0.146875
1 0.73671875 0.240625 0.09375 0.05625
3 0.79375 0.0734375 0.05625 0.0453125
3 0.71953125 0.39375 0.09375 0.09375
4 0.4828125 0.02265625 0.1234375 0.04375
3 0.353125 0.4234375 0.2375 0.175
1 0.85546875 0.08359375 0.040625 0.0296875
0 0.71171875 0.22734375 0.090625 0.034375
0 0.70859375 0.165625 0.08125 0.03125
0 0.7328125 0.190625 0.078125 0.025
2 0.3984375 0.77421875 0.796875 0.4515625
1 0.81484375 0.10234375 0.046875 0.046875
4 0.5796875 0.028125 0.153125 0.03125
4 0.6234375 0.04765625 0.14375 0.028125
0 0.14765625 0.64375 0.2953125 0.125
4 0.71953125 0.05078125 0.05 0.053125
3 0.86015625 0.109375 0.0375 0.0171875
3 0.88359375 0.08359375 0.015625 0.0234375
3 0.8421875 0.1421875 0.046875 0.0328125
0 0.828125 0.14609375 0.015625 0.009375
3 0.81484375 0.1984375 0.046875 0.0359375
0 0.73671875 0.321875 0.090625 0.021875
3 0.76953125 0.3265625 0.0859375 0.059375
2 0.82109375 0.51953125 0.065625 0.0515625
1 0.8375 0.4390625 0.053125 0.0234375
1 0.88046875 0.70390625 0.128125 0.20625
0 0.6671875 0.51640625 0.1109375 0.034375