3 0.54609375 0.58828125 0.1765625 0.2234375
3 0.83125 0.72109375 0.215625 0.29375
3 0.28203125 0.553125 0.253125 0.246875
3 0.8984375 0.5578125 0.1546875 0.18125
0 0.24921875 0.37265625 0.065625 0.1234375
1 0.73359375 0.40625 0.0875 0.178125
1 0.81796875 0.33515625 0.071875 0.1609375
3 0.4890625 0.3234375 0.1109375 0.11875
1 0.80625 0.21875 0.05625 0.065625
3 0.88203125 0.153125 0.0453125 0.046875
1 0.9890625 0.1453125 0.021875 0.059375
0 0.91171875 0.18984375 0.028125 0.0625
0 0.9453125 0.4 0.05625 0.18125
3 0.4 0.3890625 0.1609375 0.1375
5 0.96015625 0.06640625 0.071875 0.096875
3 0.73984375 0.278125 0.075 0.0875
1 0.95703125 0.1828125 0.040625 0.065625
3 0.60859375 0.35078125 0.1203125 0.159375
3 0.615625 0.27421875 0.096875 0.0640625
1 0.47421875 0.8671875 0.2546875 0.265625
3 0.978125 0.2328125 0.04375 0.0625
3 0.9609375 0.32109375 0.078125 0.10625
3 0.85390625 0.19765625 0.05 0.0484375
0 0.45390625 0.44375 0.059375 0.1609375
3 0.64140625 0.24296875 0.0875 0.09375
0 0.83203125 0.153125 0.0203125 0.03125
4 0.98359375 0.86328125 0.0328125 0.1921875
3 0.728125 0.22734375 0.0625 0.0875
0 0.6015625 0.40234375 0.0515625 0.19375
0 0.153125 0.71171875 0.1265625 0.2703125
3 0.08046875 0.22109375 0.09375 0.096875