1 0.63359375 0.47734375 0.13046875 0.21484375
5 0.84453125 0.3546875 0.1859375 0.29296875
3 0.23515625 0.69453125 0.190625 0.2640625
3 0.321875 0.2875 0.065625 0.08359375
3 0.221875 0.240625 0.06484375 0.06484375
0 0.2953125 0.35078125 0.03515625 0.1078125
2 0.34140625 0.2 0.0984375 0.1140625
0 0.26796875 0.28984375 0.0328125 0.1
3 0.16171875 0.26640625 0.0546875 0.0734375
1 0.42109375 0.14375 0.07578125 0.06171875
1 0.2890625 0.23203125 0.0421875 0.04140625
3 0.18203125 0.5421875 0.14921875 0.15234375
5 0.56484375 0.16015625 0.16796875 0.12890625
1 0.1203125 0.4125 0.10546875 0.14609375
4 0.02890625 0.3546875 0.03203125 0.10390625
4 0.0375 0.4921875 0.0515625 0.165625
0 0.41484375 0.2921875 0.03125 0.0984375
3 0.10546875 0.27734375 0.071875 0.08828125
0 0.24765625 0.26328125 0.021875 0.08828125
3 0.06875 0.20078125 0.046875 0.053125
3 0.725 0.46875 0.07890625 0.19453125
1 0.3921875 0.86171875 0.20703125 0.2765625
3 0.4296875 0.275 0.06171875 0.07421875
0 0.215625 0.1765625 0.01328125 0.04375
0 0.17265625 0.19453125 0.01796875 0.04921875
0 0.125 0.20859375 0.0125 0.0484375
3 0.084375 0.1734375 0.03046875 0.03828125
2 0.25703125 0.11328125 0.04296875 0.05859375
5 0.09765625 0.1 0.0375 0.05390625
5 0.1515625 0.140625 0.03046875 0.0515625
1 0.13671875 0.19453125 0.02890625 0.05
0 0.1078125 0.19296875 0.0109375 0.05703125
0 0.1828125 0.1578125 0.0109375 0.0375
0 0.20234375 0.1671875 0.0125 0.04453125
3 0.7234375 0.23046875 0.06796875 0.0625
3 0.221875 0.115625 0.021875 0.02734375
2 0.14375 0.075 0.01875 0.03125
2 0.12109375 0.06484375 0.028125 0.0359375
4 0.16328125 0.37578125 0.03046875 0.134375
3 0.27265625 0.196875 0.0265625 0.03203125
3 0.10859375 0.1515625 0.02421875 0.01953125
3 0.125 0.13359375 0.0203125 0.03125
0 0.11640625 0.18046875 0.0078125 0.0515625
0 0.15703125 0.1953125 0.0140625 0.05
3 0.92421875 0.26015625 0.04609375 0.0484375
3 0.0734375 0.13125 0.0203125 0.03125