3 0.45 0.58828125 0.1734375 0.1375
5 0.46484375 0.8578125 0.225 0.203125
3 0.70078125 0.23515625 0.178125 0.1875
3 0.253125 0.26484375 0.065625 0.0578125
4 0.3765625 0.04765625 0.128125 0.0390625
3 0.58359375 0.18359375 0.16875 0.159375
1 0.75859375 0.6265625 0.340625 0.190625
3 0.2265625 0.19453125 0.0609375 0.053125
1 0.2625 0.3328125 0.08125 0.053125
3 0.39296875 0.6921875 0.140625 0.115625
4 0.9078125 0.06015625 0.184375 0.0875
4 0.8875 0.26875 0.225 0.071875
1 0.2390625 0.7625 0.053125 0.046875
3 0.3140625 0.54453125 0.084375 0.084375
0 0.3421875 0.48671875 0.13125 0.0375
0 0.40234375 0.38828125 0.134375 0.034375
0 0.2765625 0.2875 0.078125 0.021875
1 0.31328125 0.13984375 0.1421875 0.05625
0 0.23203125 0.13671875 0.0578125 0.021875
0 0.1984375 0.125 0.0625 0.015625
3 0.178125 0.19296875 0.0359375 0.040625
5 0.16875 0.3015625 0.115625 0.1140625
1 0.16953125 0.1078125 0.059375 0.025
3 0.15625 0.134375 0.0421875 0.025
3 0.22109375 0.06328125 0.05625 0.046875
3 0.1984375 0.07421875 0.0375 0.0265625
3 0.31484375 0.07734375 0.1046875 0.03125
4 0.325 0.05625 0.071875 0.015625
3 0.39921875 0.32109375 0.203125 0.1046875
3 0.3703125 0.42265625 0.13125 0.05
1 0.26015625 0.38046875 0.084375 0.04375