3 0.76328125 0.79375 0.3515625 0.4125
0 0.97421875 0.56796875 0.0515625 0.2171875
3 0.23984375 0.696875 0.2 0.2671875
3 0.125 0.34609375 0.0875 0.1
2 0.38984375 0.3453125 0.2515625 0.403125
1 0.87421875 0.6625 0.171875 0.296875
3 0.184375 0.55625 0.14375 0.1609375
3 0.79140625 0.53046875 0.21875 0.146875
1 0.58828125 0.59453125 0.15625 0.275
3 0.18359375 0.196875 0.040625 0.04375
3 0.17109375 0.16484375 0.034375 0.05625
1 0.1359375 0.25 0.04375 0.065625
3 0.94609375 0.24609375 0.09375 0.075
0 0.1796875 0.31640625 0.025 0.075
1 0.09375 0.184375 0.028125 0.0625
0 0.178125 0.24296875 0.01875 0.040625
0 0.9765625 0.2875 0.0265625 0.05
2 0.5296875 0.309375 0.046875 0.2125
3 0.7109375 0.39140625 0.128125 0.0921875
4 0.07734375 0.6953125 0.053125 0.2640625
4 0.0421875 0.42578125 0.028125 0.1453125
3 0.5765625 0.33359375 0.0375 0.115625
0 0.67265625 0.44296875 0.0453125 0.146875
1 0.74140625 0.23125 0.05625 0.0484375
3 0.8421875 0.2484375 0.071875 0.046875
0 0.23203125 0.31796875 0.028125 0.103125
4 0.21796875 0.9125 0.0578125 0.175
2 0.0734375 0.128125 0.05 0.075
3 0.8078125 0.4234375 0.0421875 0.0609375
4 0.02890625 0.5078125 0.04375 0.103125
0 0.0859375 0.2078125 0.0171875 0.065625
0 0.128125 0.1921875 0.0125 0.025
0 0.12265625 0.1765625 0.009375 0.015625
0 0.13046875 0.165625 0.0109375 0.0203125
0 0.14453125 0.18359375 0.015625 0.0421875
3 0.21953125 0.2078125 0.04375 0.04375
3 0.240625 0.21796875 0.040625 0.04375
3 0.23515625 0.24453125 0.04375 0.046875
3 0.95234375 0.4859375 0.0953125 0.14375