3 0.234375 0.69453125 0.21796875 0.259375
3 0.1875 0.54140625 0.14609375 0.15546875
0 0.51640625 0.65234375 0.0765625 0.22578125
3 0.5203125 0.459375 0.1421875 0.16015625
2 0.215625 0.22265625 0.12734375 0.14765625
3 0.12265625 0.3328125 0.08046875 0.08359375
1 0.240625 0.34453125 0.08125 0.1328125
3 0.31328125 0.25546875 0.0640625 0.071875
0 0.684375 0.47109375 0.065625 0.1265625
3 0.53671875 0.334375 0.07265625 0.07734375
3 0.08984375 0.19296875 0.04296875 0.05703125
1 0.33515625 0.35234375 0.059375 0.11953125
3 0.45546875 0.36015625 0.0828125 0.08203125
1 0.11328125 0.15703125 0.03125 0.04140625
1 0.96953125 0.2734375 0.0609375 0.075
4 0.07890625 0.840625 0.06875 0.14921875
4 0.0421875 0.503125 0.0609375 0.11796875
0 0.134375 0.2046875 0.01875 0.059375
3 0.3203125 0.2109375 0.0453125 0.028125
0 0.35703125 0.46015625 0.0421875 0.1453125
3 0.38515625 0.2453125 0.05546875 0.06875
4 0.14453125 0.41953125 0.04140625 0.1078125
0 0.18828125 0.31796875 0.03671875 0.09375
0 0.659375 0.628125 0.065625 0.234375
1 0.61171875 0.20390625 0.059375 0.04140625
5 0.46328125 0.275 0.08828125 0.0953125
4 0.35390625 0.95078125 0.08046875 0.096875
0 0.42265625 0.49765625 0.04921875 0.16953125
3 0.659375 0.39140625 0.17890625 0.15078125
4 0.05 0.38359375 0.03125 0.07890625
0 0.3640625 0.2921875 0.0265625 0.08984375
0 0.321875 0.26640625 0.0234375 0.05859375
0 0.3984375 0.290625 0.0265625 0.078125
0 0.38828125 0.396875 0.03359375 0.134375
2 0.853125 0.70859375 0.29296875 0.5828125
0 0.78671875 0.41875 0.04609375 0.08125
3 0.909375 0.2453125 0.0734375 0.0875
0 0.7359375 0.2234375 0.02578125 0.0484375
0 0.55546875 0.19609375 0.01484375 0.03984375
3 0.49375 0.1875 0.0390625 0.05078125
3 0.44375 0.16953125 0.03359375 0.04140625
5 0.36328125 0.1390625 0.046875 0.07578125