5 0.40625 0.103125 0.384375 0.20625
5 0.834375 0.41796875 0.0625 0.0828125
2 0.87734375 0.9765625 0.1015625 0.046875
2 0.90390625 0.7328125 0.08125 0.05625
2 0.94921875 0.86875 0.040625 0.046875
0 0.81875 0.98046875 0.0796875 0.021875
1 0.8359375 0.91640625 0.059375 0.0359375
0 0.8015625 0.90390625 0.0625 0.01875
1 0.83671875 0.85546875 0.053125 0.0265625
1 0.57265625 0.36953125 0.190625 0.1
3 0.67265625 0.8578125 0.16875 0.1171875
0 0.80546875 0.8140625 0.084375 0.01875
0 0.8015625 0.76328125 0.078125 0.025
0 0.65859375 0.44140625 0.140625 0.025
0 0.63515625 0.65703125 0.140625 0.053125
0 0.165625 0.05390625 0.33125 0.1078125
1 0.58046875 0.94140625 0.20625 0.109375
3 0.4171875 0.871875 0.203125 0.16875
3 0.22890625 0.3421875 0.340625 0.271875
3 0.5984375 0.53828125 0.1671875 0.1140625
3 0.6484375 0.72265625 0.15 0.075
0 0.75234375 0.01328125 0.0625 0.0265625
1 0.771875 0.17421875 0.05 0.046875
3 0.29296875 0.8046875 0.253125 0.15625