3 0.38359375 0.91328125 0.2671875 0.1734375
3 0.5890625 0.80078125 0.18125 0.159375
3 0.653125 0.70859375 0.125 0.11875
3 0.69921875 0.46328125 0.115625 0.103125
3 0.2765625 0.2734375 0.31875 0.2
3 0.45546875 0.2 0.159375 0.18125
3 0.78046875 0.86171875 0.0703125 0.0890625
5 0.83828125 0.640625 0.0546875 0.065625
5 0.90625 0.496875 0.1875 0.159375
2 0.878125 0.31328125 0.115625 0.109375
2 0.68125 0.3203125 0.321875 0.175
1 0.94140625 0.21484375 0.059375 0.0421875
1 0.609375 0.12890625 0.15625 0.11875
4 0.83046875 0.0984375 0.059375 0.025
0 0.85078125 0.121875 0.0796875 0.04375
0 0.63203125 0.5859375 0.1703125 0.053125
0 0.61015625 0.4328125 0.165625 0.040625
0 0.73203125 0.11484375 0.0796875 0.05625
0 0.82109375 0.1578125 0.059375 0.025
0 0.8265625 0.196875 0.06875 0.0203125
0 0.83203125 0.22578125 0.065625 0.015625
4 0.221875 0.15390625 0.328125 0.06875
4 0.48828125 0.04296875 0.1546875 0.0765625
0 0.66640625 0.0640625 0.134375 0.021875
1 0.78984375 0.94375 0.06875 0.04375
1 0.80859375 0.76640625 0.065625 0.065625
0 0.8375 0.7015625 0.04375 0.025