3 0.5609375 0.8 0.26875 0.253125
3 0.7078125 0.23671875 0.2765625 0.2015625
1 0.40625 0.11328125 0.159375 0.103125
3 0.2515625 0.26171875 0.0734375 0.06875
3 0.56875 0.184375 0.2109375 0.1578125
0 0.25859375 0.2046875 0.09375 0.0375
0 0.44921875 0.45546875 0.1375 0.053125
4 0.51171875 0.025 0.128125 0.05
1 0.215625 0.1109375 0.08125 0.0453125
0 0.378125 0.37265625 0.1125 0.040625
0 0.35234375 0.29765625 0.125 0.046875
4 0.34140625 0.040625 0.10625 0.028125
4 0.78125 0.2578125 0.296875 0.059375
3 0.3515625 0.4734375 0.125 0.109375
3 0.2875 0.3578125 0.1109375 0.08125
0 0.22890625 0.309375 0.090625 0.015625
3 0.1609375 0.1328125 0.0703125 0.0328125
5 0.08984375 0.11015625 0.0921875 0.05
0 0.228125 0.178125 0.075 0.0140625
4 0.3546875 0.171875 0.14375 0.01875
4 0.29765625 0.0640625 0.10625 0.01875
3 0.21640625 0.68046875 0.0640625 0.059375