3 0.26875 0.7890625 0.2875 0.2359375
3 0.52421875 0.1890625 0.171875 0.1875
3 0.68828125 0.67890625 0.09375 0.09375
5 0.80703125 0.66640625 0.140625 0.1265625
0 0.51953125 0.43984375 0.1625 0.0625
3 0.4296875 0.84296875 0.16875 0.15
3 0.78359375 0.75390625 0.05625 0.059375
1 0.68125 0.81875 0.121875 0.071875
0 0.47734375 0.3328125 0.153125 0.053125
0 0.515625 0.5265625 0.18125 0.059375
4 0.0875 0.95 0.14375 0.0734375
0 0.68359375 0.7359375 0.103125 0.034375
4 0.02578125 0.5 0.05 0.10625
5 0.72109375 0.44140625 0.228125 0.253125
3 0.77421875 0.8265625 0.05 0.0609375
3 0.6484375 0.90234375 0.09375 0.084375
4 0.65390625 0.9671875 0.084375 0.034375
0 0.2640625 0.315625 0.2875 0.096875
0 0.66328125 0.5796875 0.1125 0.0390625
0 0.725 0.784375 0.08125 0.028125
0 0.03671875 0.05625 0.0734375 0.1125
0 0.525 0.6140625 0.18125 0.0609375
4 0.47265625 0.97890625 0.1328125 0.0421875
4 0.20234375 0.94140625 0.06875 0.05
3 0.71875 0.9203125 0.0578125 0.109375
4 0.54921875 0.98046875 0.15625 0.0390625
5 0.36640625 0.003125 0.334375 0.00625
0 0.61015625 0.8859375 0.109375 0.05
3 0.7484375 0.0578125 0.078125 0.084375