0 0.2578125 0.28671875 0.03828125 0.09296875
1 0.1203125 0.415625 0.0984375 0.1578125
1 0.18046875 0.21796875 0.04375 0.0796875
3 0.18125 0.54609375 0.1515625 0.15703125
0 0.27109375 0.22578125 0.01796875 0.06640625
3 0.221875 0.19765625 0.04140625 0.05859375
0 0.1484375 0.22734375 0.0296875 0.0625
4 0.065625 0.83671875 0.06875 0.17578125
4 0.04140625 0.52265625 0.0625 0.1046875
0 0.1046875 0.20703125 0.0265625 0.0625
3 0.12890625 0.18359375 0.040625 0.03984375
4 0.2625 0.7953125 0.06640625 0.21875
3 0.24296875 0.69765625 0.175 0.25859375
3 0.04921875 0.34609375 0.02421875 0.1265625
3 0.0734375 0.3015625 0.0171875 0.0625
2 0.3421875 0.13828125 0.0515625 0.075
2 0.3984375 0.13984375 0.06015625 0.06484375
1 0.45703125 0.175 0.0296875 0.0296875
2 0.2078125 0.1015625 0.0296875 0.0515625
5 0.2375 0.11640625 0.028125 0.04453125
2 0.178125 0.13671875 0.0515625 0.08203125
3 0.1546875 0.1703125 0.01875 0.04375
5 0.1078125 0.1375 0.0328125 0.05078125
5 0.134375 0.10625 0.04296875 0.0796875
0 0.0859375 0.13828125 0.0125 0.04140625
3 0.09140625 0.28125 0.025 0.07890625
1 0.765625 0.23125 0.05859375 0.05703125
0 0.98203125 0.28359375 0.03046875 0.04140625
3 0.53671875 0.1984375 0.0375 0.04296875
0 0.56953125 0.19609375 0.00859375 0.03671875