4 0.34296875 0.40546875 0.04453125 0.1375
4 0.03359375 0.4921875 0.0625 0.16015625
4 0.0328125 0.3484375 0.06328125 0.1328125
0 0.2484375 0.28828125 0.025 0.1046875
0 0.296875 0.271875 0.0265625 0.09765625
0 0.8953125 0.6046875 0.09453125 0.21171875
3 0.3953125 0.3625 0.09296875 0.1421875
0 0.35390625 0.2765625 0.0234375 0.09375
0 0.3234375 0.228125 0.01875 0.0765625
0 0.34765625 0.2234375 0.01953125 0.04375
3 0.1765625 0.3125 0.0734375 0.1078125
0 0.1828125 0.2328125 0.0140625 0.03203125
3 0.103125 0.27578125 0.071875 0.0828125
0 0.090625 0.19453125 0.0234375 0.0578125
0 0.8796875 0.86484375 0.134375 0.2703125
3 0.9578125 0.82109375 0.084375 0.3546875
3 0.23671875 0.69453125 0.1734375 0.253125
3 0.18515625 0.54609375 0.14296875 0.16015625
3 0.45546875 0.3171875 0.08515625 0.10703125
3 0.06640625 0.21484375 0.040625 0.0359375
3 0.1125 0.17109375 0.0421875 0.053125
1 0.1546875 0.17734375 0.046875 0.034375
1 0.11796875 0.39765625 0.10078125 0.1421875
1 0.59609375 0.43515625 0.096875 0.20078125
2 0.74375 0.3484375 0.246875 0.29609375
1 0.228125 0.2609375 0.04296875 0.07109375
3 0.2328125 0.21796875 0.05703125 0.0375
1 0.284375 0.2359375 0.0484375 0.08125
5 0.234375 0.1734375 0.04453125 0.03828125
5 0.30390625 0.1078125 0.06640625 0.084375
2 0.19921875 0.0953125 0.03125 0.059375
3 0.52265625 0.1875 0.0390625 0.03515625
1 0.46015625 0.1703125 0.02421875 0.0453125