3 0.68359375 0.3421875 0.11953125 0.103125
5 0.53671875 0.32578125 0.1390625 0.1890625
2 0.14453125 0.1421875 0.084375 0.1125
3 0.54609375 0.54609375 0.19375 0.19296875
3 0.18515625 0.5421875 0.1390625 0.153125
3 0.3640625 0.33203125 0.0890625 0.0859375
1 0.72890625 0.7265625 0.19765625 0.359375
3 0.734375 0.46640625 0.16796875 0.1375
3 0.2296875 0.69765625 0.22109375 0.2703125
0 0.88828125 0.61640625 0.084375 0.215625
0 0.78828125 0.51875 0.065625 0.12578125
4 0.03828125 0.51015625 0.059375 0.1140625
3 0.50234375 0.41015625 0.140625 0.07890625
3 0.3375 0.2140625 0.05625 0.0328125
3 0.44921875 0.27109375 0.05234375 0.065625
0 0.42578125 0.3078125 0.03203125 0.09765625
3 0.27421875 0.18671875 0.0421875 0.03046875
3 0.33515625 0.25234375 0.06875 0.0375
0 0.165625 0.2875 0.03046875 0.07890625
3 0.1390625 0.228125 0.0609375 0.065625
4 0.14609375 0.3859375 0.04140625 0.13125
0 0.28828125 0.36875 0.04453125 0.10859375
0 0.4015625 0.25859375 0.02421875 0.05703125
3 0.24453125 0.30546875 0.0875 0.10625
3 0.2625 0.22734375 0.046875 0.03046875
3 0.21171875 0.2046875 0.0453125 0.04453125
0 0.86171875 0.4171875 0.075 0.1515625
0 0.98125 0.54765625 0.0375 0.184375
4 0.05 0.3890625 0.02265625 0.10546875
4 0.04609375 0.30859375 0.02890625 0.05234375
3 0.1296875 0.3453125 0.075 0.1234375
0 0.071875 0.17734375 0.00859375 0.0421875
0 0.09140625 0.165625 0.0109375 0.0515625
0 0.07578125 0.13515625 0.00859375 0.021875
0 0.09140625 0.13125 0.00859375 0.0328125
0 0.21171875 0.1703125 0.00859375 0.0140625
0 0.2296875 0.1703125 0.015625 0.02421875
0 0.37734375 0.24375 0.01640625 0.05546875
0 0.5828125 0.36875 0.0171875 0.109375
3 0.590625 0.32265625 0.0234375 0.08359375
0 0.65703125 0.378125 0.02109375 0.09921875
0 0.6375 0.4671875 0.03984375 0.13515625
1 0.8734375 0.2421875 0.0484375 0.0703125
0 0.915625 0.24921875 0.028125 0.046875
0 0.984375 0.275 0.03125 0.06875
2 0.4375 0.14453125 0.0703125 0.07890625
1 0.3578125 0.140625 0.02109375 0.02421875