3 0.08046875 0.3125 0.08125 0.10625
3 0.203125 0.6796875 0.20625 0.2828125
3 0.42890625 0.3046875 0.103125 0.096875
3 0.13671875 0.528125 0.153125 0.1875
0 0.47265625 0.37421875 0.0453125 0.1671875
1 0.1875 0.19375 0.046875 0.075
1 0.54140625 0.2953125 0.090625 0.128125
4 0.021875 0.3140625 0.04375 0.1734375
4 0.01171875 0.48515625 0.0234375 0.1421875
2 0.8765625 0.58515625 0.246875 0.828125
3 0.29140625 0.203125 0.0796875 0.1
0 0.1140625 0.23359375 0.0234375 0.096875
0 0.146875 0.2171875 0.021875 0.090625
0 0.12265625 0.18359375 0.015625 0.059375
3 0.1 0.14375 0.034375 0.05625
0 0.0640625 0.1 0.009375 0.04375
0 0.07578125 0.11015625 0.009375 0.046875
0 0.03828125 0.09296875 0.0078125 0.0359375
0 0.05625 0.07265625 0.00625 0.03125