1 0.584375 0.5734375 0.16875 0.0921875
5 0.47578125 0.3875 0.296875 0.18125
3 0.42578125 0.82734375 0.171875 0.1484375
3 0.3234375 0.77890625 0.165625 0.196875
1 0.2203125 0.17421875 0.4328125 0.225
3 0.7265625 0.5765625 0.071875 0.071875
1 0.6078125 0.4953125 0.1640625 0.0734375
0 0.69765625 0.73203125 0.1 0.025
0 0.728125 0.80078125 0.1109375 0.015625
3 0.80703125 0.86484375 0.04375 0.0484375
0 0.721875 0.76796875 0.096875 0.034375
3 0.83359375 0.8296875 0.0453125 0.03125
0 0.74453125 0.7171875 0.0828125 0.0125
5 0.80859375 0.7359375 0.090625 0.05625
0 0.64296875 0.640625 0.103125 0.0625
3 0.775 0.8296875 0.053125 0.040625
4 0.15 0.96171875 0.3 0.0765625
0 0.59921875 0.8765625 0.109375 0.0515625
5 0.775 0.66640625 0.1140625 0.0828125
1 0.7125 0.484375 0.05 0.06875
3 0.73984375 0.871875 0.06875 0.0625
2 0.915625 0.821875 0.05625 0.0484375
0 0.74765625 0.82421875 0.075 0.01875
1 0.1421875 0.4546875 0.284375 0.25
4 0.18828125 0.71796875 0.3765625 0.0484375
4 0.46484375 0.978125 0.109375 0.04375
4 0.5515625 0.96484375 0.153125 0.025
4 0.62578125 0.9578125 0.1453125 0.040625
3 0.659375 0.915625 0.134375 0.053125
3 0.80703125 0.79453125 0.065625 0.0296875
5 0.88515625 0.6921875 0.084375 0.06875
0 0.8234375 0.9140625 0.05625 0.0359375
0 0.78671875 0.93203125 0.065625 0.0109375
3 0.76171875 0.95 0.0625 0.0234375
0 0.7890625 0.88125 0.0234375 0.0125
0 0.846875 0.88359375 0.0375 0.0140625
3 0.84921875 0.86796875 0.0390625 0.01875
3 0.7421875 0.04140625 0.08125 0.08125
3 0.7640625 0.13984375 0.059375 0.046875