1 0.5703125 0.35546875 0.165625 0.1109375
1 0.7375 0.70390625 0.109375 0.0671875
1 0.5921875 0.9015625 0.16875 0.1
3 0.8234375 0.8203125 0.05625 0.0296875
0 0.7625 0.82734375 0.0859375 0.028125
3 0.784375 0.74765625 0.06875 0.04375
3 0.45859375 0.83203125 0.159375 0.15
4 0.25 0.75234375 0.171875 0.0625
4 0.50546875 0.9765625 0.134375 0.046875
1 0.79453125 0.2765625 0.0546875 0.034375
3 0.30390625 0.78046875 0.2625 0.2125
0 0.8015625 0.878125 0.0640625 0.0265625
3 0.840625 0.86640625 0.04375 0.0359375
0 0.16875 0.2796875 0.3375 0.115625
3 0.6265625 0.58515625 0.15625 0.1171875
3 0.7375 0.58203125 0.0765625 0.084375
0 0.64140625 0.446875 0.140625 0.0421875
3 0.6625 0.41484375 0.13125 0.028125
3 0.828125 0.77578125 0.05 0.0328125
0 0.79921875 0.84609375 0.06875 0.01875
0 0.83984375 0.93203125 0.0546875 0.03125
3 0.85234375 0.9 0.0484375 0.025
3 0.88359375 0.88203125 0.040625 0.01875
4 0.66171875 0.9703125 0.11875 0.0234375
4 0.7 0.94453125 0.0765625 0.0140625
3 0.721875 0.92578125 0.075 0.0234375
3 0.89765625 0.90859375 0.034375 0.01875
3 0.8875 0.93203125 0.0421875 0.025
3 0.83125 0.4828125 0.04375 0.0375
5 0.77421875 0.15859375 0.059375 0.0984375