5 0.796875 0.5171875 0.26875 0.178125
3 0.6015625 0.19375 0.125 0.128125
5 0.775 0.33984375 0.178125 0.0875
5 0.684375 0.70390625 0.26875 0.2484375
3 0.3125 0.24765625 0.275 0.2
3 0.4671875 0.18671875 0.171875 0.146875
0 0.73671875 0.26015625 0.096875 0.03125
3 0.6390625 0.45546875 0.1625 0.13125
0 0.82109375 0.15234375 0.06875 0.015625
5 0.81484375 0.77265625 0.0890625 0.0875
5 0.3078125 0.93515625 0.56875 0.1296875
3 0.79296875 0.85546875 0.059375 0.0625
3 0.86484375 0.146875 0.0375 0.0375
3 0.71328125 0.07109375 0.0703125 0.05625
1 0.8234375 0.1125 0.05625 0.0421875
3 0.6953125 0.134375 0.1 0.11875
3 0.76953125 0.95625 0.1 0.0875
3 0.87265625 0.1125 0.040625 0.0265625
1 0.875 0.4109375 0.0390625 0.053125
0 0.81328125 0.225 0.065625 0.01875
0 0.61328125 0.3609375 0.146875 0.04375
3 0.875 0.1671875 0.05 0.03125
3 0.89609375 0.11796875 0.0375 0.034375
3 0.9109375 0.09140625 0.0359375 0.025
4 0.7828125 0.07734375 0.0421875 0.0125
0 0.8546875 0.08515625 0.053125 0.015625
4 0.6984375 0.046875 0.040625 0.015625
4 0.53203125 0.05078125 0.215625 0.021875
4 0.1953125 0.08359375 0.153125 0.059375
4 0.03046875 0.26328125 0.0609375 0.053125