2 0.83828125 0.7015625 0.3234375 0.596875
3 0.453125 0.3359375 0.1078125 0.13125
2 0.53046875 0.12578125 0.134375 0.1140625
5 0.2578125 0.06640625 0.071875 0.09375
3 0.07578125 0.10390625 0.034375 0.040625
5 0.115625 0.07421875 0.034375 0.05
5 0.265625 0.21796875 0.0828125 0.146875
1 0.1828125 0.26875 0.06875 0.140625
1 0.38671875 0.81328125 0.234375 0.19375
1 0.06484375 0.40234375 0.103125 0.1984375
1 0.7375 0.1734375 0.04375 0.05
1 0.03984375 0.10703125 0.034375 0.05
3 0.0546875 0.2421875 0.0703125 0.11875
3 0.0765625 0.1625 0.0515625 0.06875
3 0.1375 0.12890625 0.040625 0.065625
3 0.14375 0.13046875 0.003125 0.003125
3 0.73359375 0.4046875 0.1703125 0.171875
0 0.5921875 0.31875 0.040625 0.1328125
0 0.484375 0.4625 0.05625 0.184375
3 0.1359375 0.53359375 0.159375 0.225
3 0.19453125 0.68046875 0.19375 0.315625
3 0.63671875 0.17265625 0.0609375 0.03125
4 0.1703125 0.88828125 0.040625 0.065625
4 0.00625 0.45625 0.0125 0.1875
4 0.0078125 0.3140625 0.015625 0.11875
4 0.10390625 0.2515625 0.028125 0.10625