4 0.20625 0.77265625 0.11171875 0.2671875
4 0.03359375 0.5078125 0.0640625 0.19765625
4 0.0609375 0.35234375 0.0265625 0.14375
4 0.03671875 0.309375 0.03125 0.06328125
0 0.325 0.359375 0.05546875 0.1515625
0 0.7171875 0.65078125 0.10625 0.2765625
1 0.4796875 0.4078125 0.0875 0.18984375
0 0.5375 0.38984375 0.0390625 0.15
0 0.56484375 0.36640625 0.02265625 0.13125
2 0.2390625 0.27265625 0.12421875 0.2203125
3 0.91875 0.71328125 0.1625 0.4046875
3 0.77734375 0.21171875 0.07734375 0.07734375
3 0.98515625 0.24140625 0.0296875 0.103125
3 0.39296875 0.2640625 0.0671875 0.1015625
3 0.44453125 0.34140625 0.09140625 0.1140625
3 0.51953125 0.30625 0.07890625 0.1125
0 0.31328125 0.25625 0.0328125 0.08046875
0 0.1265625 0.22421875 0.034375 0.08203125
0 0.10234375 0.17265625 0.01640625 0.04921875
0 0.11953125 0.159375 0.01640625 0.06015625
0 0.13515625 0.15546875 0.0296875 0.06953125
0 0.1671875 0.1578125 0.0234375 0.05703125
1 0.11875 0.43203125 0.09453125 0.20078125
3 0.18125 0.56015625 0.15390625 0.20390625
3 0.2375 0.68671875 0.1890625 0.30546875
5 0.20546875 0.1296875 0.06953125 0.08984375
5 0.6234375 0.134375 0.21796875 0.21328125
1 0.4984375 0.17265625 0.03046875 0.05234375
3 0.459375 0.16640625 0.04375 0.03125
1 0.41875 0.1515625 0.0234375 0.03671875