3 0.19375 0.5265625 0.234375 0.2375
3 0.8078125 0.496875 0.159375 0.1625
3 0.640625 0.39765625 0.1578125 0.171875
5 0.671875 0.17890625 0.071875 0.103125
5 0.05078125 0.36796875 0.1015625 0.265625
5 0.5234375 0.1703125 0.1171875 0.121875
3 0.3734375 0.41640625 0.16875 0.18125
3 0.74609375 0.6671875 0.2234375 0.3015625
0 0.74453125 0.24453125 0.046875 0.109375
3 0.57265625 0.2765625 0.109375 0.115625
0 0.778125 0.153125 0.046875 0.1078125
1 0.85 0.16328125 0.05 0.071875
4 0.98671875 0.80703125 0.0265625 0.3859375
0 0.85703125 0.31796875 0.05625 0.128125
3 0.8828125 0.12734375 0.034375 0.034375
0 0.90546875 0.07421875 0.0375 0.059375
0 0.48359375 0.46328125 0.0671875 0.225
3 0.47890625 0.25 0.0875 0.10625
5 0.34765625 0.2390625 0.1328125 0.171875
0 0.30546875 0.32890625 0.040625 0.1078125
0 0.17578125 0.8328125 0.10625 0.334375
0 0.04140625 0.82578125 0.0828125 0.3484375
0 0.09453125 0.675 0.0640625 0.2421875
4 0.47890625 0.93984375 0.0890625 0.1203125
4 0.89296875 0.85390625 0.06875 0.159375
4 0.915625 0.76171875 0.059375 0.1015625
3 0.878125 0.27890625 0.096875 0.115625
3 0.60390625 0.17109375 0.046875 0.071875
4 0.965625 0.47265625 0.06875 0.109375
4 0.95 0.36875 0.0234375 0.165625
4 0.95859375 0.24921875 0.0125 0.0421875
4 0.93515625 0.25546875 0.0234375 0.0515625