3 0.67578125 0.88125 0.1078125 0.08125
3 0.3125 0.76015625 0.265625 0.1984375
1 0.21171875 0.515625 0.421875 0.2015625
3 0.4640625 0.81796875 0.1625 0.146875
3 0.4953125 0.09921875 0.096875 0.1984375
1 0.7046875 0.76171875 0.1125 0.046875
0 0.58984375 0.2125 0.1609375 0.06875
3 0.42890625 0.09765625 0.209375 0.19375
1 0.7421875 0.790625 0.0984375 0.046875
3 0.628125 0.67265625 0.1265625 0.09375
0 0.62734375 0.86484375 0.11875 0.0546875
1 0.4609375 0.41328125 0.19375 0.15625
5 0.59921875 0.078125 0.159375 0.15625
3 0.6515625 0.38828125 0.13125 0.1125
3 0.7625 0.58125 0.040625 0.05625
3 0.7734375 0.82734375 0.0671875 0.040625
0 0.7234375 0.59296875 0.0640625 0.034375
1 0.08515625 0.18984375 0.1703125 0.2734375
4 0.67265625 0.9484375 0.09375 0.03125
0 0.29453125 0.04375 0.2921875 0.0875
0 0.18515625 0.096875 0.1265625 0.090625
4 0.1625 0.9359375 0.115625 0.05625
4 0.24296875 0.9234375 0.0625 0.0484375
4 0.04375 0.5859375 0.0875 0.0546875
0 0.48515625 0.61015625 0.2203125 0.0375
0 0.73359375 0.721875 0.0953125 0.021875
0 0.728125 0.6796875 0.0515625 0.034375
0 0.69453125 0.61484375 0.1 0.028125
0 0.603125 0.55234375 0.15625 0.04375
3 0.66015625 0.54609375 0.1125 0.0984375
0 0.7265625 0.484375 0.1125 0.025
0 0.76953125 0.54140625 0.021875 0.009375
0 0.61328125 0.4609375 0.09375 0.040625
4 0.5796875 0.39765625 0.040625 0.025
3 0.75234375 0.653125 0.075 0.034375
3 0.8 0.70625 0.059375 0.034375
3 0.821875 0.77421875 0.040625 0.025
0 0.81640625 0.75546875 0.03125 0.015625
1 0.82265625 0.81796875 0.0390625 0.0390625
3 0.82109375 0.8515625 0.059375 0.028125
3 0.76640625 0.8859375 0.0625 0.08125
4 0.48046875 0.96875 0.1125 0.059375