1 0.1734375 0.91171875 0.065625 0.0296875
5 0.84453125 0.93515625 0.1953125 0.078125
3 0.7125 0.7546875 0.2640625 0.2109375
2 0.44921875 0.52890625 0.4296875 0.2875
3 0.5578125 0.8125 0.165625 0.15625
0 0.22421875 0.115625 0.084375 0.053125
5 0.2765625 0.06171875 0.1859375 0.121875
1 0.215625 0.8671875 0.075 0.04375
3 0.1671875 0.82890625 0.046875 0.040625
3 0.1484375 0.88203125 0.05 0.03125
4 0.325 0.91875 0.08125 0.04375
3 0.36484375 0.340625 0.1046875 0.121875
3 0.465625 0.29140625 0.184375 0.1515625
0 0.23671875 0.6796875 0.078125 0.0328125
2 0.21796875 0.5640625 0.146875 0.225
2 0.7921875 0.1171875 0.415625 0.234375
0 0.1765625 0.78125 0.05 0.028125
5 0.57578125 0.13828125 0.4109375 0.2765625
1 0.5109375 0.25 0.19375 0.078125
5 0.21171875 0.19375 0.1046875 0.0921875
5 0.8875 0.7890625 0.225 0.075
5 0.88046875 0.91484375 0.1453125 0.075
5 0.48125 0.94765625 0.2 0.0375
5 0.50859375 0.88515625 0.1484375 0.0328125
5 0.44140625 0.825 0.075 0.028125
5 0.42265625 0.79453125 0.103125 0.021875
5 0.38359375 0.8703125 0.08125 0.0359375
5 0.471875 0.9140625 0.2 0.028125
5 0.3515625 0.9203125 0.05 0.025
5 0.33125 0.94921875 0.059375 0.01875
5 0.303125 0.925 0.021875 0.0125
3 0.3109375 0.86796875 0.0703125 0.0578125
3 0.22890625 0.93515625 0.06875 0.040625
0 0.18671875 0.915625 0.05625 0.015625
4 0.184375 0.9375 0.021875 0.015625