3 0.5171875 0.575 0.175 0.2203125
3 0.7984375 0.70625 0.2125 0.290625
3 0.25625 0.540625 0.25 0.24375
3 0.86484375 0.54453125 0.153125 0.178125
0 0.2234375 0.36171875 0.065625 0.121875
1 0.70234375 0.3953125 0.0859375 0.1765625
1 0.78515625 0.325 0.071875 0.159375
3 0.4609375 0.31328125 0.109375 0.1171875
1 0.77421875 0.21015625 0.0546875 0.0640625
3 0.84921875 0.1453125 0.04375 0.0453125
1 0.959375 0.13828125 0.03125 0.059375
0 0.878125 0.18125 0.028125 0.0609375
4 0.99140625 0.50703125 0.0171875 0.1328125
4 0.99375 0.40390625 0.0125 0.1828125
0 0.91171875 0.3890625 0.0546875 0.1796875
3 0.37265625 0.378125 0.159375 0.134375
5 0.9265625 0.06015625 0.071875 0.096875
3 0.70859375 0.26875 0.0734375 0.084375
1 0.9234375 0.17421875 0.040625 0.065625
3 0.57890625 0.340625 0.11875 0.15625
3 0.58515625 0.26484375 0.096875 0.0625
1 0.446875 0.859375 0.253125 0.28125
3 0.9609375 0.22421875 0.078125 0.0625
3 0.93203125 0.31171875 0.0875 0.1046875
3 0.82109375 0.1890625 0.05 0.0484375
0 0.4265625 0.43203125 0.059375 0.159375
3 0.61171875 0.23359375 0.084375 0.0921875
0 0.8 0.1453125 0.0203125 0.03125
4 0.96640625 0.84765625 0.0671875 0.1890625
3 0.696875 0.21875 0.0625 0.0875
0 0.571875 0.39140625 0.05 0.190625
0 0.12890625 0.69765625 0.125 0.2671875
3 0.05703125 0.2125 0.09375 0.0953125