3 0.58125 0.82265625 0.1234375 0.1375
3 0.446875 0.821875 0.1734375 0.1453125
3 0.60234375 0.53671875 0.159375 0.13125
3 0.2859375 0.7609375 0.278125 0.2015625
3 0.7109375 0.5796875 0.090625 0.084375
0 0.35390625 0.06640625 0.278125 0.103125
1 0.4453125 0.29765625 0.3125 0.1828125
3 0.74921875 0.04921875 0.10625 0.096875
0 0.61953125 0.42109375 0.153125 0.05625
3 0.6671875 0.8875 0.0984375 0.075
0 0.65 0.703125 0.13125 0.0375
0 0.76640625 0.86328125 0.071875 0.040625
4 0.47578125 0.91953125 0.209375 0.0546875
0 0.87578125 0.9171875 0.0359375 0.009375
0 0.8328125 0.96015625 0.05 0.0515625
3 0.85625 0.884375 0.059375 0.034375
5 0.9 0.85390625 0.0625 0.0515625
3 0.83984375 0.80625 0.053125 0.0375
4 0.21796875 0.92734375 0.084375 0.046875
4 0.1265625 0.934375 0.109375 0.0375
4 0.5984375 0.79765625 0.10625 0.01875
4 0.50546875 0.9671875 0.18125 0.0296875
4 0.62421875 0.93828125 0.1203125 0.0234375
3 0.74609375 0.75234375 0.0828125 0.0625
0 0.8 0.78046875 0.04375 0.015625
3 0.7703125 0.94296875 0.0640625 0.028125
0 0.82265625 0.8484375 0.05625 0.0171875
0 0.82265625 0.83046875 0.059375 0.015625
3 0.89296875 0.909375 0.025 0.0171875
4 0.57265625 0.8484375 0.0796875 0.025
1 0.8265625 0.48671875 0.040625 0.0296875