3 0.24765625 0.6921875 0.17578125 0.24765625
3 0.178125 0.5453125 0.146875 0.17109375
3 0.7125 0.5828125 0.1796875 0.20625
3 0.790625 0.43671875 0.1703125 0.18984375
1 0.2640625 0.39765625 0.07109375 0.14453125
0 0.25 0.28515625 0.02890625 0.05
0 0.26953125 0.2484375 0.02890625 0.0671875
3 0.32421875 0.2734375 0.06875 0.07265625
3 0.39453125 0.253125 0.05546875 0.0890625
0 0.47734375 0.48359375 0.046875 0.15859375
1 0.490625 0.3359375 0.1 0.1265625
1 0.11796875 0.40546875 0.09140625 0.12265625
1 0.20234375 0.2671875 0.04296875 0.08828125
4 0.05078125 0.35078125 0.02421875 0.103125
4 0.07265625 0.31171875 0.01640625 0.0703125
1 0.1125 0.2078125 0.02890625 0.06796875
1 0.14453125 0.2265625 0.03828125 0.0734375
3 0.853125 0.2484375 0.07890625 0.04765625
4 0.25625 0.834375 0.0484375 0.3265625
4 0.03359375 0.50625 0.05234375 0.11875
3 0.31640625 0.2046875 0.05859375 0.06171875
5 0.9515625 0.23671875 0.096875 0.1453125