3 0.53984375 0.1765625 0.1625 0.1484375
3 0.68359375 0.225 0.240625 0.175
3 0.35625 0.61015625 0.1390625 0.1171875
2 0.23828125 0.4359375 0.19375 0.1609375
3 0.45234375 0.81796875 0.190625 0.1875
3 0.234375 0.21015625 0.078125 0.0625
3 0.4015625 0.2296875 0.140625 0.1125
3 0.278125 0.31640625 0.1234375 0.071875
1 0.8203125 0.5859375 0.359375 0.184375
0 0.3234375 0.4 0.109375 0.0375
0 0.190625 0.134375 0.0546875 0.0171875
4 0.35 0.04296875 0.146875 0.01875
3 0.2546875 0.9578125 0.09375 0.084375
0 0.30234375 0.30625 0.128125 0.021875
0 0.16171875 0.11328125 0.053125 0.01875
0 0.134375 0.09296875 0.059375 0.0234375
4 0.78125 0.25234375 0.259375 0.059375
4 0.79921875 0.071875 0.140625 0.05
4 0.32578125 0.13671875 0.103125 0.015625
4 0.36171875 0.06484375 0.128125 0.0171875
4 0.359375 0.078125 0.140625 0.015625
4 0.51171875 0.03671875 0.10625 0.0515625
3 0.321875 0.10234375 0.1125 0.0375
3 0.265625 0.14765625 0.075 0.0625
0 0.2046875 0.1671875 0.0625 0.0171875
0 0.1609375 0.16796875 0.021875 0.0140625
3 0.15546875 0.13828125 0.034375 0.028125
0 0.31015625 0.440625 0.10625 0.0296875
0 0.37578125 0.5265625 0.140625 0.0375
3 0.22734375 0.70859375 0.046875 0.05
5 0.0859375 0.21171875 0.084375 0.0625