3 0.17890625 0.41640625 0.13203125 0.11796875
3 0.18046875 0.54453125 0.1390625 0.16640625
3 0.453125 0.3953125 0.12578125 0.153125
3 0.23828125 0.6984375 0.19375 0.2671875
3 0.41171875 0.29140625 0.08046875 0.0859375
0 0.9046875 0.63359375 0.09765625 0.265625
1 0.68203125 0.54609375 0.175 0.3
3 0.9328125 0.25546875 0.1171875 0.10078125
0 0.5640625 0.37890625 0.053125 0.14609375
3 0.1171875 0.33359375 0.071875 0.09453125
0 0.29375 0.35 0.0359375 0.125
0 0.13984375 0.23828125 0.03828125 0.06953125
4 0.08671875 0.51640625 0.05234375 0.2
0 0.0890625 0.13359375 0.009375 0.034375
0 0.046875 0.175 0.04921875 0.0484375
3 0.1203125 0.15234375 0.03359375 0.0578125
5 0.14921875 0.1109375 0.05 0.06015625
3 0.1953125 0.16875 0.03515625 0.0515625
4 0.07890625 0.76328125 0.04453125 0.08125
4 0.07265625 0.85078125 0.0359375 0.1046875
4 0.203125 0.4 0.01796875 0.10078125
4 0.040625 0.48828125 0.028125 0.17421875
4 0.06875 0.37421875 0.021875 0.115625
3 0.24609375 0.2578125 0.05859375 0.0796875
0 0.21953125 0.20625 0.015625 0.0421875
3 0.0640625 0.23515625 0.02734375 0.0609375
0 0.15390625 0.184375 0.01640625 0.0546875
0 0.171875 0.18515625 0.0140625 0.05703125
3 0.09609375 0.1171875 0.01640625 0.02421875
4 0.1546875 0.4234375 0.02421875 0.0765625
1 0.50078125 0.18125 0.028125 0.03984375