3 0.3796875 0.82265625 0.175 0.1953125
0 0.6125 0.96484375 0.265625 0.0703125
3 0.52734375 0.1890625 0.2359375 0.1625
3 0.6671875 0.25390625 0.284375 0.2125
1 0.10859375 0.16875 0.059375 0.040625
3 0.24765625 0.3125 0.0875 0.1
4 0.2828125 0.04375 0.128125 0.0296875
3 0.11484375 0.23125 0.053125 0.053125
1 0.35625 0.11640625 0.1796875 0.1125
0 0.34296875 0.3515625 0.14375 0.053125
1 0.51171875 0.540625 0.30625 0.203125
1 0.62109375 0.790625 0.328125 0.203125
3 0.09296875 0.19921875 0.0421875 0.0296875
0 0.21328125 0.378125 0.096875 0.0359375
4 0.7609375 0.275 0.328125 0.059375
4 0.4546875 0.02421875 0.175 0.0484375
0 0.1375 0.10234375 0.0828125 0.015625
0 0.11640625 0.12109375 0.0765625 0.009375
0 0.18203125 0.35 0.096875 0.015625
0 0.1671875 0.3140625 0.065625 0.0234375
3 0.1921875 0.271875 0.0890625 0.0578125
3 0.075 0.1359375 0.059375 0.034375
0 0.14609375 0.77734375 0.065625 0.0203125