3 0.1828125 0.2625 0.08125 0.0875
1 0.2609375 0.296875 0.0671875 0.10625
3 0.2015625 0.72734375 0.203125 0.2875
3 0.14140625 0.5578125 0.1625 0.175
3 0.175 0.18125 0.04375 0.046875
3 0.0796875 0.26015625 0.078125 0.084375
5 0.096875 0.12421875 0.0625 0.05
0 0.0765625 0.15 0.025 0.0515625
1 0.71875 0.6421875 0.184375 0.34375
5 0.234375 0.18359375 0.0578125 0.08125
4 0.00703125 0.3515625 0.0140625 0.128125
4 0.23359375 0.8109375 0.115625 0.2859375
1 0.109375 0.19296875 0.0421875 0.05625
3 0.9453125 0.27109375 0.109375 0.0734375
5 0.41953125 0.225 0.1625 0.215625
5 0.71328125 0.12421875 0.2546875 0.171875
4 0.0359375 0.83671875 0.071875 0.2171875
4 0.00703125 0.5046875 0.0140625 0.1859375
3 0.02578125 0.28671875 0.0515625 0.1046875
0 0.23203125 0.21640625 0.01875 0.0640625
0 0.28671875 0.24921875 0.021875 0.0890625
0 0.36640625 0.32890625 0.03125 0.121875
0 0.3859375 0.48046875 0.05625 0.190625
0 0.42265625 0.34296875 0.034375 0.121875