3 0.45 0.15390625 0.271875 0.215625
3 0.3109375 0.790625 0.3375 0.221875
4 0.24453125 0.75703125 0.290625 0.1265625
4 0.203125 0.959375 0.234375 0.08125
4 0.528125 0.984375 0.146875 0.03125
4 0.65546875 0.96875 0.1875 0.0421875
4 0.68359375 0.98984375 0.1328125 0.0203125
3 0.74921875 0.96953125 0.121875 0.0609375
5 0.640625 0.46953125 0.415625 0.2234375
3 0.8328125 0.37421875 0.065625 0.059375
3 0.76875 0.08203125 0.09375 0.0765625
3 0.784375 0.00546875 0.140625 0.0109375
3 0.88203125 0.54765625 0.08125 0.0453125
3 0.45625 0.8625 0.2125 0.171875
5 0.846875 0.6375 0.2359375 0.15
3 0.80390625 0.878125 0.109375 0.078125
0 0.75625 0.85234375 0.103125 0.046875
0 0.78203125 0.7890625 0.14375 0.0328125
0 0.75703125 0.7609375 0.15 0.0359375
0 0.80234375 0.8203125 0.128125 0.0359375
0 0.6171875 0.3265625 0.1875 0.059375
1 0.79296875 0.153125 0.0640625 0.08125
3 0.84453125 0.984375 0.0640625 0.03125
3 0.85859375 0.93125 0.090625 0.04375
0 0.884375 0.95234375 0.059375 0.03125
0 0.88125 0.89609375 0.05 0.03125
2 0.9203125 0.8625 0.128125 0.0859375
3 0.9375 0.94140625 0.05625 0.0296875
2 0.92109375 0.7046875 0.065625 0.03125