0 0.4140625 0.71640625 0.196875 0.0875
3 0.68515625 0.2296875 0.29375 0.221875
3 0.290625 0.09765625 0.0875 0.0828125
3 0.51171875 0.1671875 0.1484375 0.14375
3 0.4953125 0.58203125 0.2234375 0.2
5 0.17890625 0.465625 0.1921875 0.2
0 0.24375 0.1953125 0.11875 0.021875
0 0.1546875 0.203125 0.06875 0.028125
3 0.759375 0.95 0.1625 0.1
3 0.3796875 0.1640625 0.125 0.146875
0 0.27578125 0.225 0.11875 0.034375
3 0.184375 0.87578125 0.065625 0.1078125
0 0.2984375 0.31328125 0.11875 0.05
0 0.0921875 0.07109375 0.078125 0.04375
3 0.20703125 0.9640625 0.1078125 0.071875
0 0.58515625 0.95234375 0.2578125 0.0953125
0 0.36796875 0.4203125 0.1625 0.046875
1 0.1703125 0.146875 0.0875 0.0484375
3 0.26171875 0.33203125 0.09375 0.078125
3 0.2296875 0.27734375 0.0859375 0.05
0 0.33359375 0.54453125 0.0859375 0.0375
4 0.8625 0.046875 0.26875 0.09375
4 0.6265625 0.0734375 0.23125 0.059375
4 0.509375 0.0359375 0.2515625 0.053125
5 0.04921875 0.2875 0.096875 0.084375
3 0.15234375 0.259375 0.059375 0.04375