3 0.32890625 0.09453125 0.1046875 0.090625
3 0.6515625 0.5203125 0.253125 0.190625
3 0.40546875 0.3828125 0.1875 0.1125
3 0.30703125 0.59375 0.0953125 0.128125
3 0.7046875 0.21328125 0.271875 0.2125
3 0.75078125 0.92109375 0.3921875 0.1578125
0 0.44140625 0.55078125 0.125 0.053125
3 0.5421875 0.159375 0.159375 0.159375
1 0.203125 0.703125 0.059375 0.059375
0 0.4828125 0.6875 0.159375 0.06875
0 0.4328125 0.63984375 0.153125 0.05625
2 0.21484375 0.23046875 0.271875 0.184375
1 0.353125 0.31484375 0.115625 0.0609375
3 0.51953125 0.9265625 0.1640625 0.146875
4 0.50546875 0.01796875 0.15625 0.0359375
3 0.2421875 0.94921875 0.1 0.1015625
3 0.38828125 0.565625 0.109375 0.125
3 0.278125 0.3984375 0.0484375 0.096875
0 0.43125 0.7765625 0.1625 0.0671875
0 0.53984375 0.7 0.2734375 0.0921875
0 0.1953125 0.0765625 0.090625 0.028125
0 0.209375 0.11640625 0.0796875 0.0203125
4 0.37734375 0.01875 0.0984375 0.034375
0 0.203125 0.13984375 0.06875 0.0234375
4 0.90859375 0.3046875 0.1828125 0.075
4 0.98671875 0.3765625 0.0265625 0.0875
1 0.221875 0.79921875 0.05625 0.0734375
1 0.37421875 0.4546875 0.134375 0.034375
0 0.2921875 0.48671875 0.071875 0.0375
0 0.24140625 0.3453125 0.0703125 0.05
3 0.2109375 0.33203125 0.0875 0.04375
4 0.959375 0.37890625 0.08125 0.046875
3 0.265625 0.4515625 0.084375 0.028125
3 0.1453125 0.10390625 0.053125 0.03125
0 0.13203125 0.06328125 0.05 0.046875
5 0.17578125 0.609375 0.0625 0.06875