3 0.68203125 0.17265625 0.190625 0.18125
3 0.57734375 0.12421875 0.18125 0.15625
0 0.2828125 0.34453125 0.096875 0.0421875
2 0.20859375 0.953125 0.24375 0.084375
1 0.41796875 0.05390625 0.1734375 0.1078125
3 0.23359375 0.2421875 0.0734375 0.0625
0 0.4 0.3625 0.15 0.0546875
0 0.26953125 0.159375 0.090625 0.034375
3 0.1859375 0.19375 0.0421875 0.05
1 0.24765625 0.18359375 0.0953125 0.05625
1 0.2140625 0.11015625 0.06875 0.0484375
0 0.1390625 0.034375 0.06875 0.053125
2 0.146875 0.15625 0.090625 0.0625
4 0.853125 0.20546875 0.203125 0.0546875
4 0.859375 0.0203125 0.21875 0.040625
3 0.26953125 0.0171875 0.0875 0.034375
4 0.30390625 0.00703125 0.05625 0.0125
0 0.228125 0.071875 0.084375 0.0234375
0 0.175 0.003125 0.0515625 0.00625
5 0.1546875 0.0828125 0.0578125 0.04375
5 0.0921875 0.10546875 0.078125 0.05625
2 0.1265625 0.30078125 0.0765625 0.053125
2 0.11640625 0.23515625 0.05625 0.046875