3 0.65 0.32109375 0.159375 0.15
3 0.4453125 0.3125 0.115625 0.146875
3 0.1578125 0.6703125 0.2 0.296875
3 0.10234375 0.50234375 0.15625 0.184375
3 0.44375 0.2171875 0.075 0.05625
1 0.04140625 0.34453125 0.0828125 0.165625
0 0.0796875 0.17421875 0.03125 0.0796875
2 0.85546875 0.14921875 0.2890625 0.1796875
3 0.33671875 0.27109375 0.096875 0.1265625
0 0.39453125 0.3984375 0.0625 0.16875
0 0.9578125 0.91953125 0.084375 0.1609375
3 0.1765625 0.14921875 0.0625 0.08125
0 0.91171875 0.7453125 0.140625 0.2875
5 0.0453125 0.034375 0.08125 0.06875
0 0.2796875 0.17109375 0.021875 0.065625
0 0.13359375 0.2609375 0.040625 0.1171875
3 0.22421875 0.2328125 0.090625 0.1078125
0 0.45703125 0.6234375 0.065625 0.26875
4 0.18359375 0.771875 0.075 0.2953125
2 0.478125 0.08515625 0.10625 0.09375
5 0.32265625 0.053125 0.06875 0.071875
3 0.5953125 0.13203125 0.06875 0.04375
5 0.1703125 0.0296875 0.0390625 0.053125
1 0.003125 0.0421875 0.00625 0.040625
1 0.028125 0.08203125 0.03125 0.03125
3 0.04453125 0.14140625 0.053125 0.08125
1 0.10234375 0.12890625 0.034375 0.059375