3 0.234375 0.70390625 0.19453125 0.25
3 0.6109375 0.58203125 0.2140625 0.23515625
5 0.896875 0.234375 0.1671875 0.14296875
0 0.6328125 0.4171875 0.0453125 0.0796875
4 0.0984375 0.23828125 0.025 0.0609375
1 0.11015625 0.196875 0.03984375 0.06640625
3 0.18515625 0.54453125 0.14609375 0.16484375
0 0.15859375 0.21796875 0.028125 0.06171875
3 0.35078125 0.28359375 0.08671875 0.07578125
0 0.5125 0.32734375 0.04609375 0.09609375
0 0.1359375 0.38046875 0.05 0.11328125
3 0.54609375 0.45625 0.13671875 0.13046875
1 0.184375 0.1796875 0.03828125 0.05390625
3 0.2390625 0.3453125 0.0859375 0.1
2 0.26484375 0.18515625 0.05 0.0859375
0 0.19921875 0.2609375 0.02578125 0.06875
3 0.21171875 0.21171875 0.04296875 0.0546875
5 0.30234375 0.21015625 0.06484375 0.103125
5 0.18046875 0.12109375 0.065625 0.0640625
0 0.40390625 0.44140625 0.053125 0.1546875
0 0.3390625 0.42265625 0.04375 0.1375
0 0.421875 0.3234375 0.0265625 0.09765625
4 0.07109375 0.83125 0.08046875 0.21171875
4 0.0140625 0.76484375 0.028125 0.2515625
4 0.03671875 0.50234375 0.07265625 0.15390625
4 0.05625 0.34140625 0.0296875 0.10625
1 0.4875 0.171875 0.02890625 0.04453125
5 0.4125 0.23828125 0.08046875 0.1078125
2 0.45234375 0.1546875 0.04921875 0.07109375
5 0.33359375 0.1359375 0.05625 0.071875
3 0.5796875 0.19453125 0.0515625 0.05234375
3 0.52421875 0.1875 0.04609375 0.053125
3 0.71953125 0.23203125 0.05703125 0.05
3 0.634375 0.209375 0.04921875 0.0390625
0 0.29296875 0.45703125 0.03046875 0.16171875
0 0.1390625 0.1859375 0.0109375 0.05234375