1 0.5609375 0.35625 0.16875 0.1125
1 0.73125 0.71015625 0.109375 0.06875
1 0.58359375 0.9109375 0.171875 0.103125
3 0.81875 0.82890625 0.05625 0.03125
0 0.75625 0.8359375 0.0875 0.028125
3 0.77890625 0.75546875 0.06875 0.04375
3 0.446875 0.84140625 0.1609375 0.153125
4 0.23515625 0.759375 0.1734375 0.065625
4 0.4953125 0.98203125 0.1375 0.0359375
1 0.7890625 0.2765625 0.05625 0.034375
3 0.28984375 0.78828125 0.2671875 0.215625
0 0.79609375 0.88828125 0.065625 0.028125
3 0.8359375 0.875 0.04375 0.0375
0 0.16171875 0.27890625 0.321875 0.11875
3 0.61796875 0.58984375 0.159375 0.11875
3 0.73046875 0.58671875 0.078125 0.084375
0 0.6328125 0.44921875 0.14375 0.04375
3 0.6546875 0.41640625 0.13125 0.028125
3 0.82265625 0.78359375 0.05 0.034375
0 0.79375 0.8546875 0.06875 0.0203125
0 0.83515625 0.9421875 0.05625 0.0328125
3 0.84765625 0.91015625 0.05 0.025
3 0.8796875 0.89140625 0.040625 0.0203125
4 0.65390625 0.98125 0.121875 0.0234375
4 0.6921875 0.95546875 0.078125 0.0140625
3 0.71484375 0.93671875 0.078125 0.025
3 0.89453125 0.91875 0.034375 0.0203125
3 0.88359375 0.9421875 0.04375 0.025
3 0.82578125 0.4859375 0.0453125 0.0375
5 0.76796875 0.15625 0.0609375 0.1