3 0.35234375 0.3078125 0.0734375 0.09140625
3 0.27734375 0.25546875 0.06875 0.06796875
5 0.69453125 0.25 0.30625 0.35703125
1 0.1171875 0.41171875 0.1046875 0.15234375
3 0.18359375 0.540625 0.1453125 0.146875
3 0.17265625 0.26953125 0.07734375 0.07265625
0 0.42734375 0.3734375 0.05234375 0.1203125
0 0.325 0.44375 0.046875 0.14765625
4 0.265625 0.8 0.0671875 0.21015625
5 0.3859375 0.2 0.13046875 0.171875
3 0.2375 0.6984375 0.2125 0.259375
0 0.4328125 0.61796875 0.07734375 0.22578125
0 0.25234375 0.37265625 0.05234375 0.12421875
1 0.1828125 0.18515625 0.05390625 0.08203125
3 0.9625 0.271875 0.07421875 0.103125
3 0.2390625 0.18828125 0.0375 0.0609375
4 0.0375 0.50546875 0.05546875 0.11328125
5 0.5578125 0.48984375 0.146875 0.2359375
4 0.04765625 0.35 0.03046875 0.115625
3 0.0625 0.284375 0.0703125 0.07890625
0 0.59609375 0.59609375 0.06171875 0.24140625
0 0.684375 0.68359375 0.075 0.28359375
3 0.2796875 0.20859375 0.0328125 0.0390625
2 0.2671875 0.10859375 0.06328125 0.07265625
0 0.1078125 0.1671875 0.01640625 0.04921875
0 0.12265625 0.16328125 0.0109375 0.04921875
3 0.14140625 0.15 0.02578125 0.04140625
3 0.09453125 0.19921875 0.03984375 0.05625
0 0.11796875 0.22734375 0.015625 0.06484375
0 0.1375 0.2125 0.01171875 0.06640625
0 0.11640625 0.12265625 0.00703125 0.03046875
0 0.2109375 0.19609375 0.01171875 0.05625