1 0.63515625 0.1671875 0.290625 0.1625
4 0.52109375 0.9734375 0.134375 0.0515625
1 0.4 0.89453125 0.15625 0.103125
1 0.2859375 0.81328125 0.1171875 0.071875
4 0.81953125 0.83671875 0.234375 0.059375
4 0.340625 0.96640625 0.134375 0.03125
3 0.7171875 0.753125 0.275 0.1875
3 0.5671875 0.81875 0.240625 0.175
3 0.60390625 0.49140625 0.275 0.19375
0 0.32109375 0.76640625 0.10625 0.0375
0 0.29296875 0.73984375 0.096875 0.0265625
0 0.30390625 0.69453125 0.1 0.025
3 0.2828125 0.66640625 0.0890625 0.075
3 0.225 0.8453125 0.084375 0.0484375
3 0.14765625 0.796875 0.053125 0.04375
0 0.4609375 0.1078125 0.1875 0.0578125
3 0.25625 0.065625 0.0625 0.0953125
0 0.43125 0.3671875 0.16875 0.04375
0 0.43828125 0.1734375 0.075 0.040625
0 0.425 0.575 0.165625 0.0375
2 0.12890625 0.53046875 0.109375 0.1125
3 0.24765625 0.6078125 0.08125 0.06875
3 0.26171875 0.94765625 0.065625 0.0703125
5 0.1078125 0.8609375 0.125 0.075
1 0.36171875 0.57578125 0.140625 0.0859375