3 0.2203125 0.290625 0.065625 0.08671875
3 0.32578125 0.340625 0.1 0.11796875
3 0.24296875 0.696875 0.1953125 0.26171875
0 0.8390625 0.50625 0.07578125 0.11953125
5 0.5546875 0.52421875 0.24765625 0.4046875
0 0.8296875 0.68984375 0.08203125 0.2484375
3 0.18125 0.54921875 0.13984375 0.17265625
5 0.6734375 0.2609375 0.265625 0.265625
3 0.165625 0.22734375 0.053125 0.05546875
3 0.734375 0.53125 0.184375 0.23515625
5 0.95625 0.428125 0.08515625 0.25390625
5 0.3328125 0.1609375 0.0890625 0.10703125
1 0.29765625 0.26640625 0.04921875 0.08359375
0 0.4203125 0.27265625 0.02734375 0.109375
0 0.896875 0.90390625 0.1671875 0.18828125
0 0.1421875 0.19765625 0.0296875 0.06796875
3 0.19140625 0.1859375 0.04609375 0.03984375
3 0.26640625 0.203125 0.040625 0.0515625
0 0.94296875 0.66328125 0.11328125 0.19921875
1 0.10078125 0.134375 0.0421875 0.05390625
3 0.225 0.21484375 0.05234375 0.05234375
3 0.225 0.17421875 0.03515625 0.03125
3 0.36875 0.27734375 0.03828125 0.09375
0 0.346875 0.26953125 0.0203125 0.03671875
4 0.13671875 0.384375 0.021875 0.15390625
4 0.0390625 0.51640625 0.06015625 0.10625
4 0.05234375 0.4203125 0.02109375 0.15859375
4 0.07578125 0.35859375 0.01796875 0.134375
4 0.0421875 0.309375 0.0125 0.04140625
4 0.05390625 0.31875 0.0171875 0.05
4 0.06484375 0.87734375 0.09140625 0.2453125
0 0.22734375 0.21953125 0.015625 0.03515625
0 0.0890625 0.20703125 0.01953125 0.06640625
3 0.1 0.18984375 0.04375 0.05703125
3 0.67421875 0.36796875 0.05390625 0.05625