0 0.53671875 0.13671875 0.20625 0.0796875
1 0.28203125 0.68671875 0.09375 0.05625
0 0.38046875 0.41953125 0.0890625 0.059375
0 0.23046875 0.74140625 0.084375 0.03125
3 0.534375 0.4375 0.21875 0.190625
2 0.19296875 0.3125 0.125 0.171875
3 0.6640625 0.765625 0.203125 0.1875
3 0.25859375 0.05 0.1 0.1
3 0.540625 0.82265625 0.1671875 0.14375
1 0.41171875 0.88671875 0.16875 0.10625
3 0.8828125 0.03671875 0.234375 0.0703125
0 0.12421875 0.80703125 0.10625 0.071875
0 0.5890625 0.19609375 0.215625 0.103125
3 0.40390625 0.334375 0.1296875 0.125
0 0.225 0.8515625 0.078125 0.021875
4 0.7921875 0.7484375 0.271875 0.071875
0 0.3984375 0.47109375 0.0734375 0.0625
4 0.340625 0.95625 0.1125 0.0328125
3 0.296875 0.78828125 0.11875 0.0859375
3 0.28203125 0.9390625 0.075 0.0890625
0 0.79609375 0.34453125 0.28125 0.09375
2 0.1484375 0.55546875 0.0953125 0.090625
3 0.31171875 0.5640625 0.1171875 0.096875
0 0.3875 0.565625 0.1234375 0.034375
0 0.36640625 0.6609375 0.140625 0.0375
4 0.51328125 0.96796875 0.134375 0.059375
3 0.2828125 0.50703125 0.0953125 0.05
3 0.1953125 0.8359375 0.05 0.0375
1 0.21875 0.89140625 0.0765625 0.04375