3 0.23828125 0.7 0.2125 0.26875
3 0.13125 0.33203125 0.0703125 0.1
3 0.18359375 0.54453125 0.1625 0.171875
0 0.58984375 0.37890625 0.05 0.1125
2 0.35390625 0.3078125 0.1859375 0.28125
5 0.75390625 0.375 0.1875 0.215625
4 0.09296875 0.38359375 0.04375 0.140625
4 0.0359375 0.5046875 0.071875 0.1359375
1 0.15078125 0.2171875 0.053125 0.084375
5 0.26171875 0.090625 0.059375 0.08125
3 0.94921875 0.26640625 0.1015625 0.0984375
5 0.16796875 0.05859375 0.0484375 0.06875
0 0.4015625 0.53515625 0.046875 0.246875
0 0.51171875 0.37109375 0.040625 0.134375
0 0.3546875 0.5875 0.046875 0.2078125
3 0.52421875 0.33515625 0.078125 0.090625
3 0.546875 0.309375 0.08125 0.09375
0 0.603125 0.465625 0.0515625 0.19375