2 0.85078125 0.765625 0.13125 0.1265625
3 0.7296875 0.821875 0.0859375 0.071875
5 0.721875 0.28125 0.384375 0.3234375
0 0.5765625 0.6953125 0.1625 0.053125
0 0.61171875 0.52109375 0.13125 0.0609375
0 0.61875 0.61953125 0.1390625 0.053125
3 0.4640625 0.83203125 0.1515625 0.1625
4 0.6546875 0.959375 0.14375 0.05625
3 0.8 0.85390625 0.059375 0.0625
4 0.50703125 0.97734375 0.146875 0.0453125
0 0.71015625 0.74609375 0.128125 0.03125
3 0.29765625 0.78828125 0.2984375 0.228125
0 0.5296875 0.325 0.146875 0.059375
4 0.1984375 0.7546875 0.23125 0.0734375
0 0.725 0.715625 0.1234375 0.0625
0 0.84765625 0.93671875 0.071875 0.03125
0 0.82890625 0.90546875 0.075 0.0328125
4 0.15546875 0.95390625 0.14375 0.0625
3 0.74140625 0.0734375 0.090625 0.078125
3 0.7390625 0.9390625 0.0671875 0.0328125
3 0.82734375 0.46953125 0.0546875 0.04375
0 0.85078125 0.5546875 0.04375 0.025
3 0.8859375 0.890625 0.040625 0.028125
1 0.846875 0.86953125 0.034375 0.034375
3 0.903125 0.9296875 0.03125 0.040625