1 0.26328125 0.26171875 0.065625 0.1328125
3 0.175 0.67109375 0.209375 0.2671875
5 0.9234375 0.63046875 0.15 0.278125
3 0.121875 0.51015625 0.15625 0.1796875
3 0.69765625 0.4359375 0.1875 0.2
3 0.2859375 0.17421875 0.0703125 0.06875
5 0.1640625 0.1 0.046875 0.078125
1 0.79140625 0.1828125 0.04375 0.053125
0 0.16484375 0.190625 0.021875 0.0796875
3 0.05625 0.28125 0.08125 0.1125
0 0.11484375 0.16171875 0.021875 0.065625
5 0.33203125 0.3109375 0.06875 0.184375
3 0.38125 0.20390625 0.05 0.08125
0 0.62109375 0.72421875 0.0984375 0.29375
4 0.02421875 0.78984375 0.046875 0.228125
3 0.0515625 0.1015625 0.0296875 0.04375
1 0.45078125 0.77421875 0.203125 0.4484375
0 0.028125 0.0734375 0.0328125 0.071875
5 0.21484375 0.1265625 0.0578125 0.10625
0 0.05625 0.0609375 0.03125 0.040625
3 0.0734375 0.1859375 0.059375 0.06875
0 0.06875 0.33671875 0.05 0.121875
0 0.0359375 0.13359375 0.01875 0.05625
1 0.4265625 0.42421875 0.11875 0.23125
3 0.91640625 0.1828125 0.1 0.084375
3 0.00546875 0.17109375 0.0109375 0.065625
3 0.01796875 0.23671875 0.0359375 0.053125
3 0.115625 0.1015625 0.034375 0.0609375
3 0.078125 0.12578125 0.0375 0.0421875
0 0.07890625 0.13359375 0.01875 0.0296875
0 0.1515625 0.16875 0.0125 0.08125
2 0.159375 0.03046875 0.05 0.0609375
5 0.31328125 0.0515625 0.0796875 0.1
3 0.3953125 0.0828125 0.0296875 0.05
3 0.5390625 0.13828125 0.0390625 0.0328125
3 0.60859375 0.14296875 0.0375 0.0359375
0 0.75546875 0.16484375 0.015625 0.0375
3 0.2203125 0.23046875 0.021875 0.0890625
3 0.090625 0.0796875 0.021875 0.0375
4 0.2671875 0.75078125 0.0671875 0.309375
1 0.3328125 0.20625 0.04375 0.05