0 0.56640625 0.8140625 0.19765625 0.371875
4 0.26875 0.77734375 0.1125 0.271875
4 0.06796875 0.80546875 0.11953125 0.20234375
4 0.03515625 0.49765625 0.06484375 0.1578125
3 0.24296875 0.6890625 0.2140625 0.28984375
4 0.30546875 0.5359375 0.0578125 0.1734375
4 0.18359375 0.56640625 0.16953125 0.24296875
4 0.06171875 0.36484375 0.04453125 0.15
3 0.57109375 0.40859375 0.12890625 0.16484375
3 0.85 0.73671875 0.29921875 0.43515625
3 0.9078125 0.490625 0.184375 0.228125
3 0.43828125 0.31015625 0.0953125 0.14765625
3 0.58359375 0.32578125 0.090625 0.1046875
3 0.17265625 0.38203125 0.1046875 0.13359375
0 0.33203125 0.30703125 0.04296875 0.11640625
0 0.3015625 0.259375 0.02734375 0.0828125
1 0.23828125 0.3 0.0625 0.1609375
3 0.06875 0.29453125 0.07734375 0.12890625
1 0.20546875 0.24140625 0.059375 0.0921875
3 0.25859375 0.21171875 0.0484375 0.08515625
0 0.09140625 0.17578125 0.02265625 0.0625
1 0.121875 0.17890625 0.03671875 0.07734375
1 0.1578125 0.18359375 0.04140625 0.06484375
3 0.203125 0.171875 0.0328125 0.0515625
3 0.23671875 0.17421875 0.04296875 0.05546875
1 0.2296875 0.18515625 0.05234375 0.06484375
3 0.059375 0.209375 0.0484375 0.0609375
0 0.07421875 0.15859375 0.01875 0.053125
0 0.09296875 0.12421875 0.01640625 0.03984375
3 0.1203125 0.12265625 0.03203125 0.04140625
3 0.80625 0.240625 0.09609375 0.06328125
5 0.44375 0.1421875 0.0734375 0.075
0 0.59296875 0.190625 0.03828125 0.0453125
3 0.5046875 0.1796875 0.059375 0.0484375
0 0.51171875 0.18359375 0.02578125 0.03828125
3 0.98515625 0.2421875 0.0296875 0.1265625
5 0.20625 0.0890625 0.03984375 0.06171875
1 0.26484375 0.12578125 0.0203125 0.034375
0 0.28203125 0.128125 0.015625 0.0484375
3 0.3578125 0.14453125 0.02265625 0.0265625
5 0.1390625 0.071875 0.03515625 0.05625
3 0.1703125 0.09453125 0.02578125 0.034375