5 0.19453125 0.66640625 0.14375 0.1140625
3 0.4359375 0.51328125 0.159375 0.15
0 0.65859375 0.26640625 0.284375 0.1109375
3 0.3484375 0.69140625 0.103125 0.09375
0 0.596875 0.5015625 0.225 0.0625
3 0.2140625 0.821875 0.046875 0.0578125
0 0.3234375 0.82109375 0.109375 0.0515625
0 0.2390625 0.90625 0.08125 0.028125
3 0.33125 0.93671875 0.1015625 0.0625
4 0.52734375 0.9890625 0.1328125 0.021875
3 0.29296875 0.53828125 0.1125 0.096875
3 0.2703125 0.078125 0.0890625 0.1203125
3 0.73984375 0.81484375 0.3125 0.2390625
3 0.17890625 0.83125 0.046875 0.075
1 0.16875 0.96015625 0.06875 0.0359375
0 0.290625 0.65625 0.0921875 0.03125
4 0.36953125 0.98828125 0.146875 0.0234375
3 0.15 0.88359375 0.046875 0.03125
4 0.44375 0.86328125 0.0765625 0.04375
4 0.8421875 0.7734375 0.24375 0.078125
3 0.56875 0.86328125 0.16875 0.159375
0 0.2875 0.79921875 0.084375 0.065625
5 0.09453125 0.8171875 0.05625 0.05
4 0.8890625 0.9671875 0.2125 0.065625
1 0.16796875 0.484375 0.090625 0.05625
0 0.25703125 0.76953125 0.0875 0.028125
3 0.11953125 0.78125 0.034375 0.03125
0 0.16328125 0.909375 0.0484375 0.015625
3 0.1203125 0.928125 0.034375 0.021875