1 0.25390625 0.609375 0.1921875 0.3140625
1 0.7796875 0.26796875 0.0546875 0.09375
3 0.77109375 0.71796875 0.2 0.26875
3 0.09921875 0.8625 0.196875 0.275
3 0.83359375 0.56015625 0.146875 0.171875
3 0.86328125 0.25859375 0.059375 0.0796875
5 0.41875 0.2515625 0.1875 0.2515625
1 0.9015625 0.203125 0.040625 0.040625
3 0.50390625 0.559375 0.1625 0.215625
3 0.63203125 0.32421875 0.08125 0.0984375
3 0.88984375 0.3484375 0.084375 0.121875
0 0.825 0.3296875 0.0328125 0.0875
3 0.71796875 0.340625 0.0953125 0.1109375
3 0.653125 0.24296875 0.053125 0.0546875
3 0.6890625 0.278125 0.075 0.078125
3 0.453125 0.40546875 0.1390625 0.1625
3 0.584375 0.2796875 0.071875 0.0828125
3 0.909375 0.1421875 0.0390625 0.0375
0 0.58515625 0.36953125 0.0515625 0.121875
3 0.77578125 0.1828125 0.04375 0.046875
0 0.72109375 0.22109375 0.021875 0.0625
3 0.2578125 0.45859375 0.20625 0.1
4 0.9734375 0.52265625 0.053125 0.13125
4 0.93359375 0.853125 0.0640625 0.1734375
4 0.5078125 0.9734375 0.075 0.053125
4 0.88828125 0.40390625 0.028125 0.1265625
4 0.96875 0.3921875 0.0265625 0.075
4 0.98046875 0.315625 0.0171875 0.03125
4 0.96796875 0.32109375 0.01875 0.0359375
4 0.946875 0.36015625 0.021875 0.1140625
3 0.9390625 0.2765625 0.05625 0.0546875
0 0.74921875 0.23828125 0.021875 0.06875
5 0.8515625 0.16953125 0.034375 0.071875
0 0.83046875 0.215625 0.009375 0.0625
0 0.8171875 0.23046875 0.015625 0.071875
3 0.81015625 0.17578125 0.03125 0.0328125
0 0.8984375 0.2390625 0.0140625 0.071875