0 0.7765625 0.42578125 0.05859375 0.15703125
0 0.7640625 0.52578125 0.08046875 0.1953125
3 0.2421875 0.69296875 0.1953125 0.2609375
0 0.596875 0.3640625 0.04296875 0.1234375
3 0.18125 0.546875 0.1453125 0.171875
1 0.1828125 0.1734375 0.034375 0.0484375
3 0.12734375 0.33828125 0.08359375 0.11328125
3 0.6609375 0.4375 0.14765625 0.17890625
2 0.80625 0.19765625 0.159375 0.09609375
0 0.18984375 0.22265625 0.02890625 0.06796875
4 0.03984375 0.509375 0.07109375 0.13828125
2 0.121875 0.14921875 0.07265625 0.1046875
0 0.2234375 0.21796875 0.02265625 0.059375
0 0.30234375 0.23203125 0.03046875 0.0765625
4 0.3828125 0.6453125 0.06796875 0.27890625
4 0.065625 0.35859375 0.04140625 0.14375
4 0.17734375 0.34609375 0.0296875 0.12890625
0 0.12890625 0.2109375 0.01484375 0.0765625
0 0.3890625 0.3234375 0.0296875 0.13671875
5 0.49609375 0.13203125 0.1296875 0.1546875
1 0.5796875 0.19296875 0.0375 0.03671875