4 0.06484375 0.8109375 0.11484375 0.20234375
4 0.26796875 0.78671875 0.09453125 0.25
4 0.03828125 0.496875 0.05234375 0.1171875
4 0.04609375 0.43671875 0.05234375 0.07421875
4 0.06015625 0.34765625 0.04609375 0.125
4 0.0421875 0.309375 0.01796875 0.05078125
3 0.075 0.29453125 0.053125 0.1140625
4 0.06328125 0.309375 0.02265625 0.08203125
3 0.246875 0.7078125 0.18828125 0.2328125
3 0.18046875 0.5671875 0.13828125 0.18984375
0 0.48984375 0.5671875 0.08515625 0.2578125
0 0.4125 0.46953125 0.0828125 0.17421875
0 0.38046875 0.3765625 0.03828125 0.1328125
3 0.665625 0.4734375 0.13828125 0.20390625
3 0.8015625 0.4328125 0.15390625 0.2453125
3 0.45234375 0.3578125 0.09921875 0.16953125
3 0.0609375 0.20234375 0.03359375 0.08046875
0 0.1890625 0.29921875 0.03359375 0.1421875
0 0.21640625 0.2671875 0.0328125 0.0984375
3 0.26640625 0.20390625 0.04765625 0.1078125
3 0.22890625 0.21875 0.03828125 0.07109375
3 0.50234375 0.30546875 0.06484375 0.1078125
2 0.36171875 0.19921875 0.1125 0.16328125
0 0.1484375 0.2296875 0.0296875 0.07109375
1 0.30703125 0.35078125 0.0734375 0.153125
3 0.3046875 0.3046875 0.10078125 0.153125
5 0.1765625 0.1765625 0.0609375 0.1125
5 0.11015625 0.09375 0.03828125 0.09140625
5 0.153125 0.1 0.04765625 0.08671875
0 0.0984375 0.1796875 0.021875 0.06328125
0 0.0859375 0.1578125 0.01875 0.05078125
1 0.5765625 0.18359375 0.03984375 0.05546875
3 0.68203125 0.20234375 0.05390625 0.07734375
3 0.98203125 0.23828125 0.0359375 0.1140625
3 0.9765625 0.5734375 0.046875 0.203125
3 0.96875 0.8140625 0.0625 0.3
3 0.2609375 0.11796875 0.0453125 0.04140625