3 0.55078125 0.46796875 0.153125 0.15625
3 0.34375 0.23359375 0.1984375 0.16875
3 0.44921875 0.18125 0.165625 0.1421875
0 0.59609375 0.6125 0.146875 0.065625
3 0.77421875 0.29453125 0.0671875 0.0578125
4 0.22578125 0.259375 0.275 0.05
1 0.7859375 0.2125 0.078125 0.04375
1 0.5875 0.11875 0.16875 0.103125
0 0.41484375 0.571875 0.21875 0.0734375
3 0.821875 0.159375 0.0421875 0.0421875
3 0.665625 0.3515625 0.10625 0.078125
4 0.65390625 0.04921875 0.11875 0.0203125
3 0.8421875 0.18359375 0.040625 0.034375
1 0.1734375 0.821875 0.346875 0.33125
0 0.778125 0.1734375 0.0671875 0.01875
1 0.8453125 0.1171875 0.065625 0.0375
0 0.7578125 0.1453125 0.084375 0.021875
0 0.6734375 0.44296875 0.1 0.053125
3 0.8125 0.2421875 0.040625 0.03125
4 0.14453125 0.17734375 0.1125 0.078125
3 0.71953125 0.06328125 0.078125 0.0734375
4 0.4859375 0.03984375 0.1203125 0.0546875
4 0.7 0.07421875 0.05625 0.01875
3 0.79140625 0.26640625 0.0578125 0.025
3 0.85859375 0.14453125 0.0296875 0.021875
0 0.7578125 0.8265625 0.0265625 0.021875
0 0.75546875 0.88984375 0.03125 0.025
0 0.78125 0.74375 0.034375 0.0203125
3 0.7765625 0.68671875 0.0625 0.053125