3 0.16484375 0.2140625 0.053125 0.071875
3 0.89375 0.30859375 0.065625 0.10625
3 0.79375 0.4046875 0.140625 0.1296875
3 0.76953125 0.6953125 0.2015625 0.275
1 0.50703125 0.42265625 0.1078125 0.1875
3 0.828125 0.54140625 0.146875 0.18125
3 0.70078125 0.26484375 0.0625 0.0859375
3 0.6140625 0.22734375 0.059375 0.078125
0 0.6234375 0.31875 0.040625 0.13125
3 0.725 0.2078125 0.05625 0.0515625
3 0.75859375 0.18515625 0.040625 0.0625
0 0.8890625 0.34375 0.03125 0.084375
3 0.52578125 0.278125 0.0796875 0.078125
4 0.9640625 0.4671875 0.04375 0.184375
0 0.840625 0.20703125 0.01875 0.071875
0 0.8875 0.2078125 0.01875 0.078125
3 0.9359375 0.27265625 0.0546875 0.0578125
4 0.934375 0.76328125 0.05 0.065625
5 0.0609375 0.38671875 0.121875 0.4875
4 0.9453125 0.8640625 0.05625 0.1140625
0 0.05234375 0.65625 0.1046875 0.296875
1 0.3109375 0.1859375 0.0421875 0.0625
1 0.859375 0.16171875 0.0453125 0.0953125
0 0.42734375 0.16640625 0.0140625 0.04375