1 0.34765625 0.725 0.13125 0.08125
1 0.35703125 0.54296875 0.1375 0.0703125
5 0.33203125 0.39453125 0.20625 0.1375
4 0.4265625 0.77421875 0.103125 0.05
2 0.2015625 0.29296875 0.1234375 0.1421875
2 0.17265625 0.8875 0.1125 0.084375
0 0.27265625 0.79140625 0.08125 0.034375
3 0.69765625 0.77265625 0.271875 0.215625
0 0.43125 0.32890625 0.14375 0.071875
0 0.3609375 0.66328125 0.096875 0.046875
1 0.21796875 0.7375 0.046875 0.05
1 0.2640625 0.71796875 0.040625 0.0625
4 0.90546875 0.6265625 0.16875 0.0625
4 0.8515625 0.77265625 0.171875 0.0734375
3 0.54140625 0.81640625 0.153125 0.14375
4 0.3796875 0.7578125 0.08125 0.03125
4 0.4640625 0.91015625 0.165625 0.0421875
2 0.15703125 0.5109375 0.071875 0.0828125
0 0.61640625 0.425 0.246875 0.078125
3 0.17421875 0.8109375 0.040625 0.0390625
4 0.90234375 0.53671875 0.19375 0.096875
3 0.33203125 0.87109375 0.09375 0.0765625
4 0.8671875 0.92421875 0.265625 0.0640625
4 0.70234375 0.61875 0.215625 0.065625
4 0.4546875 0.97734375 0.184375 0.0328125
3 0.190625 0.7625 0.053125 0.05
3 0.29453125 0.50703125 0.0609375 0.059375
0 0.1859375 0.840625 0.053125 0.01875
3 0.1484375 0.83828125 0.03125 0.03125
5 0.14375 0.59609375 0.059375 0.090625
0 0.2921875 0.65078125 0.06875 0.04375
4 0.459375 0.9453125 0.1796875 0.040625
0 0.85546875 0.15078125 0.2890625 0.1625
0 0.55703125 0.08125 0.296875 0.1625
3 0.2234375 0.17265625 0.075 0.0703125
5 0.10625 0.7453125 0.0921875 0.0640625
5 0.0640625 0.8640625 0.065625 0.0484375
1 0.234375 0.675 0.075 0.0484375