1 0.79609375 0.7484375 0.0671875 0.059375
3 0.4859375 0.8734375 0.1640625 0.1625
1 0.59921875 0.4296875 0.203125 0.1265625
3 0.321875 0.82109375 0.26875 0.215625
1 0.58984375 0.6390625 0.1859375 0.10625
3 0.67734375 0.55703125 0.109375 0.109375
5 0.87421875 0.71484375 0.1171875 0.121875
1 0.63203125 0.9421875 0.1640625 0.115625
0 0.665625 0.7625 0.128125 0.05
3 0.77265625 0.9640625 0.1 0.071875
3 0.6484375 0.309375 0.159375 0.1171875
3 0.72734375 0.8828125 0.1 0.115625
0 0.4875 0.11640625 0.2 0.084375
1 0.83046875 0.29296875 0.0515625 0.05
3 0.70625 0.75859375 0.115625 0.075
0 0.675 0.7 0.128125 0.0359375
3 0.73515625 0.4921875 0.08125 0.090625
1 0.9140625 0.978125 0.05625 0.0390625
0 0.43515625 0.5375 0.246875 0.065625
0 0.88984375 0.9 0.053125 0.0296875
5 0.77109375 0.6421875 0.140625 0.115625
1 0.14140625 0.64765625 0.2828125 0.209375
4 0.6515625 0.890625 0.15625 0.0328125
0 0.7546875 0.81171875 0.096875 0.034375
3 0.8 0.8375 0.065625 0.059375
2 0.87734375 0.5375 0.1 0.1046875
2 0.940625 0.80859375 0.08125 0.0484375
5 0.96484375 0.865625 0.0703125 0.05
1 0.809375 0.13515625 0.06875 0.071875
0 0.571875 0.50859375 0.16875 0.05
0 0.55078125 0.08671875 0.20625 0.0453125
0 0.784375 0.0890625 0.040625 0.01875
0 0.81796875 0.20390625 0.0515625 0.01875
0 0.846875 0.39609375 0.034375 0.0125
0 0.83203125 0.33359375 0.0296875 0.015625
0 0.915625 0.93984375 0.05 0.0125