2 0.36484375 0.2484375 0.7296875 0.496875
2 0.8203125 0.37734375 0.115625 0.153125
0 0.81484375 0.89453125 0.06875 0.0125
3 0.84453125 0.88671875 0.05625 0.03125
2 0.91328125 0.88046875 0.0375 0.03125
2 0.93828125 0.9359375 0.0375 0.0328125
5 0.7796875 0.809375 0.10625 0.0609375
5 0.8765625 0.67421875 0.0875 0.075
3 0.8125 0.94921875 0.071875 0.0453125
3 0.85859375 0.93515625 0.0515625 0.034375
1 0.72265625 0.83828125 0.1 0.05625
1 0.7984375 0.8515625 0.0703125 0.0234375
1 0.546875 0.9265625 0.1875 0.10625
1 0.13671875 0.61328125 0.16875 0.215625
1 0.753125 0.1234375 0.0625 0.075
3 0.6734375 0.55625 0.121875 0.096875
3 0.42890625 0.8671875 0.1875 0.1265625
3 0.28828125 0.796875 0.2546875 0.1609375
3 0.7203125 0.70390625 0.078125 0.078125
0 0.73984375 0.6515625 0.090625 0.025
0 0.6578125 0.7140625 0.121875 0.028125
0 0.759375 0.25078125 0.0375 0.075
3 0.70703125 0.93671875 0.096875 0.08125
4 0.7125 0.8875 0.0984375 0.021875
4 0.6359375 0.98828125 0.115625 0.0203125
4 0.47734375 0.98828125 0.1546875 0.0234375