3 0.59296875 0.38984375 0.146875 0.1375
3 0.27421875 0.76015625 0.278125 0.23125
3 0.5796875 0.56015625 0.159375 0.121875
0 0.12421875 0.2625 0.2484375 0.121875
3 0.6765625 0.78515625 0.0984375 0.0875
3 0.45703125 0.1953125 0.25 0.2234375
3 0.65234375 0.871875 0.09375 0.084375
3 0.65546875 0.64296875 0.103125 0.090625
0 0.6734375 0.7078125 0.10625 0.04375
3 0.7640625 0.665625 0.0640625 0.059375
3 0.434375 0.8078125 0.15625 0.15625
0 0.65859375 0.4546875 0.109375 0.03125
4 0.17578125 0.92421875 0.128125 0.065625
3 0.778125 0.8171875 0.053125 0.0546875
0 0.5921875 0.859375 0.128125 0.0515625
3 0.71171875 0.01015625 0.10625 0.01875
4 0.4703125 0.9640625 0.128125 0.0609375
4 0.04765625 0.525 0.09375 0.0625
0 0.78515625 0.87578125 0.065625 0.0328125
3 0.81796875 0.84375 0.040625 0.040625
5 0.8296875 0.790625 0.078125 0.0578125
4 0.2046875 0.98203125 0.228125 0.0359375
3 0.7140625 0.63203125 0.034375 0.05625
4 0.6390625 0.94765625 0.125 0.0296875
0 0.66640625 0.7609375 0.13125 0.034375
0 0.48828125 0.48515625 0.190625 0.040625
0 0.31796875 0.45625 0.246875 0.065625
3 0.75390625 0.184375 0.0703125 0.071875
3 0.75859375 0.1296875 0.06875 0.0546875
3 0.746875 0.04765625 0.065625 0.0875
1 0.7984375 0.3515625 0.0546875 0.03125
1 0.8015625 0.4203125 0.046875 0.021875
5 0.8234375 0.48125 0.090625 0.090625
5 0.840625 0.53671875 0.0703125 0.021875
5 0.803125 0.7140625 0.084375 0.040625
0 0.7546875 0.77109375 0.0609375 0.040625
3 0.77578125 0.7609375 0.059375 0.028125
0 0.75703125 0.834375 0.078125 0.0140625
0 0.8328125 0.88125 0.01875 0.0109375
0 0.86484375 0.91484375 0.034375 0.028125
1 0.81484375 0.9015625 0.065625 0.0265625
0 0.85390625 0.890625 0.0296875 0.009375
3 0.78984375 0.921875 0.0671875 0.034375
3 0.696875 0.9140625 0.075 0.0421875
4 0.1265625 0.91953125 0.10625 0.053125