5 0.72890625 0.4875 0.309375 0.240625
1 0.70703125 0.77578125 0.103125 0.0640625
3 0.2578125 0.8375 0.30625 0.246875
3 0.4875 0.0859375 0.2875 0.171875
0 0.68828125 0.68203125 0.109375 0.0546875
3 0.7859375 0.77265625 0.0453125 0.0609375
3 0.8046875 0.81640625 0.059375 0.0515625
4 0.58671875 0.9640625 0.09375 0.034375
3 0.6625 0.9546875 0.084375 0.08125
4 0.0640625 0.98046875 0.128125 0.0390625
3 0.83203125 0.92265625 0.046875 0.05
3 0.56640625 0.88359375 0.125 0.153125
3 0.78984375 0.865625 0.0625 0.0125
0 0.77578125 0.88046875 0.06875 0.01875
1 0.8578125 0.8921875 0.0484375 0.040625
0 0.60390625 0.56328125 0.146875 0.05
3 0.4171875 0.89140625 0.175 0.165625
0 0.8046875 0.9734375 0.059375 0.025
1 0.7453125 0.09296875 0.0890625 0.084375
3 0.76953125 0.18125 0.065625 0.0578125
3 0.76015625 0.27734375 0.028125 0.05
3 0.73984375 0.03359375 0.09375 0.0375
4 0.1796875 0.98828125 0.084375 0.0234375
4 0.60078125 0.81015625 0.0546875 0.04375
3 0.875 0.9328125 0.0296875 0.025
5 0.91875 0.9765625 0.075 0.046875
5 0.86171875 0.97421875 0.0625 0.046875
5 0.89375 0.7734375 0.059375 0.05625
0 0.85703125 0.696875 0.034375 0.0125