3 0.346875 0.615625 0.140625 0.1140625
3 0.56015625 0.8375 0.190625 0.153125
0 0.62109375 0.05390625 0.253125 0.10625
0 0.496875 0.27734375 0.203125 0.071875
3 0.32734375 0.90078125 0.1046875 0.08125
3 0.7234375 0.775 0.284375 0.2109375
3 0.22734375 0.79296875 0.071875 0.0640625
3 0.2625 0.03046875 0.08125 0.0609375
3 0.24921875 0.66171875 0.0796875 0.06875
0 0.32265625 0.54296875 0.1125 0.0421875
0 0.3015625 0.771875 0.103125 0.046875
3 0.225 0.14140625 0.059375 0.06875
1 0.4609375 0.45078125 0.20625 0.1453125
4 0.890625 0.9453125 0.21875 0.109375
4 0.5453125 0.95546875 0.228125 0.046875
3 0.4140625 0.83125 0.1125 0.134375
4 0.4171875 0.8375 0.1046875 0.034375
0 0.225 0.890625 0.084375 0.021875
0 0.1984375 0.83359375 0.0671875 0.0203125
5 0.08671875 0.8859375 0.071875 0.05
3 0.21640625 0.9640625 0.059375 0.053125
3 0.1390625 0.85 0.053125 0.0390625
3 0.23515625 0.04609375 0.071875 0.08125
0 0.1828125 0.409375 0.05 0.01875
0 0.22265625 0.228125 0.034375 0.0203125
3 0.1234375 0.91796875 0.05625 0.034375
3 0.28828125 0.9484375 0.046875 0.05625
5 0.0578125 0.85078125 0.0609375 0.046875
3 0.10625 0.778125 0.046875 0.03125
3 0.16796875 0.52421875 0.03125 0.05