3 0.30390625 0.7625 0.2671875 0.203125
3 0.2390625 0.34609375 0.325 0.2578125
2 0.75390625 0.72890625 0.275 0.1609375
3 0.553125 0.3625 0.140625 0.1421875
0 0.54140625 0.2046875 0.10625 0.0625
3 0.44765625 0.82109375 0.1671875 0.15
3 0.65546875 0.8796875 0.10625 0.0890625
0 0.340625 0.12109375 0.259375 0.1109375
3 0.7515625 0.05234375 0.078125 0.1046875
0 0.49453125 0.2953125 0.196875 0.078125
3 0.63671875 0.29921875 0.1265625 0.14375
0 0.60625 0.25703125 0.0921875 0.05625
0 0.47421875 0.34921875 0.1578125 0.065625
4 0.16875 0.93984375 0.159375 0.075
3 0.53984375 0.5625 0.2125 0.13125
0 0.50625 0.09921875 0.1625 0.0671875
0 0.4390625 0.1765625 0.18125 0.0921875
0 0.64765625 0.43984375 0.11875 0.03125
3 0.69375 0.4609375 0.071875 0.08125
1 0.5984375 0.496875 0.1375 0.075
1 0.6015625 0.63203125 0.1515625 0.06875
0 0.71640625 0.6203125 0.0734375 0.015625
0 0.71953125 0.621875 0.071875 0.025
0 0.7140625 0.584375 0.06875 0.01875
3 0.678125 0.5484375 0.059375 0.08125
0 0.75078125 0.840625 0.0734375 0.0203125
3 0.8203125 0.8546875 0.05 0.0296875
0 0.76015625 0.878125 0.071875 0.021875
0 0.7921875 0.8875 0.0421875 0.015625
0 0.775 0.85703125 0.065625 0.0140625
0 0.76796875 0.81953125 0.065625 0.01875
3 0.79609375 0.82578125 0.034375 0.028125
0 0.8328125 0.90546875 0.0453125 0.0125
0 0.8421875 0.91875 0.04375 0.0140625
0 0.834375 0.87578125 0.0390625 0.009375
0 0.84140625 0.83125 0.040625 0.009375
1 0.78203125 0.9390625 0.046875 0.0421875
4 0.4859375 0.96875 0.1375 0.0625
3 0.7640625 0.62265625 0.0625 0.046875
5 0.83125 0.534375 0.053125 0.046875
1 0.78359375 0.3140625 0.05625 0.046875
1 0.80234375 0.3515625 0.040625 0.0375
1 0.77734375 0.2421875 0.046875 0.046875
3 0.75078125 0.14375 0.046875 0.078125
5 0.81875 0.44921875 0.059375 0.0640625
0 0.79609375 0.38671875 0.028125 0.0171875
4 0.13984375 0.63671875 0.1171875 0.0515625
4 0.30546875 0.95703125 0.1109375 0.065625
4 0.62578125 0.959375 0.059375 0.021875
4 0.05078125 0.59609375 0.1015625 0.0578125