3 0.6921875 0.58359375 0.2140625 0.225
2 0.821875 0.209375 0.1890625 0.11953125
3 0.23359375 0.6703125 0.18046875 0.22421875
3 0.07109375 0.2859375 0.0984375 0.08046875
0 0.2453125 0.30078125 0.0375 0.1
0 0.409375 0.2984375 0.03359375 0.09921875
3 0.18125 0.54140625 0.13671875 0.15859375
3 0.51328125 0.3296875 0.09453125 0.14765625
1 0.11640625 0.40390625 0.09765625 0.15625
0 0.28828125 0.28984375 0.028125 0.0890625
5 0.096875 0.09296875 0.05 0.0875
4 0.0484375 0.34140625 0.03515625 0.1078125
4 0.0296875 0.5125 0.04765625 0.12734375
3 0.29375 0.20625 0.0421875 0.03515625
0 0.31171875 0.23671875 0.02421875 0.06875
0 0.3484375 0.3984375 0.06015625 0.13828125
0 0.17265625 0.28515625 0.0390625 0.08828125
0 0.4046875 0.48828125 0.05703125 0.18203125
3 0.246875 0.23125 0.0546875 0.06171875
3 0.1484375 0.20078125 0.04765625 0.0703125
0 0.07890625 0.203125 0.021875 0.0671875
4 0.1046875 0.2765625 0.02109375 0.090625
1 0.35703125 0.2828125 0.06484375 0.1359375
0 0.184375 0.190625 0.0125 0.06484375
3 0.94140625 0.5703125 0.11640625 0.2078125
5 0.62578125 0.175 0.1171875 0.090625