1 0.3234375 0.57109375 0.115625 0.075
1 0.246875 0.81875 0.0796875 0.0421875
3 0.6359375 0.1390625 0.275 0.278125
3 0.475 0.2765625 0.190625 0.1796875
3 0.6984375 0.76015625 0.2703125 0.196875
3 0.54765625 0.82109375 0.171875 0.14375
0 0.2875 0.74921875 0.090625 0.03125
0 0.4390625 0.06328125 0.10625 0.075
3 0.31328125 0.4953125 0.096875 0.0953125
0 0.27890625 0.79609375 0.08125 0.0328125
3 0.4 0.4875 0.1140625 0.121875
3 0.22578125 0.71875 0.053125 0.04375
3 0.29375 0.6671875 0.10625 0.0765625
0 0.32578125 0.709375 0.09375 0.0375
3 0.503125 0.040625 0.128125 0.0796875
3 0.36328125 0.3140625 0.13125 0.15625
3 0.2515625 0.0703125 0.09375 0.1125
0 0.1734375 0.90859375 0.05 0.0203125
0 0.25390625 0.7796875 0.075 0.0234375
1 0.57578125 0.50390625 0.271875 0.1640625
4 0.42734375 0.9515625 0.153125 0.04375
1 0.196875 0.80546875 0.034375 0.0328125
1 0.81015625 0.2109375 0.371875 0.23125
0 0.39765625 0.86640625 0.16875 0.0484375
4 0.50625 0.9640625 0.13125 0.06875
3 0.190625 0.75546875 0.059375 0.034375
3 0.2109375 0.6984375 0.04375 0.0375
4 0.83046875 0.9265625 0.184375 0.0890625
3 0.3390625 0.88125 0.125 0.0953125
0 0.1859375 0.89453125 0.065625 0.0125
1 0.21015625 0.8578125 0.08125 0.034375
0 0.2296875 0.86484375 0.08125 0.01875
5 0.10234375 0.8328125 0.1140625 0.075
0 0.25 0.6078125 0.075 0.0171875
3 0.23046875 0.171875 0.071875 0.06875