3 0.18515625 0.5421875 0.14140625 0.1625
0 0.65859375 0.434375 0.06484375 0.1609375
3 0.23515625 0.6828125 0.1984375 0.23203125
0 0.29453125 0.2984375 0.03203125 0.0703125
0 0.3515625 0.2890625 0.03125 0.08984375
0 0.834375 0.55078125 0.09453125 0.22421875
1 0.3125 0.44375 0.1109375 0.20625
0 0.4703125 0.4578125 0.065625 0.17109375
2 0.20390625 0.21953125 0.0984375 0.15859375
0 0.13203125 0.3796875 0.05 0.10625
3 0.49296875 0.303125 0.0890625 0.09765625
1 0.98046875 0.25703125 0.03828125 0.1109375
0 0.4015625 0.309375 0.04296875 0.09609375
3 0.37421875 0.2421875 0.0609375 0.05
4 0.3515625 0.8765625 0.05625 0.246875
4 0.23125 0.803125 0.0453125 0.23359375
4 0.06328125 0.784375 0.10390625 0.26015625
4 0.084375 0.34921875 0.025 0.125
4 0.046875 0.45859375 0.05390625 0.21328125
3 0.1296875 0.33046875 0.075 0.09140625
3 0.26328125 0.203125 0.04921875 0.05703125
1 0.6359375 0.2109375 0.05234375 0.05
1 0.7640625 0.21796875 0.05390625 0.0484375
3 0.8328125 0.23515625 0.0640625 0.0640625
3 0.7890625 0.253125 0.06953125 0.03828125
3 0.92109375 0.2390625 0.07890625 0.08828125
1 0.58046875 0.19375 0.028125 0.04296875
5 0.41171875 0.1171875 0.1171875 0.134375
0 0.51875 0.1859375 0.02109375 0.04609375
0 0.1015625 0.21171875 0.02109375 0.0671875