3 0.72890625 0.625 0.2375 0.28359375
3 0.79296875 0.459375 0.1765625 0.17421875
0 0.44609375 0.42421875 0.046875 0.1546875
0 0.4328125 0.34453125 0.03984375 0.128125
3 0.49375 0.29765625 0.1 0.1265625
3 0.31875 0.29453125 0.0828125 0.1015625
3 0.24140625 0.70546875 0.19765625 0.29609375
3 0.18046875 0.5640625 0.165625 0.20234375
1 0.115625 0.428125 0.096875 0.18359375
0 0.93203125 0.25859375 0.0203125 0.07265625
0 0.95078125 0.2671875 0.028125 0.07109375
0 0.196875 0.3203125 0.0328125 0.10625
3 0.2609375 0.253125 0.02421875 0.08671875
1 0.225 0.2265625 0.0453125 0.08359375
3 0.1765625 0.24453125 0.0546875 0.07265625
4 0.0375 0.50625 0.0609375 0.1359375
4 0.05234375 0.38984375 0.0296875 0.07890625
4 0.0359375 0.29765625 0.02421875 0.06796875
5 0.2625 0.16015625 0.09296875 0.1046875
5 0.3 0.10703125 0.0671875 0.09140625
5 0.11484375 0.13046875 0.04140625 0.07890625
5 0.1421875 0.12265625 0.02578125 0.06640625
2 0.0625 0.13984375 0.05390625 0.08828125
5 0.15703125 0.071875 0.0484375 0.07578125
0 0.13203125 0.21015625 0.021875 0.05546875
1 0.1734375 0.17578125 0.0359375 0.04609375
0 0.08203125 0.215625 0.02890625 0.05703125
0 0.503125 0.1796875 0.0140625 0.0359375
1 0.528125 0.18046875 0.03046875 0.04296875
1 0.4515625 0.17734375 0.03671875 0.040625
3 0.70078125 0.2375 0.078125 0.04140625
3 0.9859375 0.2578125 0.02734375 0.10078125