1 0.2875 0.2625 0.05625 0.0984375
1 0.5890625 0.771875 0.20546875 0.3734375
1 0.11875 0.41796875 0.09765625 0.16328125
0 0.1609375 0.24765625 0.021875 0.07421875
1 0.18515625 0.19453125 0.03359375 0.0578125
1 0.47265625 0.17265625 0.02109375 0.0328125
5 0.3984375 0.21015625 0.065625 0.11171875
1 0.38515625 0.14609375 0.0203125 0.01796875
1 0.096875 0.16171875 0.03046875 0.0484375
3 0.940625 0.796875 0.11796875 0.31796875
3 0.84453125 0.58203125 0.23671875 0.2421875
3 0.6890625 0.40546875 0.15546875 0.16484375
3 0.53984375 0.328125 0.11328125 0.14453125
3 0.39453125 0.31796875 0.08671875 0.1171875
3 0.4421875 0.29296875 0.05 0.09609375
3 0.2359375 0.7 0.18046875 0.246875
3 0.1765625 0.5515625 0.16171875 0.18671875
4 0.01484375 0.346875 0.0296875 0.10625
4 0.03203125 0.3296875 0.01640625 0.12109375
4 0.05 0.3421875 0.01953125 0.12109375
3 0.1 0.27734375 0.07734375 0.1
3 0.10234375 0.20625 0.04921875 0.040625
3 0.13671875 0.19140625 0.03515625 0.05625
3 0.05625 0.18671875 0.0390625 0.06015625
3 0.2640625 0.2421875 0.05234375 0.06015625
3 0.2671875 0.190625 0.0375 0.0390625
3 0.2140625 0.21640625 0.04140625 0.0640625
2 0.578125 0.1765625 0.1125 0.11015625
2 0.30546875 0.12421875 0.053125 0.06640625
5 0.15859375 0.078125 0.034375 0.04765625
2 0.2109375 0.1515625 0.0671875 0.078125
5 0.11953125 0.128125 0.03359375 0.053125
3 0.73828125 0.2234375 0.075 0.0328125
0 0.884375 0.23984375 0.02890625 0.0546875
4 0.03515625 0.50078125 0.05546875 0.1609375