1 0.965625 0.2390625 0.06875 0.090625
2 0.8609375 0.6953125 0.278125 0.609375
3 0.140625 0.5390625 0.159375 0.178125
1 0.11171875 0.1828125 0.0453125 0.0765625
3 0.1921875 0.70390625 0.215625 0.2796875
3 0.084375 0.31640625 0.078125 0.1171875
3 0.0796875 0.13046875 0.0328125 0.0484375
0 0.296875 0.23125 0.03125 0.0921875
0 0.26328125 0.4796875 0.065625 0.1796875
0 0.175 0.22578125 0.0296875 0.065625
0 0.1984375 0.23828125 0.0390625 0.1
0 0.05390625 0.15 0.028125 0.0546875
5 0.409375 0.25390625 0.13125 0.21875
0 0.31953125 0.21875 0.01875 0.0859375
4 0.02578125 0.86796875 0.0515625 0.15625
4 0.02265625 0.778125 0.0453125 0.103125
4 0.01328125 0.4609375 0.025 0.2109375
4 0.03046875 0.44609375 0.025 0.1890625
4 0.14921875 0.396875 0.034375 0.090625
0 0.128125 0.21796875 0.01875 0.078125
0 0.11171875 0.12421875 0.0109375 0.040625
0 0.13359375 0.12421875 0.0109375 0.0328125
3 0.15078125 0.1421875 0.0265625 0.0421875
3 0.1640625 0.1671875 0.028125 0.05625
0 0.19453125 0.171875 0.025 0.028125
4 0.47421875 0.73984375 0.0421875 0.203125
4 0.559375 0.80390625 0.053125 0.346875
4 0.475 0.9046875 0.053125 0.190625
0 0.94296875 0.25 0.025 0.05625