3 0.3609375 0.64765625 0.1265625 0.11875
3 0.71640625 0.25078125 0.271875 0.203125
3 0.35 0.47421875 0.121875 0.1
3 0.55859375 0.19140625 0.16875 0.15
5 0.1234375 0.21640625 0.096875 0.065625
5 0.28359375 0.265625 0.2125 0.1
3 0.20703125 0.1453125 0.06875 0.0484375
5 0.56171875 0.96875 0.2453125 0.0625
0 0.4078125 0.56640625 0.146875 0.053125
1 0.1859375 0.1921875 0.040625 0.04375
1 0.1578125 0.09375 0.0578125 0.0296875
4 0.39296875 0.1484375 0.175 0.0453125
3 0.234375 0.19921875 0.071875 0.053125
3 0.1625 0.12890625 0.059375 0.0390625
0 0.396875 0.30390625 0.146875 0.0390625
4 0.34296875 0.06171875 0.090625 0.0375
4 0.86875 0.07265625 0.1625 0.103125
4 0.5046875 0.0390625 0.1859375 0.071875
3 0.34296875 0.13046875 0.1296875 0.096875
0 0.4265625 0.38125 0.1625 0.046875
0 0.33515625 0.3625 0.1109375 0.0328125
0 0.39453125 0.44140625 0.15625 0.04375
0 0.29296875 0.4234375 0.1015625 0.028125
3 0.2796875 0.353125 0.115625 0.09375
5 0.18125 0.38515625 0.1765625 0.125