5 0.2796875 0.265625 0.1703125 0.16875
5 0.1890625 0.76640625 0.1515625 0.0875
3 0.690625 0.79296875 0.2765625 0.221875
5 0.2359375 0.490625 0.18125 0.1765625
3 0.315625 0.896875 0.09375 0.0703125
2 0.66171875 0.30703125 0.675 0.6
2 0.8890625 0.95234375 0.221875 0.075
4 0.453125 0.94609375 0.18125 0.034375
4 0.4578125 0.97265625 0.19375 0.0515625
0 0.18125 0.84140625 0.06875 0.025
4 0.35390625 0.80859375 0.15 0.0578125
3 0.5390625 0.84140625 0.165625 0.153125
3 0.259375 0.02734375 0.103125 0.0546875
0 0.178125 0.875 0.08125 0.0375
4 0.4 0.8921875 0.128125 0.0421875
4 0.821875 0.55859375 0.334375 0.059375
4 0.84375 0.40625 0.3125 0.096875
4 0.77265625 0.94921875 0.1125 0.05
0 0.17890625 0.92265625 0.0625 0.01875
1 0.159375 0.9265625 0.0578125 0.028125
4 0.3015625 0.98515625 0.10625 0.0296875
3 0.20703125 0.9625 0.078125 0.0296875
0 0.23046875 0.79375 0.09375 0.0265625
0 0.11875 0.9046875 0.0453125 0.015625
5 0.05 0.88671875 0.053125 0.040625
5 0.08671875 0.74375 0.078125 0.053125
3 0.0828125 0.8328125 0.0375 0.021875
3 0.21171875 0.18203125 0.071875 0.0515625
0 0.225 0.14296875 0.0515625 0.028125
4 0.9734375 0.62734375 0.053125 0.046875