3 0.440625 0.5484375 0.2109375 0.165625
4 0.1578125 0.73984375 0.3046875 0.059375
5 0.68359375 0.0671875 0.44375 0.134375
3 0.30546875 0.7390625 0.1625 0.19375
1 0.6 0.4109375 0.175 0.1140625
3 0.35703125 0.13359375 0.271875 0.246875
3 0.41171875 0.80703125 0.1828125 0.1625
1 0.56328125 0.87578125 0.1734375 0.115625
2 0.70390625 0.72421875 0.2703125 0.1640625
0 0.7484375 0.834375 0.1125 0.0375
3 0.7328125 0.6203125 0.0828125 0.0375
0 0.796875 0.909375 0.075 0.015625
4 0.63515625 0.95234375 0.1296875 0.021875
3 0.70859375 0.9265625 0.084375 0.04375
0 0.86015625 0.89453125 0.0375 0.0125
0 0.85703125 0.86328125 0.04375 0.0125
0 0.85078125 0.8359375 0.04375 0.009375
4 0.53984375 0.78046875 0.08125 0.040625
4 0.45625 0.9609375 0.1453125 0.0671875
2 0.79765625 0.14296875 0.1375 0.121875