5 0.83125 0.66875 0.109375 0.125
3 0.30390625 0.7953125 0.271875 0.2375
2 0.85234375 0.9203125 0.103125 0.078125
3 0.47421875 0.23828125 0.1375 0.240625
4 0.140625 0.78203125 0.16875 0.0859375
0 0.46875 0.51796875 0.19375 0.0625
4 0.1359375 0.94765625 0.171875 0.090625
1 0.303125 0.2140625 0.2828125 0.2375
0 0.52734375 0.66171875 0.175 0.0390625
3 0.66875 0.696875 0.1 0.090625
3 0.671875 0.8921875 0.096875 0.0703125
4 0.30390625 0.94765625 0.228125 0.059375
3 0.56015625 0.51875 0.153125 0.1625
3 0.73515625 0.596875 0.0984375 0.0609375
3 0.47578125 0.06796875 0.2125 0.1359375
0 0.5859375 0.27890625 0.09375 0.046875
1 0.8796875 0.615625 0.0625 0.084375
4 0.54765625 0.99296875 0.18125 0.0140625
3 0.45390625 0.84140625 0.1640625 0.1578125
0 0.715625 0.6515625 0.1 0.0328125
4 0.5828125 0.8671875 0.0875 0.025
3 0.76171875 0.7203125 0.0609375 0.0921875
3 0.659375 0.36328125 0.128125 0.1125
1 0.65703125 0.790625 0.134375 0.078125
4 0.54140625 0.975 0.2 0.05
4 0.54765625 0.91171875 0.084375 0.034375
3 0.76640625 0.821875 0.071875 0.0671875
3 0.7890625 0.94375 0.071875 0.0734375
3 0.78046875 0.17109375 0.084375 0.08125
1 0.73359375 0.5609375 0.05 0.053125
0 0.6140625 0.2140625 0.14375 0.04375
0 0.61875 0.25859375 0.1453125 0.0375
0 0.80625 0.425 0.053125 0.025
1 0.115625 0.2140625 0.23125 0.2890625
0 0.784375 0.86640625 0.078125 0.021875
0 0.81875 0.76171875 0.040625 0.021875
0 0.8171875 0.77890625 0.0734375 0.0140625
0 0.5953125 0.6828125 0.1375 0.028125
0 0.61171875 0.3203125 0.11875 0.0328125
3 0.70859375 0.94765625 0.08125 0.06875
5 0.8265625 0.49453125 0.059375 0.046875
5 0.809375 0.378125 0.05 0.053125