2 0.40859375 0.1609375 0.2828125 0.259375
3 0.68046875 0.37265625 0.25625 0.259375
3 0.79296875 0.08359375 0.3234375 0.1671875
1 0.2796875 0.82890625 0.1 0.065625
3 0.73359375 0.77890625 0.290625 0.2359375
3 0.5671875 0.83203125 0.165625 0.1546875
0 0.35546875 0.64609375 0.11875 0.046875
3 0.34765625 0.89140625 0.1 0.0859375
0 0.30859375 0.7390625 0.109375 0.0359375
3 0.35 0.35625 0.1 0.0875
0 0.325 0.68203125 0.125 0.0328125
0 0.46171875 0.62109375 0.1625 0.0546875
0 0.425 0.3921875 0.10625 0.059375
3 0.2453125 0.8828125 0.0671875 0.065625
4 0.5296875 0.97578125 0.121875 0.0484375
0 0.33046875 0.71015625 0.1375 0.03125
1 0.3578125 0.46796875 0.165625 0.13125
0 0.415625 0.51015625 0.121875 0.0515625
4 0.8234375 0.92578125 0.1 0.05625
3 0.1859375 0.8046875 0.05 0.0328125
5 0.16875 0.75390625 0.1140625 0.0875
4 0.35 0.95703125 0.090625 0.0375
0 0.38828125 0.875 0.109375 0.0515625
3 0.29375 0.62109375 0.0875 0.0625
4 0.9640625 0.4921875 0.071875 0.09375
4 0.915625 0.9484375 0.15 0.071875
5 0.20703125 0.61796875 0.16875 0.1171875
0 0.68671875 0.5703125 0.290625 0.090625
1 0.22265625 0.2953125 0.05625 0.053125
3 0.24609375 0.2078125 0.04375 0.071875
0 0.540625 0.296875 0.153125 0.06875
1 0.175 0.51484375 0.04375 0.0328125
0 0.1875 0.48203125 0.05625 0.025
0 0.16328125 0.83828125 0.05 0.0125
1 0.1671875 0.8890625 0.0515625 0.03125
0 0.20078125 0.9125 0.05625 0.015625
0 0.17265625 0.940625 0.05625 0.021875
3 0.2390625 0.9515625 0.071875 0.028125
0 0.16953125 0.921875 0.046875 0.009375
0 0.14453125 0.91171875 0.0421875 0.009375
0 0.203125 0.84609375 0.03125 0.0203125