2 0.4765625 0.4640625 0.30546875 0.44375
3 0.23984375 0.690625 0.190625 0.2515625
1 0.69140625 0.39140625 0.0953125 0.14765625
3 0.1875 0.54609375 0.14296875 0.16953125
3 0.77734375 0.50546875 0.190625 0.1828125
0 0.3015625 0.24296875 0.0484375 0.11875
3 0.240625 0.2359375 0.05390625 0.065625
5 0.96328125 0.553125 0.0625 0.20703125
0 0.1375 0.10234375 0.03515625 0.06484375
1 0.475 0.16953125 0.02578125 0.034375
0 0.1625 0.18984375 0.03671875 0.084375
3 0.95 0.75546875 0.0890625 0.26328125
1 0.721875 0.834375 0.24375 0.309375
1 0.228125 0.17578125 0.034375 0.0515625
0 0.12421875 0.20078125 0.025 0.07890625
2 0.98515625 0.21640625 0.02890625 0.21015625
0 0.1109375 0.20078125 0.0203125 0.0625
4 0.0734375 0.84453125 0.0671875 0.16171875
0 0.05546875 0.1796875 0.06640625 0.05390625
2 0.56015625 0.16328125 0.12421875 0.10390625
2 0.28984375 0.1078125 0.0640625 0.065625
5 0.2390625 0.1125 0.0453125 0.05546875
3 0.13515625 0.3265625 0.06328125 0.08828125
0 0.184375 0.2859375 0.0234375 0.11953125
4 0.15 0.27109375 0.025 0.05078125
3 0.07265625 0.3015625 0.059375 0.084375
4 0.1890625 0.41484375 0.03671875 0.090625
4 0.146875 0.4234375 0.02890625 0.0609375
4 0.0234375 0.45859375 0.0296875 0.20078125
4 0.04453125 0.4640625 0.025 0.20703125
4 0.084375 0.4640625 0.0265625 0.18671875
4 0.08046875 0.7734375 0.0484375 0.09375
4 0.2234375 0.8546875 0.07109375 0.128125
3 0.82578125 0.23203125 0.0671875 0.053125