5 0.584375 0.2171875 0.2109375 0.2625
4 0.88125 0.246875 0.025 0.103125
0 0.78515625 0.24453125 0.021875 0.0984375
5 0.73359375 0.13515625 0.090625 0.184375
5 0.58046875 0.11875 0.153125 0.159375
5 0.97109375 0.02578125 0.0578125 0.0515625
1 0.57578125 0.675 0.1625 0.3515625
3 0.940625 0.35234375 0.11875 0.15
3 0.803125 0.67265625 0.19375 0.303125
3 0.87890625 0.51953125 0.1625 0.19375
3 0.32734375 0.3453125 0.165625 0.19375
3 0.11484375 0.4390625 0.1953125 0.1796875
3 0.07421875 0.72578125 0.1484375 0.3515625
3 0.45625 0.2703125 0.06875 0.109375
0 0.94765625 0.15625 0.0234375 0.075
0 0.95234375 0.1046875 0.034375 0.0640625
0 0.8515625 0.20546875 0.025 0.090625
0 0.88515625 0.12109375 0.015625 0.065625
3 0.84609375 0.11171875 0.040625 0.05625
0 0.225 0.52421875 0.08125 0.225
0 0.390625 0.45546875 0.065625 0.19375
0 0.63828125 0.36015625 0.046875 0.16875
0 0.75 0.35703125 0.040625 0.175
0 0.72265625 0.30625 0.0375 0.1234375
4 0.9015625 0.840625 0.059375 0.303125
1 0.3109375 0.14765625 0.0421875 0.065625
1 0.1046875 0.196875 0.08125 0.075