3 0.315625 0.21484375 0.290625 0.240625
1 0.5390625 0.4140625 0.2140625 0.11875
3 0.71171875 0.60390625 0.115625 0.128125
1 0.0578125 0.74453125 0.115625 0.35625
3 0.76640625 0.296875 0.096875 0.084375
1 0.7578125 0.38125 0.0859375 0.0734375
3 0.71171875 0.10546875 0.0953125 0.0875
3 0.39453125 0.978125 0.2734375 0.04375
3 0.48125 0.16953125 0.171875 0.159375
1 0.76484375 0.46328125 0.0671875 0.071875
3 0.5625 0.91328125 0.165625 0.1734375
3 0.6390625 0.3734375 0.1234375 0.1125
3 0.68203125 0.46015625 0.103125 0.1046875
1 0.375 0.61328125 0.290625 0.1484375
1 0.8515625 0.1078125 0.071875 0.04375
3 0.5390625 0.740625 0.14375 0.228125
4 0.1328125 0.053125 0.1375 0.078125
4 0.0375 0.41015625 0.075 0.05625
0 0.3078125 0.828125 0.2375 0.1125
3 0.8375 0.24375 0.04375 0.0515625
5 0.84453125 0.85625 0.14375 0.134375
0 0.75546875 0.22578125 0.0859375 0.0375
0 0.79140625 0.15546875 0.1015625 0.046875
4 0.62109375 0.02421875 0.1515625 0.021875
4 0.709375 0.034375 0.090625 0.040625
0 0.78359375 0.21875 0.096875 0.0390625
4 0.5203125 0.02265625 0.1234375 0.0453125
3 0.628125 0.615625 0.159375 0.1375
4 0.2359375 0.0703125 0.078125 0.053125
0 0.64921875 0.1203125 0.13125 0.053125
5 0.95390625 0.1421875 0.0921875 0.0828125
1 0.8640625 0.5515625 0.05 0.071875
3 0.85859375 0.275 0.05625 0.01875
0 0.85546875 0.30390625 0.0375 0.021875
0 0.83125 0.34453125 0.05 0.015625
0 0.81640625 0.38984375 0.028125 0.0203125
0 0.67734375 0.759375 0.13125 0.0625
0 0.82109375 0.18125 0.078125 0.015625
0 0.84921875 0.071875 0.0796875 0.0203125
0 0.8859375 0.05703125 0.05 0.0125
0 0.9140625 0.08046875 0.046875 0.028125
1 0.871875 0.15625 0.034375 0.0375
3 0.85390625 0.190625 0.0625 0.0203125
3 0.8734375 0.2171875 0.0484375 0.03125
3 0.7953125 0.9625 0.103125 0.075