1 0.4796875 0.73125 0.15625 0.3171875
1 0.2484375 0.33125 0.06484375 0.121875
4 0.053125 0.3609375 0.0265625 0.14453125
1 0.11875 0.40078125 0.1046875 0.11328125
1 0.22265625 0.27578125 0.05234375 0.09296875
1 0.4546875 0.49140625 0.08984375 0.12578125
3 0.703125 0.39921875 0.14375 0.14765625
3 0.25 0.69375 0.175 0.25078125
3 0.1796875 0.5640625 0.14296875 0.1890625
3 0.46640625 0.371875 0.103125 0.109375
3 0.50234375 0.309375 0.0734375 0.08671875
3 0.98046875 0.68671875 0.0390625 0.16640625
3 0.90234375 0.29921875 0.10546875 0.0703125
0 0.53046875 0.51328125 0.0484375 0.1734375
0 0.56015625 0.36484375 0.04140625 0.11953125
0 0.74140625 0.55 0.06640625 0.19296875
0 0.7953125 0.42265625 0.0390625 0.13203125
0 0.71328125 0.80234375 0.07421875 0.30390625
0 0.35078125 0.3578125 0.02890625 0.11328125
0 0.3265625 0.31484375 0.0265625 0.0890625
4 0.0359375 0.51171875 0.04765625 0.12578125
4 0.25234375 0.846875 0.034375 0.30625
5 0.38671875 0.18125 0.12265625 0.2046875
5 0.1625 0.11640625 0.05390625 0.090625
1 0.73125 0.221875 0.05546875 0.0640625