3 0.43984375 0.8359375 0.18125 0.1609375
3 0.28359375 0.778125 0.271875 0.2046875
3 0.65703125 0.9 0.1125 0.0890625
2 0.3453125 0.2234375 0.690625 0.44375
1 0.82578125 0.8765625 0.053125 0.040625
5 0.8171875 0.4109375 0.059375 0.096875
1 0.73046875 0.6875 0.0875 0.05625
3 0.784375 0.9109375 0.05 0.05625
0 0.66796875 0.61015625 0.115625 0.04375
4 0.65234375 0.9703125 0.1515625 0.0578125
4 0.48125 0.98046875 0.1453125 0.0390625
0 0.69453125 0.52890625 0.109375 0.05625
0 0.64765625 0.82578125 0.134375 0.0375
4 0.121875 0.96328125 0.24375 0.0703125
3 0.77734375 0.76328125 0.075 0.05
3 0.77421875 0.8390625 0.084375 0.0484375
1 0.7859375 0.25390625 0.0484375 0.0578125
5 0.86015625 0.04765625 0.2796875 0.0953125