3 0.61171875 0.42421875 0.15625 0.1453125
1 0.15390625 0.26328125 0.06640625 0.10078125
3 0.18515625 0.55546875 0.14140625 0.1671875
1 0.1171875 0.4171875 0.103125 0.1671875
0 0.4 0.41484375 0.05859375 0.15703125
0 0.49453125 0.3390625 0.03984375 0.1140625
3 0.23359375 0.6890625 0.18515625 0.24765625
1 0.3359375 0.30625 0.0671875 0.09765625
4 0.05078125 0.34375 0.0234375 0.1203125
4 0.03984375 0.5125 0.06875 0.1328125
5 0.2625 0.21796875 0.05625 0.07421875
1 0.428125 0.365625 0.0421875 0.08671875
3 0.20078125 0.15625 0.04296875 0.03125
1 0.896875 0.26328125 0.053125 0.07265625
0 0.1 0.134375 0.03203125 0.05390625
3 0.234375 0.184375 0.040625 0.05546875
0 0.54453125 0.58125 0.08359375 0.21640625
3 0.190625 0.19296875 0.040625 0.046875
0 0.72109375 0.8296875 0.1015625 0.340625
4 0.26015625 0.796875 0.065625 0.22265625
0 0.25859375 0.28515625 0.02734375 0.0921875
1 0.13046875 0.203125 0.0359375 0.05390625
3 0.15390625 0.1796875 0.02890625 0.0453125
1 0.09765625 0.1859375 0.03203125 0.0609375
3 0.1296875 0.146875 0.028125 0.04453125
5 0.15390625 0.109375 0.04765625 0.09453125
4 0.07265625 0.3046875 0.015625 0.06640625