4 0.07265625 0.80078125 0.12890625 0.20703125
4 0.27421875 0.77109375 0.115625 0.27421875
3 0.2546875 0.68359375 0.21484375 0.2953125
4 0.33125 0.57890625 0.0578125 0.18828125
0 0.4234375 0.62890625 0.05625 0.28828125
3 0.72109375 0.44765625 0.209375 0.23046875
3 0.946875 0.63515625 0.10625 0.4640625
0 0.4828125 0.41953125 0.06640625 0.1671875
0 0.43359375 0.3359375 0.0421875 0.1296875
0 0.45859375 0.35703125 0.046875 0.13515625
3 0.18671875 0.56953125 0.178125 0.2359375
1 0.32734375 0.3765625 0.1078125 0.159375
3 0.35859375 0.26484375 0.08828125 0.1140625
1 0.28046875 0.29921875 0.06015625 0.1109375
4 0.0484375 0.48515625 0.0625 0.16796875
4 0.0359375 0.5078125 0.06953125 0.14296875
4 0.053125 0.3515625 0.0328125 0.12109375
4 0.0734375 0.35 0.04375 0.1203125
3 0.16875 0.3953125 0.1203125 0.15546875
3 0.06015625 0.29375 0.0734375 0.12265625
3 0.18984375 0.2046875 0.0421875 0.08125
0 0.2296875 0.20625 0.01875 0.0640625
0 0.24296875 0.22734375 0.02265625 0.0828125
3 0.05390625 0.1984375 0.05 0.08359375
0 0.10546875 0.19296875 0.0234375 0.06875
3 0.08125 0.1421875 0.02734375 0.0515625
3 0.15078125 0.14140625 0.03203125 0.05
0 0.140625 0.14296875 0.02421875 0.04296875
3 0.26171875 0.190625 0.03671875 0.0984375
3 0.29609375 0.21484375 0.0515625 0.08671875
1 0.90625 0.21875 0.08203125 0.14609375
3 0.40859375 0.1484375 0.05625 0.05390625
0 0.43203125 0.1625 0.03203125 0.01875
0 0.46796875 0.17265625 0.01796875 0.03515625
5 0.3515625 0.12578125 0.05859375 0.0796875
5 0.1765625 0.08828125 0.03515625 0.059375
2 0.98984375 0.20703125 0.0203125 0.2140625
3 0.64609375 0.20546875 0.046875 0.03515625
0 0.66953125 0.209375 0.0328125 0.02734375
5 0.25859375 0.115625 0.0296875 0.04765625
0 0.2609375 0.128125 0.01171875 0.021875
1 0.203125 0.1 0.01484375 0.03671875
0 0.21875 0.10625 0.0140625 0.03828125
5 0.12265625 0.07109375 0.02734375 0.040625