3 0.23671875 0.684375 0.2 0.265625
3 0.64921875 0.74921875 0.25625 0.321875
2 0.27109375 0.2390625 0.159375 0.271875
3 0.6328125 0.43828125 0.140625 0.1390625
0 0.7890625 0.45 0.0625 0.10625
3 0.17890625 0.5421875 0.15 0.165625
3 0.12109375 0.33671875 0.0875 0.10625
0 0.871875 0.6484375 0.109375 0.2578125
3 0.9421875 0.24140625 0.10625 0.0765625
0 0.69921875 0.49609375 0.0765625 0.196875
3 0.69609375 0.3546875 0.1421875 0.125
0 0.7375 0.38515625 0.0546875 0.090625
0 0.64609375 0.515625 0.065625 0.15625
4 0.0609375 0.81875 0.075 0.1578125
3 0.43515625 0.4515625 0.1296875 0.2109375
0 0.89296875 0.484375 0.0671875 0.159375
0 0.8171875 0.55078125 0.090625 0.178125
0 0.55625 0.34453125 0.03125 0.11875
3 0.53515625 0.2984375 0.08125 0.071875
1 0.5 0.39296875 0.0734375 0.1375
1 0.365625 0.38984375 0.06875 0.15
0 0.37734375 0.27578125 0.015625 0.071875
0 0.3765625 0.2734375 0.025 0.071875
0 0.41328125 0.278125 0.01875 0.06875
3 0.44921875 0.3140625 0.08125 0.0578125
0 0.159375 0.2421875 0.0203125 0.071875
3 0.14609375 0.1734375 0.0296875 0.0484375
0 0.1234375 0.2328125 0.021875 0.0703125
0 0.1140625 0.20078125 0.015625 0.0421875
0 0.14375 0.21875 0.0140625 0.065625
0 0.18046875 0.225 0.01875 0.065625
3 0.175 0.196875 0.028125 0.034375
0 0.09609375 0.1609375 0.0125 0.0453125
0 0.0828125 0.1515625 0.0125 0.04375
0 0.125 0.159375 0.009375 0.0390625
0 0.16953125 0.15234375 0.009375 0.040625
1 0.0625 0.21171875 0.0421875 0.046875
4 0.03203125 0.503125 0.0640625 0.1375
3 0.37578125 0.22890625 0.046875 0.0609375
5 0.4625 0.1625 0.046875 0.053125
1 0.68125 0.209375 0.046875 0.05625
1 0.64375 0.19140625 0.0375 0.040625
1 0.7515625 0.215625 0.0453125 0.046875
3 0.84921875 0.2421875 0.0765625 0.046875
5 0.54765625 0.175 0.0625 0.059375
0 0.60859375 0.196875 0.0171875 0.028125
4 0.36171875 0.846875 0.05 0.115625
4 0.04453125 0.68359375 0.065625 0.109375
4 0.0421875 0.365625 0.021875 0.0578125
4 0.4015625 0.9421875 0.05625 0.115625