3 0.17734375 0.1546875 0.346875 0.309375
2 0.8984375 0.30703125 0.128125 0.153125
3 0.76484375 0.5609375 0.1 0.10625
1 0.709375 0.76953125 0.159375 0.0921875
0 0.6140625 0.60234375 0.1734375 0.071875
5 0.88046875 0.7875 0.159375 0.0875
0 0.771875 0.45234375 0.1203125 0.0484375
4 0.55625 0.96796875 0.146875 0.0640625
4 0.715625 0.94765625 0.159375 0.06875
3 0.4953125 0.81953125 0.1875 0.171875
3 0.8515625 0.6578125 0.0703125 0.06875
3 0.84140625 0.69765625 0.0828125 0.05625
1 0.92265625 0.55078125 0.053125 0.034375
4 0.23828125 0.721875 0.2375 0.0953125
0 0.86796875 0.934375 0.05625 0.01875
3 0.9203125 0.928125 0.053125 0.03125
0 0.90859375 0.903125 0.0625 0.0171875
0 0.9078125 0.8828125 0.075 0.021875
0 0.39921875 0.475 0.290625 0.071875
0 0.85 0.1328125 0.05625 0.025
5 0.853125 0.19375 0.08125 0.090625
0 0.909375 0.4609375 0.04375 0.0171875
0 0.89609375 0.4265625 0.034375 0.0125
3 0.925 0.51796875 0.046875 0.0265625
1 0.7390625 0.7171875 0.1421875 0.05
3 0.8671875 0.74296875 0.075 0.0328125
0 0.89453125 0.84765625 0.0875 0.034375
5 0.971875 0.81484375 0.05625 0.0703125
0 0.96484375 0.92109375 0.04375 0.0203125
2 0.98203125 0.915625 0.0359375 0.05
3 0.78125 0.925 0.09375 0.034375
4 0.184375 0.9375 0.125 0.0625
3 0.32890625 0.76171875 0.2796875 0.203125