3 0.2265625 0.11484375 0.0203125 0.02734375
3 0.21875 0.17734375 0.0421875 0.04375
3 0.2359375 0.65625 0.190625 0.1796875
3 0.9125 0.259375 0.0953125 0.07734375
0 0.2703125 0.253125 0.0203125 0.0734375
1 0.31875 0.35703125 0.0859375 0.13671875
3 0.190625 0.228125 0.0515625 0.06171875
3 0.18125 0.540625 0.14453125 0.15859375
3 0.48828125 0.4515625 0.140625 0.175
0 0.2296875 0.3109375 0.040625 0.0984375
2 0.44140625 0.14609375 0.09296875 0.0890625
3 0.43515625 0.271875 0.08359375 0.08203125
4 0.27578125 0.75390625 0.10234375 0.19453125
1 0.1546875 0.16796875 0.03046875 0.0359375
4 0.03828125 0.5078125 0.06953125 0.1359375
0 0.69921875 0.4703125 0.07265625 0.165625
0 0.73046875 0.55703125 0.0953125 0.2453125
0 0.54765625 0.3375 0.03125 0.1078125
0 0.2390625 0.21171875 0.01328125 0.0609375
3 0.478125 0.36015625 0.109375 0.084375
4 0.0546875 0.8296875 0.09765625 0.178125
4 0.05 0.34296875 0.02578125 0.13203125
4 0.071875 0.353125 0.01953125 0.09765625
0 0.15859375 0.3171875 0.03125 0.07734375
3 0.13046875 0.415625 0.1203125 0.1328125
0 0.28984375 0.259375 0.0125 0.05625
0 0.31015625 0.275 0.01796875 0.028125
0 0.30546875 0.2375 0.025 0.03984375
0 0.2546875 0.20625 0.01328125 0.06640625
0 0.18046875 0.18046875 0.01484375 0.028125
0 0.15078125 0.2328125 0.01796875 0.0703125
3 0.16484375 0.19609375 0.0265625 0.040625
0 0.10625 0.1859375 0.0125 0.05625
3 0.12890625 0.1578125 0.02578125 0.03828125
3 0.10703125 0.12265625 0.02265625 0.0265625
0 0.1125 0.14453125 0.009375 0.03671875
0 0.090625 0.14453125 0.01171875 0.03984375
5 0.18125 0.09296875 0.03046875 0.04375
0 0.23125 0.11953125 0.0125 0.01484375
5 0.1046875 0.0609375 0.0234375 0.034375
5 0.51796875 0.1796875 0.0421875 0.05
0 0.6484375 0.20390625 0.01640625 0.02890625