1 0.696875 0.6046875 0.1171875 0.09375
3 0.784375 0.77578125 0.078125 0.0703125
3 0.6109375 0.34296875 0.1578125 0.1484375
3 0.2921875 0.78984375 0.28125 0.240625
3 0.67578125 0.896875 0.10625 0.08125
0 0.6796875 0.77109375 0.1171875 0.0484375
4 0.14375 0.51015625 0.2484375 0.0828125
3 0.45546875 0.83984375 0.16875 0.15625
3 0.7875 0.3 0.0609375 0.09375
0 0.6265625 0.67734375 0.1375 0.0515625
2 0.371875 0.09375 0.721875 0.1875
4 0.49453125 0.978125 0.11875 0.04375
4 0.8390625 0.94140625 0.09375 0.0234375
0 0.85703125 0.87265625 0.078125 0.021875
0 0.8234375 0.81640625 0.0640625 0.0484375
0 0.77734375 0.82890625 0.075 0.03125