0 0.959375 0.6078125 0.08125 0.209375
3 0.240625 0.68828125 0.19453125 0.2578125
0 0.51796875 0.57109375 0.075 0.2125
5 0.4890625 0.41328125 0.15390625 0.27578125
3 0.6234375 0.41953125 0.12109375 0.1703125
3 0.18515625 0.54609375 0.1390625 0.17109375
3 0.190625 0.41640625 0.12109375 0.10859375
1 0.09765625 0.20234375 0.046875 0.08359375
0 0.14296875 0.16328125 0.01640625 0.059375
0 0.9140625 0.521875 0.0875 0.1859375
5 0.3890625 0.246875 0.1140625 0.12734375
0 0.21640625 0.27890625 0.03828125 0.084375
3 0.2484375 0.24921875 0.0671875 0.08828125
0 0.14375 0.165625 0.01640625 0.046875
5 0.63515625 0.2015625 0.0875 0.053125
3 0.93203125 0.25546875 0.12578125 0.08671875
3 0.07109375 0.29609375 0.0609375 0.08984375
5 0.33203125 0.178125 0.10546875 0.175
0 0.3765625 0.2890625 0.0203125 0.10078125
3 0.125 0.3359375 0.084375 0.11171875
3 0.82421875 0.23125 0.0640625 0.06015625
0 0.11953125 0.128125 0.0421875 0.04609375
0 0.3953125 0.52734375 0.0453125 0.20078125
0 0.1859375 0.22578125 0.01953125 0.06953125
5 0.23046875 0.17265625 0.06015625 0.0703125
0 0.1375 0.34296875 0.02578125 0.0578125
4 0.0546875 0.4765625 0.03125 0.203125
4 0.0828125 0.8015625 0.0828125 0.13203125
4 0.2578125 0.97109375 0.03671875 0.0578125
3 0.73984375 0.23671875 0.071875 0.046875
3 0.97890625 0.43828125 0.0421875 0.1203125