3 0.234375 0.65625 0.1859375 0.19765625
3 0.2453125 0.2703125 0.06875 0.065625
3 0.55390625 0.33671875 0.1140625 0.1171875
3 0.18125 0.54765625 0.1453125 0.1703125
3 0.18828125 0.175 0.046875 0.04765625
1 0.5796875 0.51171875 0.13125 0.23125
1 0.86640625 0.45078125 0.19609375 0.2296875
1 0.4078125 0.4703125 0.14140625 0.22265625
1 0.11796875 0.4109375 0.103125 0.1625
4 0.04921875 0.34609375 0.0265625 0.1171875
3 0.94921875 0.27734375 0.08984375 0.0734375
1 0.14453125 0.18046875 0.0328125 0.06015625
0 0.26484375 0.33203125 0.04296875 0.10703125
4 0.0890625 0.1375 0.02265625 0.04921875
4 0.02578125 0.46875 0.0515625 0.165625
0 0.753125 0.23515625 0.0203125 0.053125
0 0.7796875 0.225 0.0203125 0.046875
0 0.8171875 0.23984375 0.0171875 0.0234375
0 0.29296875 0.240625 0.01640625 0.07421875
0 0.28125 0.225 0.01171875 0.06171875
0 0.253125 0.20859375 0.015625 0.0375
3 0.221875 0.23125 0.03984375 0.05625
2 0.24921875 0.11171875 0.04296875 0.0546875
0 0.0890625 0.1953125 0.015625 0.06015625
0 0.10390625 0.17265625 0.01328125 0.04765625
4 0.075 0.33515625 0.02109375 0.12109375
4 0.26015625 0.79921875 0.05390625 0.24296875
4 0.19296875 0.8734375 0.071875 0.09453125
0 0.64609375 0.46640625 0.034375 0.1671875