3 0.7359375 0.7640625 0.2859375 0.2171875
3 0.59375 0.82421875 0.2375 0.1640625
0 0.36171875 0.71875 0.1359375 0.053125
1 0.1546875 0.88984375 0.05625 0.034375
2 0.540625 0.14140625 0.675 0.2828125
3 0.19296875 0.81640625 0.053125 0.059375
0 0.21875 0.79609375 0.078125 0.0328125
0 0.34609375 0.88046875 0.1375 0.0828125
5 0.1734375 0.45859375 0.065625 0.071875
3 0.1390625 0.86015625 0.040625 0.034375
4 0.35 0.9515625 0.196875 0.0703125
1 0.221875 0.16484375 0.06875 0.08125
4 0.51875 0.97265625 0.165625 0.0546875
4 0.35859375 0.89765625 0.16875 0.034375
4 0.20078125 0.94140625 0.0578125 0.015625
0 0.16796875 0.93359375 0.059375 0.0203125
5 0.05234375 0.86484375 0.0625 0.0359375
5 0.1 0.75234375 0.053125 0.065625
0 0.184375 0.4 0.0453125 0.021875
0 0.1921875 0.3546875 0.04375 0.015625
1 0.5640625 0.31171875 0.2515625 0.071875