5 0.296875 0.65078125 0.146875 0.075
3 0.7171875 0.784375 0.275 0.19375
3 0.59140625 0.84609375 0.221875 0.134375
3 0.38359375 0.4328125 0.1515625 0.1203125
0 0.3375 0.5578125 0.115625 0.034375
3 0.2859375 0.5453125 0.08125 0.0765625
0 0.63515625 0.375 0.25625 0.071875
0 0.63125 0.1984375 0.2328125 0.08125
0 0.58359375 0.1046875 0.2234375 0.0765625
0 0.93984375 0.2375 0.1203125 0.1375
0 0.3734375 0.6609375 0.140625 0.040625
4 0.821875 0.78515625 0.2765625 0.0421875
4 0.53515625 0.98203125 0.13125 0.0359375
4 0.36484375 0.990625 0.1359375 0.01875
1 0.41328125 0.9234375 0.1625 0.103125
1 0.3359375 0.76015625 0.1296875 0.06875
1 0.275 0.846875 0.109375 0.05
1 0.24453125 0.77265625 0.0546875 0.0578125
1 0.29765625 0.0578125 0.078125 0.06875
3 0.21328125 0.91875 0.065625 0.053125
3 0.18203125 0.85859375 0.0625 0.040625