3 0.34296875 0.35546875 0.1140625 0.103125
1 0.26484375 0.28671875 0.096875 0.0609375
3 0.6953125 0.25 0.1703125 0.184375
3 0.5890625 0.2 0.184375 0.1671875
1 0.29140625 0.43515625 0.1046875 0.0734375
3 0.29921875 0.17109375 0.1 0.0890625
1 0.575 0.6078125 0.23125 0.1609375
2 0.1875 0.81328125 0.196875 0.24375
5 0.31640625 0.60234375 0.1625 0.134375
0 0.215625 0.21328125 0.071875 0.0171875
4 0.91484375 0.084375 0.15625 0.0625
0 0.39609375 0.6171875 0.1171875 0.05625
0 0.171875 0.1046875 0.059375 0.0125
0 0.14140625 0.11796875 0.0375 0.009375
0 0.2953125 0.5015625 0.1171875 0.03125
5 0.1734375 0.2484375 0.0875 0.0609375
5 0.125 0.503125 0.1625 0.121875
4 0.86796875 0.28125 0.21875 0.0453125
1 0.840625 0.63671875 0.31875 0.1484375
0 0.39140625 0.5171875 0.1484375 0.0375
5 0.16796875 0.196875 0.0640625 0.034375
0 0.22265625 0.1203125 0.0875 0.01875
0 0.17578125 0.13125 0.05625 0.01875
0 0.18203125 0.07578125 0.046875 0.0140625
0 0.1453125 0.0921875 0.040625 0.0125
3 0.121875 0.11953125 0.03125 0.03125
3 0.11171875 0.0875 0.021875 0.015625
3 0.11640625 0.1 0.025 0.015625
3 0.30078125 0.065625 0.0875 0.084375
4 0.36875 0.05078125 0.134375 0.0234375
4 0.325 0.0640625 0.08125 0.0140625
4 0.54765625 0.03515625 0.1125 0.0625