0 0.28125 0.1359375 0.1078125 0.025
1 0.2046875 0.1515625 0.065625 0.0375
3 0.3234375 0.09375 0.1125 0.0796875
3 0.69453125 0.21328125 0.26875 0.2046875
3 0.53984375 0.153125 0.175 0.146875
1 0.359375 0.53671875 0.16875 0.0875
5 0.12734375 0.6625 0.2375 0.2765625
3 0.278125 0.20703125 0.1015625 0.065625
2 0.70703125 0.88515625 0.5859375 0.2296875
1 0.1984375 0.88984375 0.0421875 0.0421875
1 0.165625 0.5203125 0.053125 0.01875
3 0.2984375 0.37578125 0.115625 0.078125
3 0.15234375 0.103125 0.0484375 0.0375
4 0.3390625 0.02734375 0.171875 0.0546875
4 0.85703125 0.2375 0.1828125 0.084375
3 0.153125 0.446875 0.0296875 0.040625
3 0.1859375 0.24765625 0.0625 0.053125
0 0.21875 0.25625 0.065625 0.03125
4 0.4921875 0.0171875 0.125 0.034375
4 0.83125 0.04765625 0.140625 0.0515625
5 0.1265625 0.36328125 0.046875 0.0375
3 0.11015625 0.0640625 0.040625 0.025
2 0.06796875 0.0640625 0.0359375 0.0375
0 0.14453125 0.1296875 0.046875 0.009375
0 0.1609375 0.1890625 0.059375 0.0125
3 0.17734375 0.17421875 0.0578125 0.021875
3 0.11171875 0.1078125 0.028125 0.028125
0 0.1265625 0.08125 0.0453125 0.0140625
0 0.2953125 0.48984375 0.10625 0.021875