3 0.709375 0.77421875 0.2703125 0.20625
2 0.4140625 0.296875 0.546875 0.49375
3 0.56171875 0.8328125 0.178125 0.146875
3 0.24453125 0.75703125 0.071875 0.05
0 0.26875 0.82109375 0.084375 0.0203125
0 0.25625 0.79140625 0.0875 0.025
3 0.2796875 0.64609375 0.084375 0.08125
4 0.346875 0.965625 0.10625 0.0359375
4 0.8953125 0.94453125 0.209375 0.078125
4 0.41015625 0.89296875 0.13125 0.0421875
5 0.14609375 0.771875 0.0875 0.084375
1 0.16015625 0.9015625 0.046875 0.028125
0 0.2578125 0.875 0.065625 0.028125
5 0.21796875 0.86875 0.090625 0.05625
5 0.10546875 0.88515625 0.075 0.046875