3 0.18359375 0.53828125 0.1421875 0.15390625
1 0.54609375 0.52265625 0.12890625 0.221875
3 0.2421875 0.690625 0.2125 0.26640625
0 0.5671875 0.34453125 0.0546875 0.11875
3 0.12109375 0.33359375 0.07265625 0.1046875
3 0.6921875 0.51015625 0.175 0.19765625
2 0.915625 0.8984375 0.165625 0.1984375
3 0.26796875 0.2390625 0.06328125 0.06953125
3 0.6828125 0.403125 0.17578125 0.11953125
3 0.9203125 0.253125 0.08203125 0.0890625
0 0.48046875 0.33125 0.0734375 0.12109375
4 0.3609375 0.7515625 0.0640625 0.28828125
4 0.07421875 0.76328125 0.07734375 0.0671875
4 0.0875 0.58515625 0.04609375 0.2421875
4 0.0453125 0.46328125 0.034375 0.18828125
3 0.21015625 0.36953125 0.0953125 0.12890625
3 0.05859375 0.2296875 0.05 0.06640625
0 0.83046875 0.83671875 0.103125 0.32578125
3 0.82265625 0.228125 0.0609375 0.05703125
1 0.68515625 0.2109375 0.0453125 0.04609375
3 0.54453125 0.203125 0.0625 0.0328125
0 0.62421875 0.20390625 0.015625 0.0390625
5 0.3859375 0.13671875 0.0671875 0.06796875
3 0.1921875 0.18828125 0.04140625 0.06328125
3 0.221875 0.1875 0.03046875 0.0515625
0 0.4453125 0.1671875 0.0109375 0.04609375
3 0.41953125 0.27109375 0.05859375 0.07421875
0 0.39921875 0.3140625 0.021875 0.09765625
0 0.1171875 0.21640625 0.01953125 0.06796875
3 0.13984375 0.1625 0.03671875 0.05078125
3 0.08125 0.1625 0.025 0.04609375
0 0.09296875 0.18203125 0.01171875 0.053125
0 0.1359375 0.190625 0.01328125 0.05078125
0 0.1734375 0.20234375 0.01484375 0.05859375
0 0.10625 0.14609375 0.00859375 0.040625
0 0.11875 0.14140625 0.00703125 0.03359375
5 0.11015625 0.1 0.0484375 0.046875
0 0.0765625 0.11328125 0.00859375 0.028125
0 0.19296875 0.10703125 0.0078125 0.02734375
5 0.33828125 0.27421875 0.103125 0.2234375
0 0.29921875 0.1359375 0.009375 0.01953125
3 0.23203125 0.1234375 0.02734375 0.03125
0 0.50078125 0.178125 0.0109375 0.02890625
0 0.509375 0.18984375 0.01171875 0.03515625
0 0.5296875 0.1734375 0.0140625 0.02421875
0 0.70078125 0.22265625 0.0171875 0.03125
0 0.78515625 0.240625 0.0171875 0.0328125
0 0.934375 0.25625 0.021875 0.0453125
4 0.06484375 0.3203125 0.01640625 0.0625
4 0.04140625 0.31484375 0.0140625 0.0390625
4 0.07578125 0.41171875 0.028125 0.08671875
4 0.0828125 0.85078125 0.05 0.11484375