3 0.74921875 0.50078125 0.20234375 0.17578125
5 0.7765625 0.19140625 0.27109375 0.17578125
3 0.91328125 0.4765625 0.1671875 0.18359375
2 0.265625 0.16953125 0.08984375 0.08515625
3 0.234375 0.69453125 0.196875 0.2625
1 0.4046875 0.33515625 0.07890625 0.13125
1 0.2328125 0.21328125 0.03828125 0.05234375
1 0.11875 0.41484375 0.1015625 0.15546875
3 0.2640625 0.2484375 0.053125 0.0703125
1 0.74453125 0.903125 0.27421875 0.18984375
0 0.21484375 0.290625 0.03203125 0.0828125
3 0.95703125 0.26484375 0.08515625 0.07578125
3 0.18125 0.54453125 0.14609375 0.15703125
3 0.10625 0.28203125 0.0765625 0.08828125
0 0.31796875 0.24375 0.0203125 0.0734375
3 0.3328125 0.23671875 0.04609375 0.0671875
0 0.16796875 0.23125 0.03203125 0.06796875
3 0.665625 0.38828125 0.1234375 0.13125
4 0.02734375 0.3515625 0.02890625 0.10703125
0 0.2078125 0.23359375 0.021875 0.06171875
3 0.059375 0.1875 0.0625 0.0546875
5 0.54140625 0.28671875 0.08203125 0.18125
1 0.41171875 0.86796875 0.21875 0.2640625
2 0.48203125 0.1484375 0.09765625 0.0921875
4 0.03203125 0.503125 0.0640625 0.1328125
3 0.1265625 0.2359375 0.0484375 0.065625
1 0.1125 0.178125 0.0328125 0.04140625
2 0.27890625 0.10859375 0.04921875 0.04140625
5 0.1375 0.07578125 0.03125 0.04921875
3 0.1640625 0.20390625 0.03984375 0.04140625
5 0.184375 0.15859375 0.01015625 0.04609375
3 0.3515625 0.2984375 0.02734375 0.08125
5 0.14609375 0.134375 0.02890625 0.0453125
1 0.11875 0.14140625 0.02109375 0.02890625
4 0.053125 0.36171875 0.0234375 0.12265625