2 0.515625 0.384375 0.2890625 0.3609375
3 0.32578125 0.65078125 0.24375 0.246875
3 0.88046875 0.33125 0.08125 0.1046875
3 0.2421875 0.49765625 0.128125 0.1734375
3 0.76015625 0.7109375 0.228125 0.28125
1 0.80078125 0.34453125 0.08125 0.13125
3 0.1046875 0.66171875 0.209375 0.290625
3 0.29296875 0.3703125 0.134375 0.109375
3 0.77890625 0.19921875 0.071875 0.05625
3 0.665625 0.2203125 0.053125 0.0734375
0 0.72265625 0.26484375 0.0359375 0.10625
3 0.8140625 0.55078125 0.15625 0.1703125
1 0.8453125 0.12578125 0.0375 0.0625
0 0.78984375 0.23828125 0.034375 0.0609375
4 0.93125 0.875 0.0609375 0.1546875
0 0.209375 0.8671875 0.121875 0.265625
4 0.96640625 0.50546875 0.0671875 0.1296875
3 0.77421875 0.1515625 0.05 0.03125
0 0.89609375 0.20703125 0.021875 0.0890625
0 0.8734375 0.19765625 0.0265625 0.0734375
0 0.11796875 0.4328125 0.065625 0.14375
4 0.50546875 0.7890625 0.071875 0.2484375
5 0.08125 0.240625 0.1625 0.084375
0 0.2203125 0.21328125 0.0296875 0.0375
3 0.1640625 0.22421875 0.06875 0.065625
4 0.51328125 0.95390625 0.1 0.0921875
4 0.9515625 0.41484375 0.03125 0.171875
4 0.95859375 0.29921875 0.034375 0.059375
3 0.92265625 0.26640625 0.046875 0.0875
3 0.825 0.1609375 0.03125 0.065625
0 0.92421875 0.1546875 0.015625 0.053125
0 0.90078125 0.1421875 0.0125 0.028125
3 0.87578125 0.11640625 0.0296875 0.040625
5 0.90390625 0.07890625 0.034375 0.053125
5 0.80390625 0.121875 0.034375 0.021875
1 0.55546875 0.13984375 0.0296875 0.03125
5 0.43671875 0.21171875 0.1171875 0.0640625
1 0.453125 0.1625 0.0328125 0.03125
0 0.24765625 0.37578125 0.034375 0.053125
0 0.321875 0.46015625 0.0328125 0.115625