3 0.15625 0.81796875 0.3125 0.3640625
2 0.815625 0.6390625 0.11875 0.1421875
3 0.69375 0.40546875 0.090625 0.096875
1 0.6421875 0.2140625 0.1453125 0.084375
0 0.5546875 0.36796875 0.159375 0.0671875
5 0.8 0.196875 0.1453125 0.0796875
0 0.69921875 0.50546875 0.109375 0.04375
4 0.5015625 0.03046875 0.134375 0.0609375
4 0.64765625 0.05 0.146875 0.0625
3 0.4453125 0.16796875 0.171875 0.159375
3 0.77265625 0.31640625 0.0640625 0.0625
3 0.7640625 0.2796875 0.0765625 0.05
1 0.83828125 0.41484375 0.05 0.03125
4 0.209375 0.2578125 0.2171875 0.0875
0 0.7875 0.0625 0.0515625 0.0171875
3 0.8359375 0.06796875 0.05 0.028125
0 0.825 0.09140625 0.059375 0.015625
0 0.825 0.11015625 0.06875 0.01875
0 0.35703125 0.48515625 0.26875 0.065625
0 0.734375 0.98046875 0.071875 0.0328125
0 0.771875 0.79921875 0.05 0.0234375
5 0.77421875 0.74375 0.075 0.0828125
0 0.82578125 0.49765625 0.040625 0.015625
0 0.8140625 0.52890625 0.03125 0.0109375
3 0.840625 0.4453125 0.04375 0.025
1 0.66953125 0.26171875 0.13125 0.0453125
3 0.78671875 0.23828125 0.06875 0.03125
0 0.8125 0.1421875 0.08125 0.03125
5 0.89921875 0.17265625 0.0828125 0.065625
0 0.87734375 0.075 0.040625 0.01875
2 0.9046875 0.0796875 0.05625 0.0453125
3 0.7078125 0.07109375 0.0875 0.03125
4 0.16015625 0.059375 0.1140625 0.05625
3 0.29296875 0.22109375 0.25625 0.1875