4 0.07265625 0.79140625 0.06171875 0.11796875
3 0.2515625 0.1890625 0.03828125 0.0421875
3 0.81875 0.496875 0.19453125 0.18515625
3 0.3171875 0.275 0.08203125 0.1109375
3 0.18125 0.54375 0.14921875 0.16484375
0 0.609375 0.3734375 0.05859375 0.1375
3 0.1296875 0.34140625 0.06796875 0.0984375
2 0.92734375 0.846875 0.1390625 0.30625
0 0.35 0.37890625 0.06171875 0.13046875
3 0.2328125 0.6875 0.20078125 0.2609375
3 0.13359375 0.24296875 0.06328125 0.06796875
3 0.21640625 0.16875 0.03359375 0.02890625
0 0.23359375 0.25078125 0.02890625 0.065625
0 0.25703125 0.225 0.02421875 0.065625
0 0.54921875 0.36640625 0.0484375 0.11484375
1 0.3984375 0.2515625 0.0515625 0.0609375
3 0.296875 0.2046875 0.04453125 0.0390625
0 0.96875 0.6921875 0.0625 0.265625
2 0.115625 0.09609375 0.040625 0.07578125
3 0.21171875 0.209375 0.0390625 0.04609375
0 0.19921875 0.26015625 0.021875 0.08203125
0 0.16875 0.19609375 0.0140625 0.06171875
3 0.1453125 0.17890625 0.0296875 0.0453125
3 0.1875 0.184375 0.02578125 0.04140625
3 0.16640625 0.14921875 0.02421875 0.0265625
3 0.1484375 0.14296875 0.02265625 0.02265625
3 0.121875 0.15390625 0.02578125 0.03359375
0 0.12578125 0.16484375 0.01015625 0.040625
0 0.078125 0.1625 0.01640625 0.04453125
0 0.26328125 0.4765625 0.05078125 0.153125
0 0.465625 0.44296875 0.04140625 0.16328125
0 0.5171875 0.42265625 0.03828125 0.1609375
3 0.4171875 0.3453125 0.08046875 0.12265625
3 0.49921875 0.31015625 0.0734375 0.09609375
4 0.44453125 0.8296875 0.096875 0.32109375
4 0.34140625 0.78359375 0.05390625 0.29296875
4 0.08203125 0.84921875 0.0515625 0.11875
4 0.0578125 0.475 0.02734375 0.20546875
4 0.08046875 0.50078125 0.015625 0.09921875
4 0.03828125 0.41953125 0.01171875 0.1578125
4 0.04140625 0.30625 0.01484375 0.01796875
4 0.0578125 0.30703125 0.01484375 0.02890625
4 0.18359375 0.41484375 0.03671875 0.09453125