3 0.2390625 0.70078125 0.203125 0.275
3 0.1828125 0.57265625 0.165625 0.2484375
0 0.71875 0.87109375 0.1078125 0.2578125
1 0.1109375 0.421875 0.1 0.19375
1 0.921875 0.23125 0.078125 0.1296875
1 0.88203125 0.6703125 0.190625 0.33125
0 0.1875 0.23984375 0.034375 0.1
0 0.33671875 0.2953125 0.025 0.1171875
0 0.36171875 0.3203125 0.034375 0.1359375
0 0.0546875 0.16875 0.03125 0.06875
0 0.10078125 0.1515625 0.021875 0.0671875
0 0.12109375 0.15 0.021875 0.0609375
3 0.26640625 0.21875 0.0625 0.08125
3 0.378125 0.2171875 0.0609375 0.1
3 0.45078125 0.2546875 0.0875 0.08125
3 0.8125 0.41171875 0.14375 0.175
2 0.5859375 0.55625 0.45 0.6140625
3 0.61328125 0.3 0.090625 0.096875
3 0.16875 0.20390625 0.065625 0.08125
3 0.29453125 0.18515625 0.053125 0.0609375
3 0.13359375 0.1234375 0.025 0.04375
3 0.17734375 0.1296875 0.046875 0.065625
3 0.32109375 0.25703125 0.075 0.090625
5 0.5171875 0.1265625 0.140625 0.171875
5 0.22890625 0.071875 0.0671875 0.11875
1 0.08359375 0.1203125 0.028125 0.053125
5 0.11328125 0.075 0.053125 0.05625
4 0.0296875 0.490625 0.059375 0.1484375
4 0.05234375 0.43359375 0.0359375 0.1875
4 0.025 0.2953125 0.034375 0.1
4 0.05234375 0.31796875 0.028125 0.115625
4 0.6390625 0.16875 0.015625 0.0578125
0 0.64765625 0.1859375 0.01875 0.034375
1 0.403125 0.1359375 0.028125 0.04375