0 0.4625 0.66875 0.1125 0.096875
0 0.56640625 0.959375 0.21875 0.08125
3 0.69609375 0.22421875 0.271875 0.2046875
5 0.20546875 0.390625 0.15 0.159375
0 0.4546875 0.75078125 0.13125 0.06875
0 0.59765625 0.821875 0.184375 0.096875
3 0.5296875 0.17109375 0.1328125 0.134375
3 0.43671875 0.43359375 0.1734375 0.14375
3 0.328125 0.10234375 0.0953125 0.078125
3 0.4203125 0.18125 0.1234375 0.125
1 0.2078125 0.1328125 0.075 0.04375
0 0.384375 0.6875 0.0875 0.0640625
1 0.671875 0.68671875 0.3375 0.1921875
0 0.30703125 0.43125 0.090625 0.065625
0 0.30078125 0.26328125 0.109375 0.04375
3 0.22890625 0.828125 0.0625 0.0734375
0 0.36484375 0.52890625 0.1375 0.0578125
0 0.25390625 0.16484375 0.08125 0.0234375
0 0.27109375 0.18984375 0.06875 0.0375
3 0.18203125 0.21953125 0.046875 0.0375
0 0.35078125 0.3296875 0.1296875 0.05625
4 0.85703125 0.05859375 0.259375 0.0875
4 0.5296875 0.0484375 0.23125 0.040625
4 0.66015625 0.0953125 0.2625 0.04375
3 0.23984375 0.92109375 0.084375 0.09375
3 0.1765625 0.5015625 0.04375 0.0359375
3 0.2296875 0.71953125 0.0484375 0.05625
3 0.290625 0.96015625 0.0796875 0.0796875
5 0.09921875 0.3109375 0.1 0.0859375
3 0.26015625 0.2625 0.065625 0.065625
3 0.2265625 0.2359375 0.053125 0.04375
0 0.1875 0.1765625 0.0578125 0.01875
5 0.0640625 0.09765625 0.040625 0.028125