0 0.9515625 0.6203125 0.096875 0.2484375
3 0.17421875 0.5484375 0.14375 0.175
3 0.2390625 0.6984375 0.196875 0.2625
0 0.3671875 0.57421875 0.071875 0.225
5 0.71484375 0.3609375 0.215625 0.30625
3 0.26015625 0.21640625 0.0453125 0.0515625
0 0.3328125 0.34453125 0.04375 0.109375
2 0.9296875 0.8625 0.140625 0.275
1 0.2109375 0.23515625 0.046875 0.078125
0 0.278125 0.2890625 0.034375 0.1
0 0.1828125 0.190625 0.03125 0.0796875
0 0.31953125 0.2546875 0.053125 0.0875
0 0.23671875 0.303125 0.03125 0.1
3 0.11328125 0.321875 0.0875 0.109375
0 0.10078125 0.15859375 0.06875 0.0796875
0 0.13359375 0.203125 0.03125 0.059375
0 0.1828125 0.1671875 0.034375 0.0609375
3 0.990625 0.2578125 0.01875 0.128125
0 0.3140625 0.23203125 0.040625 0.04375
0 0.1484375 0.18828125 0.0578125 0.075
4 0.18046875 0.40703125 0.075 0.134375
3 0.2234375 0.1765625 0.046875 0.0328125
3 0.81640625 0.22421875 0.0921875 0.04375
4 0.046875 0.4671875 0.025 0.2234375
4 0.04453125 0.3203125 0.0296875 0.071875
0 0.178125 0.165625 0.021875 0.040625
4 0.50703125 0.77578125 0.0421875 0.225
4 0.51484375 0.9109375 0.05625 0.178125
4 0.596875 0.8609375 0.071875 0.278125
4 0.05234375 0.8421875 0.059375 0.20625
4 0.06796875 0.85 0.0578125 0.125
4 0.07109375 0.4578125 0.025 0.196875
4 0.028125 0.3109375 0.0203125 0.040625
0 0.45390625 0.29296875 0.034375 0.109375
0 0.496875 0.303125 0.0328125 0.125
5 0.1890625 0.08515625 0.040625 0.05625