3 0.38984375 0.5625 0.2375 0.1984375
0 0.56953125 0.79453125 0.146875 0.0875
1 0.4890625 0.35859375 0.228125 0.109375
1 0.7078125 0.2734375 0.121875 0.0765625
3 0.2734375 0.2453125 0.28125 0.246875
3 0.609375 0.59765625 0.1734375 0.1328125
0 0.4890625 0.72421875 0.1859375 0.0671875
0 0.2671875 0.9609375 0.278125 0.078125
4 0.12421875 0.07421875 0.203125 0.0953125
4 0.028125 0.4703125 0.05625 0.053125
1 0.5375 0.49609375 0.1828125 0.1265625
0 0.6828125 0.21484375 0.13125 0.028125
3 0.7296875 0.47421875 0.115625 0.090625
3 0.428125 0.19609375 0.1875 0.16875
3 0.859375 0.196875 0.04375 0.046875
0 0.60390625 0.1390625 0.15 0.0375
3 0.66796875 0.1328125 0.1125 0.0921875
3 0.6703125 0.12890625 0.0921875 0.0796875
0 0.6765625 0.36484375 0.11875 0.040625
0 0.67109375 0.30703125 0.11875 0.0375
3 0.7890625 0.36328125 0.04375 0.040625
3 0.8390625 0.2265625 0.03125 0.0484375
0 0.68125 0.33515625 0.1140625 0.034375
4 0.49140625 0.03828125 0.14375 0.071875
3 0.7671875 0.1390625 0.075 0.0640625
3 0.81484375 0.2234375 0.05 0.053125
4 0.5921875 0.0453125 0.14375 0.025
4 0.64296875 0.07421875 0.14375 0.028125
4 0.684375 0.05078125 0.065625 0.028125
3 0.771875 0.07109375 0.090625 0.0375
3 0.74765625 0.20546875 0.071875 0.04375
5 0.79375 0.425 0.0875 0.065625
0 0.771875 0.31796875 0.071875 0.01875
0 0.83515625 0.26328125 0.046875 0.0359375
3 0.7859375 0.27734375 0.03125 0.04375
0 0.8171875 0.10078125 0.06875 0.0203125
3 0.85625 0.12734375 0.0640625 0.04375
0 0.8671875 0.1546875 0.0328125 0.0140625
1 0.79765625 0.165625 0.084375 0.0265625
1 0.86171875 0.078125 0.046875 0.0375
0 0.6703125 0.4109375 0.1390625 0.046875
0 0.8109375 0.64609375 0.0375 0.015625
3 0.79140625 0.70078125 0.034375 0.05625
3 0.8171875 0.553125 0.040625 0.046875
3 0.78046875 0.88203125 0.075 0.0640625
1 0.7234375 0.98515625 0.075 0.0296875