5 0.60078125 0.7546875 0.33125 0.2125
5 0.85859375 0.65390625 0.153125 0.1796875
3 0.44296875 0.1875 0.178125 0.1703125
1 0.5234375 0.34921875 0.225 0.128125
3 0.503125 0.953125 0.20625 0.09375
1 0.74453125 0.24609375 0.10625 0.0625
3 0.27890625 0.24453125 0.28125 0.21875
1 0.60546875 0.40625 0.184375 0.1
1 0.7984375 0.1890625 0.0890625 0.05
3 0.76328125 0.31953125 0.075 0.059375
3 0.6890625 0.45703125 0.146875 0.096875
0 0.575 0.5375 0.1640625 0.0625
1 0.18359375 0.8015625 0.3671875 0.2625
3 0.73984375 0.3734375 0.0703125 0.065625
4 0.15234375 0.4015625 0.3046875 0.0859375
4 0.2109375 0.06640625 0.10625 0.075
0 0.7015625 0.334375 0.1109375 0.0296875
0 0.62578125 0.2765625 0.11875 0.0375
0 0.60546875 0.1375 0.15 0.0421875
0 0.4484375 0.70078125 0.184375 0.06875
3 0.765625 0.96953125 0.0984375 0.0609375
3 0.7578125 0.85546875 0.075 0.0875
3 0.7890625 0.89296875 0.065625 0.053125
2 0.90234375 0.38125 0.109375 0.09375
3 0.78203125 0.1140625 0.0671875 0.0734375
0 0.8421875 0.12578125 0.040625 0.025
3 0.8484375 0.2125 0.040625 0.03125
5 0.88203125 0.1796875 0.0640625 0.040625
5 0.88671875 0.14609375 0.071875 0.034375
3 0.871875 0.0859375 0.046875 0.0390625
2 0.87578125 0.46015625 0.0625 0.03125
3 0.81875 0.29765625 0.0625 0.0375
5 0.79140625 0.24921875 0.0765625 0.053125
1 0.915625 0.2328125 0.025 0.01875
1 0.9125 0.24921875 0.021875 0.015625
1 0.896875 0.2796875 0.01875 0.0109375
4 0.6921875 0.028125 0.05 0.01875
4 0.69296875 0.046875 0.053125 0.01875
4 0.65390625 0.065625 0.1265625 0.01875
4 0.47421875 0.0296875 0.115625 0.059375
4 0.57578125 0.04375 0.159375 0.025
4 0.125 0.078125 0.128125 0.0625
4 0.159375 0.01015625 0.31875 0.0203125