3 0.90625 0.48359375 0.1875 0.2171875
3 0.81796875 0.9390625 0.3453125 0.12109375
1 0.11640625 0.2328125 0.053125 0.08671875
3 0.22890625 0.671875 0.175 0.2125
3 0.18203125 0.54609375 0.1421875 0.1640625
4 0.25859375 0.78515625 0.0546875 0.265625
1 0.45078125 0.31875 0.05703125 0.10234375
5 0.63046875 0.19296875 0.13046875 0.09765625
2 0.9546875 0.22734375 0.0796875 0.19609375
0 0.2921875 0.2953125 0.0328125 0.10234375
3 0.484375 0.3875 0.1109375 0.13515625
3 0.38671875 0.3234375 0.08828125 0.1046875
0 0.23125 0.26953125 0.0359375 0.08671875
3 0.1453125 0.15234375 0.04375 0.0515625
3 0.28203125 0.2125 0.05 0.06796875
4 0.03984375 0.46328125 0.05703125 0.13515625
3 0.06484375 0.29453125 0.06328125 0.11015625
3 0.215625 0.1875 0.0421875 0.0515625
0 0.528125 0.6546875 0.08125 0.2453125
2 0.721875 0.18046875 0.06640625 0.06328125
4 0.05078125 0.346875 0.021875 0.11640625
4 0.06171875 0.31171875 0.01875 0.09296875
0 0.1953125 0.27265625 0.03046875 0.09296875
4 0.075 0.83515625 0.05390625 0.15859375