3 0.7625 0.6875 0.196875 0.26875
0 0.6359375 0.271875 0.03125 0.084375
3 0.54296875 0.31875 0.09375 0.134375
0 0.5234375 0.35 0.053125 0.1140625
3 0.8234375 0.565625 0.165625 0.2296875
0 0.47109375 0.4625 0.0625 0.1640625
1 0.11328125 0.54296875 0.15625 0.284375
4 0.96796875 0.4984375 0.0640625 0.146875
5 0.35859375 0.1390625 0.2140625 0.2
3 0.8828125 0.3296875 0.0828125 0.115625
4 0.59453125 0.7140625 0.084375 0.3375
4 0.940625 0.35 0.040625 0.146875
4 0.8890625 0.3375 0.03125 0.134375
0 0.8640625 0.175 0.01875 0.05625
0 0.8375 0.1734375 0.015625 0.06875
0 0.771875 0.17734375 0.015625 0.071875
0 0.7234375 0.23828125 0.025 0.0828125
2 0.90625 0.11796875 0.0625 0.1140625
1 0.865625 0.1359375 0.0328125 0.0625
0 0.23984375 0.21015625 0.025 0.04375
0 0.48984375 0.16875 0.015625 0.04375
0 0.32578125 0.79296875 0.125 0.253125
2 0.0390625 0.66484375 0.078125 0.6703125