3 0.23203125 0.66328125 0.18359375 0.19609375
3 0.18203125 0.55078125 0.1484375 0.165625
4 0.2578125 0.7703125 0.05859375 0.2453125
3 0.940625 0.64140625 0.11484375 0.2421875
1 0.11640625 0.41328125 0.1046875 0.1609375
1 0.1515625 0.2015625 0.03984375 0.0703125
2 0.15859375 0.13125 0.05390625 0.0640625
0 0.21640625 0.24921875 0.0234375 0.0828125
3 0.1890625 0.184375 0.0375 0.05
4 0.04765625 0.3484375 0.025 0.1265625
0 0.23359375 0.2046875 0.01796875 0.06171875
4 0.0421875 0.5125 0.06796875 0.13828125
1 0.86640625 0.240625 0.075 0.06328125
4 0.07734375 0.82421875 0.0578125 0.18984375
2 0.43359375 0.14609375 0.0640625 0.0734375
2 0.37109375 0.140625 0.059375 0.071875
2 0.2234375 0.10546875 0.0328125 0.05234375
5 0.1234375 0.096875 0.04453125 0.065625
0 0.11640625 0.20546875 0.01328125 0.06484375
0 0.08671875 0.19375 0.01875 0.0671875
0 0.0796875 0.1328125 0.01171875 0.0359375
3 0.11484375 0.17421875 0.03359375 0.04609375
3 0.1265625 0.15703125 0.028125 0.04375
3 0.06328125 0.28984375 0.06875 0.08515625
5 0.1 0.13125 0.0203125 0.0375
3 0.0734375 0.303125 0.01640625 0.06328125