5 0.27109375 0.33359375 0.19375 0.215625
3 0.5453125 0.8171875 0.171875 0.14375
2 0.6484375 0.259375 0.61875 0.51875
2 0.853125 0.08515625 0.29375 0.16875
3 0.70234375 0.76171875 0.265625 0.20625
0 0.21484375 0.825 0.078125 0.015625
0 0.21171875 0.8046875 0.0765625 0.0203125
5 0.2234375 0.7015625 0.184375 0.0984375
4 0.321875 0.95078125 0.090625 0.03125
0 0.39453125 0.75546875 0.153125 0.0453125
0 0.18359375 0.46015625 0.0484375 0.0140625
0 0.20859375 0.878125 0.0671875 0.01875
0 0.1609375 0.92265625 0.0546875 0.01875
0 0.20703125 0.740625 0.065625 0.01875
0 0.28125 0.70859375 0.103125 0.01875
4 0.40625 0.80625 0.109375 0.03125
4 0.396875 0.878125 0.11875 0.021875
4 0.4578125 0.91328125 0.184375 0.0328125
4 0.48046875 0.946875 0.190625 0.040625
4 0.8296875 0.928125 0.2125 0.0765625
4 0.79140625 0.57109375 0.3078125 0.065625
4 0.90234375 0.42578125 0.19375 0.053125
4 0.82890625 0.40546875 0.25625 0.0609375
3 0.22265625 0.16796875 0.071875 0.0609375
3 0.16640625 0.54296875 0.04375 0.0390625
5 0.0984375 0.740625 0.065625 0.05625
5 0.05859375 0.87109375 0.046875 0.03125
3 0.16015625 0.8234375 0.0375 0.028125
3 0.134375 0.89296875 0.034375 0.034375
1 0.18125 0.88203125 0.053125 0.034375
3 0.14453125 0.83515625 0.034375 0.0265625
0 0.13671875 0.865625 0.040625 0.0125
3 0.128125 0.859375 0.028125 0.0234375
3 0.3296875 0.86953125 0.10625 0.0734375
3 0.2203125 0.940625 0.06875 0.0421875
3 0.2390625 0.10546875 0.05625 0.0796875
5 0.35234375 0.0515625 0.1578125 0.103125