3 0.94609375 0.6453125 0.1078125 0.19296875
3 0.1828125 0.5421875 0.13671875 0.1578125
3 0.2375 0.69609375 0.1984375 0.26796875
0 0.63515625 0.6328125 0.05859375 0.2390625
0 0.39609375 0.29765625 0.03515625 0.09375
3 0.190625 0.4140625 0.11796875 0.11796875
2 0.85546875 0.3984375 0.28359375 0.39609375
1 0.31953125 0.3296875 0.08046875 0.12578125
3 0.56328125 0.36484375 0.08984375 0.11640625
3 0.94375 0.84375 0.109375 0.3125
0 0.47265625 0.340625 0.05234375 0.12421875
3 0.1203125 0.3296875 0.08203125 0.09296875
0 0.159375 0.221875 0.03046875 0.0671875
3 0.21640625 0.19453125 0.04140625 0.04765625
4 0.07421875 0.82421875 0.08125 0.18671875
4 0.090625 0.59765625 0.04921875 0.2046875
4 0.0640625 0.54140625 0.028125 0.2109375
4 0.0984375 0.4515625 0.0328125 0.11328125
0 0.696875 0.59921875 0.05859375 0.2390625
3 0.26875 0.259375 0.0671875 0.084375
0 0.1078125 0.20546875 0.02421875 0.071875
3 0.15078125 0.1875 0.04140625 0.04921875
3 0.06484375 0.23125 0.03984375 0.06796875
5 0.20234375 0.08671875 0.04921875 0.0875
5 0.10234375 0.0953125 0.03359375 0.059375
3 0.58125 0.2015625 0.04453125 0.05546875
3 0.65625 0.21484375 0.065625 0.0453125
0 0.53515625 0.1890625 0.01484375 0.03359375
0 0.10546875 0.1546875 0.01015625 0.02578125
0 0.07890625 0.13671875 0.009375 0.04296875
0 0.0921875 0.1375 0.009375 0.03984375