0 0.84609375 0.11015625 0.05625 0.015625
3 0.684375 0.565625 0.165625 0.1125
3 0.2859375 0.2265625 0.284375 0.20625
1 0.8046875 0.1390625 0.1078125 0.053125
2 0.11796875 0.97421875 0.2328125 0.0515625
0 0.71640625 0.27421875 0.103125 0.04375
3 0.45234375 0.16484375 0.184375 0.153125
3 0.6875 0.09765625 0.10625 0.0796875
0 0.89296875 0.0890625 0.06875 0.034375
0 0.65 0.52890625 0.159375 0.040625
3 0.7375 0.45 0.096875 0.0953125
0 0.65390625 0.3015625 0.1421875 0.0625
5 0.46484375 0.8234375 0.625 0.353125
3 0.7921875 0.2578125 0.075 0.0640625
1 0.60703125 0.1671875 0.1375 0.1203125
1 0.8328125 0.96171875 0.109375 0.075
5 0.8765625 0.8453125 0.246875 0.309375
3 0.79453125 0.33046875 0.0875 0.078125
0 0.878125 0.1046875 0.040625 0.021875
4 0.13125 0.05 0.10625 0.0609375
4 0.20234375 0.04921875 0.09375 0.065625
0 0.83125 0.22890625 0.0625 0.028125
5 0.9125 0.17421875 0.0859375 0.075
4 0.46796875 0.0328125 0.275 0.040625
4 0.56796875 0.0125 0.1671875 0.021875
4 0.6234375 0.04140625 0.05625 0.0171875
0 0.8265625 0.18515625 0.059375 0.021875
0 0.7703125 0.18984375 0.084375 0.028125
4 0.13515625 0.3421875 0.175 0.15625
0 0.8421875 0.08828125 0.071875 0.01875
0 0.86171875 0.05546875 0.065625 0.0203125