1 0.1609375 0.24375 0.0453125 0.071875
1 0.6046875 0.4515625 0.10546875 0.17109375
1 0.3671875 0.35078125 0.06875 0.11484375
3 0.2296875 0.69375 0.221875 0.27421875
0 0.425 0.31328125 0.03984375 0.09140625
4 0.03515625 0.5015625 0.0625 0.128125
3 0.13671875 0.3453125 0.059375 0.0921875
0 0.49375 0.34140625 0.04296875 0.09296875
3 0.2734375 0.24921875 0.06796875 0.053125
0 0.11015625 0.190625 0.02421875 0.05625
3 0.18203125 0.54609375 0.14609375 0.16328125
4 0.09375 0.37734375 0.03984375 0.11015625
3 0.23203125 0.19765625 0.0453125 0.04765625
4 0.06015625 0.35546875 0.046875 0.12890625
2 0.8375 0.584375 0.325 0.75625
4 0.8296875 0.865625 0.0828125 0.24765625
5 0.4640625 0.1609375 0.12421875 0.08046875
3 0.05546875 0.20859375 0.05390625 0.053125
5 0.21484375 0.0984375 0.05625 0.07578125
1 0.2671875 0.121875 0.01875 0.03515625
3 0.3875 0.16015625 0.02734375 0.034375
3 0.63671875 0.2171875 0.046875 0.03671875
1 0.65703125 0.20859375 0.05234375 0.04609375