3 0.79765625 0.71171875 0.203125 0.2734375
3 0.85390625 0.5546875 0.146875 0.165625
2 0.2828125 0.69140625 0.565625 0.6171875
0 0.71953125 0.37109375 0.0453125 0.14375
3 0.690625 0.28984375 0.0828125 0.09375
0 0.80390625 0.23125 0.0390625 0.090625
5 0.746875 0.175 0.1265625 0.134375
0 0.90390625 0.3828125 0.05 0.1125
4 0.6796875 0.79765625 0.06875 0.29375
4 0.753125 0.89375 0.084375 0.2125
4 0.965625 0.8765625 0.06875 0.24375
4 0.99453125 0.5046875 0.0109375 0.15
4 0.97734375 0.36171875 0.015625 0.14375
4 0.990625 0.42578125 0.01875 0.159375
3 0.92265625 0.3328125 0.078125 0.103125
3 0.96953125 0.29140625 0.0609375 0.0546875
1 0.91875 0.1921875 0.0375 0.078125
1 0.93671875 0.15703125 0.0296875 0.0515625
0 0.965625 0.19296875 0.0171875 0.059375
0 0.74453125 0.24140625 0.0125 0.0734375
0 0.865625 0.22265625 0.0140625 0.0625
0 0.884375 0.234375 0.0203125 0.0734375
3 0.06328125 0.2484375 0.109375 0.0921875
1 0.1671875 0.22265625 0.071875 0.0796875
5 0.58984375 0.1234375 0.0875 0.0953125
1 0.578125 0.4234375 0.075 0.171875
3 0.55234375 0.325 0.11875 0.059375
1 0.490625 0.17578125 0.046875 0.046875
3 0.30078125 0.23984375 0.0578125 0.0421875
2 0.9078125 0.05234375 0.04375 0.08125
2 0.88125 0.11796875 0.028125 0.05625
3 0.825 0.17734375 0.0328125 0.0484375