3 0.5765625 0.54453125 0.2046875 0.178125
3 0.5578125 0.28671875 0.20625 0.20625
3 0.328125 0.82734375 0.290625 0.240625
3 0.6765625 0.6734375 0.1375 0.11875
3 0.71796875 0.9453125 0.1 0.090625
4 0.13984375 0.98203125 0.1328125 0.0359375
3 0.49140625 0.878125 0.1671875 0.159375
3 0.81015625 0.0734375 0.090625 0.121875
1 0.88125 0.9640625 0.065625 0.04375
0 0.8421875 0.9359375 0.05625 0.03125
3 0.82109375 0.70078125 0.071875 0.06875
4 0.05078125 0.56328125 0.1015625 0.1046875
3 0.88046875 0.91015625 0.0453125 0.0453125
0 0.72265625 0.76015625 0.1265625 0.04375
3 0.83984375 0.80625 0.0546875 0.0609375
0 0.77734375 0.71484375 0.06875 0.03125
5 0.890625 0.84375 0.090625 0.065625
0 0.75546875 0.778125 0.109375 0.034375
4 0.25703125 0.984375 0.071875 0.03125
3 0.7453125 0.85234375 0.11875 0.0921875
3 0.8546875 0.88203125 0.040625 0.046875
0 0.65625 0.93359375 0.13125 0.053125
1 0.284375 0.0234375 0.2625 0.046875
3 0.8390625 0.3015625 0.071875 0.084375
5 0.9234375 0.6015625 0.06875 0.1
5 0.95546875 0.92578125 0.0609375 0.0515625
5 0.98984375 0.91796875 0.0203125 0.0359375
5 0.971875 0.984375 0.0546875 0.03125
3 0.946875 0.8046875 0.0265625 0.025
3 0.965625 0.87578125 0.028125 0.025
3 0.9328125 0.7515625 0.025 0.0171875
0 0.7125 0.8359375 0.140625 0.0203125
1 0.871875 0.42734375 0.06875 0.0328125
1 0.88515625 0.50546875 0.065625 0.04375
3 0.8265625 0.19140625 0.071875 0.109375
5 0.8640625 0.75234375 0.084375 0.053125