3 0.29765625 0.90625 0.1078125 0.09375
2 0.13359375 0.8234375 0.1953125 0.1359375
3 0.68828125 0.784375 0.284375 0.240625
3 0.38671875 0.43203125 0.1703125 0.175
3 0.521875 0.83984375 0.171875 0.15625
3 0.384375 0.709375 0.165625 0.1125
3 0.25234375 0.73046875 0.1125 0.115625
4 0.859375 0.7640625 0.1703125 0.0828125
0 0.26484375 0.61875 0.10625 0.046875
4 0.4796875 0.98125 0.15 0.0375
4 0.45625 0.58203125 0.19375 0.05625
3 0.17109375 0.62109375 0.0453125 0.0734375
1 0.2375 0.7828125 0.10625 0.0421875
3 0.23984375 0.62890625 0.06875 0.0859375
0 0.63671875 0.01171875 0.3015625 0.0234375
4 0.84296875 0.96328125 0.2125 0.0734375
4 0.95625 0.6109375 0.0875 0.0515625
5 0.24765625 0.1828125 0.4953125 0.365625
1 0.9765625 0.13046875 0.046875 0.2609375
0 0.578125 0.28515625 0.2109375 0.0953125
0 0.13671875 0.940625 0.075 0.0234375
0 0.1203125 0.91484375 0.075 0.021875
3 0.31484375 0.49609375 0.128125 0.128125
0 0.290625 0.58125 0.13125 0.021875
0 0.24140625 0.54921875 0.0984375 0.05
3 0.1640625 0.6828125 0.05625 0.046875
3 0.1390625 0.74140625 0.0421875 0.046875
3 0.13828125 0.41171875 0.0765625 0.04375
5 0.07890625 0.59765625 0.071875 0.0734375
5 0.05625 0.70390625 0.0609375 0.0375
3 0.109375 0.534375 0.040625 0.04375