5 0.67734375 0.35234375 0.159375 0.18125
3 0.22265625 0.646875 0.16875 0.159375
0 0.5296875 0.4296875 0.053125 0.146875
5 0.43515625 0.27265625 0.0875 0.125
3 0.17578125 0.54921875 0.146875 0.171875
1 0.14140625 0.17890625 0.03125 0.0609375
4 0.27265625 0.77734375 0.1 0.26875
0 0.30234375 0.3703125 0.046875 0.115625
0 0.15703125 0.253125 0.0296875 0.06875
4 0.046875 0.3453125 0.021875 0.125
0 0.28203125 0.2453125 0.021875 0.075
1 0.67890625 0.59609375 0.1640625 0.271875
3 0.20078125 0.3375 0.08125 0.115625
0 0.19609375 0.225 0.025 0.0609375
4 0.065625 0.87578125 0.08125 0.24375
4 0.03125 0.5203125 0.0609375 0.115625
0 0.2296875 0.26015625 0.025 0.08125
0 0.30234375 0.275 0.028125 0.071875
3 0.2234375 0.17890625 0.04375 0.05
3 0.17578125 0.1640625 0.03125 0.04375
3 0.1984375 0.16640625 0.025 0.046875
5 0.29140625 0.1046875 0.0734375 0.1046875
2 0.396875 0.125 0.08125 0.0890625
3 0.08203125 0.2875 0.040625 0.09375
0 0.09921875 0.18828125 0.015625 0.05625
0 0.090625 0.16875 0.0125 0.05
4 0.059375 0.32109375 0.015625 0.1015625