3 0.37734375 0.5734375 0.2109375 0.2171875
3 0.33359375 0.3640625 0.1515625 0.090625
3 0.459375 0.32265625 0.090625 0.096875
3 0.79921875 0.71875 0.221875 0.278125
5 0.77734375 0.209375 0.0890625 0.1265625
1 0.828125 0.28359375 0.065625 0.109375
3 0.328125 0.471875 0.184375 0.16875
0 0.78984375 0.35234375 0.05 0.115625
3 0.72109375 0.209375 0.040625 0.05625
3 0.84921875 0.55546875 0.15 0.15625
0 0.5421875 0.29140625 0.0375 0.065625
3 0.671875 0.20625 0.053125 0.0390625
0 0.590625 0.29453125 0.04375 0.0859375
0 0.76796875 0.2609375 0.028125 0.075
3 0.51171875 0.4015625 0.13125 0.128125
3 0.6546875 0.43359375 0.1453125 0.171875
4 0.98515625 0.52734375 0.0296875 0.103125
0 0.96328125 0.18046875 0.028125 0.065625
3 0.90859375 0.3453125 0.078125 0.10625
1 0.6546875 0.30546875 0.090625 0.059375
3 0.8484375 0.23515625 0.0765625 0.075
0 0.92578125 0.20859375 0.0234375 0.0640625
3 0.9125 0.18984375 0.05625 0.0625
3 0.68125 0.24921875 0.08125 0.04375
3 0.51171875 0.35234375 0.128125 0.0609375
0 0.5828125 0.628125 0.0703125 0.253125
2 0.15859375 0.20546875 0.190625 0.15625
3 0.553125 0.1625 0.05 0.0703125