3 0.6453125 0.55625 0.19765625 0.20625
3 0.2359375 0.69453125 0.2125 0.26796875
3 0.52265625 0.32265625 0.10234375 0.11015625
0 0.64765625 0.384375 0.0546875 0.09140625
4 0.1078125 0.44296875 0.02890625 0.1703125
3 0.12578125 0.32890625 0.0734375 0.078125
5 0.2765625 0.1671875 0.10859375 0.1140625
3 0.15390625 0.15234375 0.04765625 0.040625
1 0.15078125 0.1984375 0.0375 0.053125
3 0.93125 0.253125 0.1109375 0.08984375
4 0.28125 0.4390625 0.06171875 0.19375
0 0.50625 0.3921875 0.0484375 0.11796875
3 0.06953125 0.22890625 0.03671875 0.0765625
3 0.10234375 0.14921875 0.03671875 0.04140625
4 0.075 0.86953125 0.06015625 0.11796875
3 0.18515625 0.54296875 0.15234375 0.15234375
0 0.1828125 0.21171875 0.02890625 0.0578125
4 0.08203125 0.79453125 0.0828125 0.125
1 0.58203125 0.2015625 0.07265625 0.0421875
1 0.309375 0.24140625 0.07890625 0.10078125
3 0.18828125 0.42265625 0.121875 0.12109375
4 0.19921875 0.32109375 0.0453125 0.08515625
5 0.4671875 0.15 0.059375 0.096875
0 0.771875 0.2234375 0.0203125 0.04140625
4 0.046875 0.4609375 0.05234375 0.16015625
3 0.07890625 0.27734375 0.0546875 0.05859375