3 0.596875 0.15546875 0.25625 0.2625
0 0.634375 0.45546875 0.2515625 0.08125
0 0.3078125 0.575 0.109375 0.040625
3 0.603125 0.83359375 0.1921875 0.159375
3 0.7578125 0.78125 0.29375 0.2125
0 0.5140625 0.5703125 0.209375 0.0625
1 0.4484375 0.91328125 0.1890625 0.1078125
4 0.5515625 0.9796875 0.146875 0.040625
4 0.365625 0.9828125 0.128125 0.0265625
5 0.20703125 0.78828125 0.06875 0.046875
1 0.16015625 0.8 0.03125 0.034375
0 0.3578125 0.69375 0.1453125 0.034375
0 0.27421875 0.7890625 0.0984375 0.0453125
0 0.83359375 0.10390625 0.33125 0.153125
3 0.3125 0.6453125 0.115625 0.06875
3 0.284375 0.7171875 0.096875 0.05625
3 0.21796875 0.703125 0.078125 0.0625
3 0.37734375 0.48984375 0.140625 0.1046875
0 0.41484375 0.55 0.1203125 0.0328125
4 0.865625 0.74375 0.26875 0.05
0 0.24375 0.0890625 0.0375 0.0234375
1 0.18203125 0.4625 0.05 0.0359375
1 0.19765625 0.39140625 0.0484375 0.03125
5 0.1984375 0.34765625 0.0671875 0.046875
0 0.23515625 0.2171875 0.0453125 0.021875
1 0.2515625 0.8796875 0.0984375 0.0484375
1 0.19609375 0.9109375 0.053125 0.03125
1 0.17421875 0.94453125 0.071875 0.034375
3 0.18203125 0.8515625 0.05625 0.034375
3 0.1546875 0.84375 0.04375 0.03125
3 0.16640625 0.88828125 0.0421875 0.028125
3 0.1390625 0.91328125 0.040625 0.025
5 0.0953125 0.8890625 0.0859375 0.05
4 0.3140625 0.96328125 0.0609375 0.0203125
4 0.32109375 0.93984375 0.046875 0.021875