1 0.8625 0.43515625 0.275 0.215625
1 0.37890625 0.125 0.1328125 0.1015625
0 0.309375 0.23359375 0.1109375 0.0359375
3 0.23125 0.23125 0.0765625 0.0703125
3 0.159375 0.08203125 0.071875 0.05
0 0.15703125 0.121875 0.0765625 0.025
1 0.159375 0.16171875 0.071875 0.0125
1 0.15546875 0.20390625 0.059375 0.0453125
1 0.18515625 0.9015625 0.075 0.05625
2 0.11328125 0.5375 0.096875 0.0984375
5 0.0375 0.12109375 0.065625 0.0515625
5 0.07890625 0.228125 0.078125 0.078125
4 0.68359375 0.4046875 0.071875 0.05
4 0.85859375 0.16875 0.2796875 0.059375
3 0.496875 0.03828125 0.140625 0.06875
4 0.31875 0.05234375 0.1578125 0.0265625
3 0.54296875 0.2 0.1953125 0.1703125
3 0.69453125 0.265625 0.278125 0.1578125
3 0.62734375 0.575 0.2703125 0.178125
0 0.184375 0.2890625 0.0765625 0.05
0 0.2953125 0.490625 0.125 0.04375
0 0.39453125 0.55859375 0.16875 0.059375