3 0.240625 0.7 0.21875 0.284375
4 0.8734375 0.83359375 0.109375 0.3328125
1 0.25703125 0.28828125 0.0625 0.11875
3 0.26953125 0.1890625 0.05 0.075
3 0.190625 0.56796875 0.16875 0.209375
2 0.58671875 0.56171875 0.4375 0.55625
0 0.10625 0.17578125 0.0171875 0.065625
0 0.14375 0.19296875 0.0171875 0.065625
3 0.16640625 0.165625 0.0421875 0.0375
0 0.865625 0.83203125 0.115625 0.3359375
1 0.35546875 0.353125 0.05 0.1484375
3 0.37109375 0.23984375 0.0578125 0.08125
3 0.1046875 0.153125 0.040625 0.040625
5 0.1296875 0.1125 0.025 0.0375
0 0.1828125 0.21796875 0.021875 0.0859375
0 0.209375 0.2109375 0.0125 0.06875
3 0.2 0.1671875 0.0453125 0.0359375
3 0.23828125 0.16015625 0.0359375 0.040625
5 0.15703125 0.12265625 0.0359375 0.0375
3 0.321875 0.1984375 0.0515625 0.05
4 0.03671875 0.4890625 0.0734375 0.140625
1 0.1140625 0.39453125 0.090625 0.159375
4 0.06640625 0.4171875 0.003125 0.0046875
4 0.040625 0.321875 0.046875 0.1640625
5 0.89453125 0.14140625 0.209375 0.225
5 0.9765625 0.45 0.046875 0.425