3 0.53359375 0.646875 0.1421875 0.1375
3 0.421875 0.1859375 0.203125 0.225
3 0.70859375 0.834375 0.075 0.0734375
3 0.459375 0.81953125 0.1375 0.1546875
1 0.728125 0.63828125 0.1421875 0.0828125
1 0.58984375 0.8859375 0.15625 0.1046875
5 0.67734375 0.153125 0.390625 0.30625
0 0.54140625 0.48984375 0.1546875 0.05625
3 0.62265625 0.4703125 0.1171875 0.1125
0 0.65 0.74296875 0.1078125 0.040625
0 0.6671875 0.5578125 0.10625 0.040625
3 0.70546875 0.47265625 0.065625 0.09375
3 0.29140625 0.77265625 0.2625 0.209375
0 0.6640625 0.65 0.0875 0.040625
1 0.81953125 0.9125 0.06875 0.040625
0 0.67109375 0.69375 0.0953125 0.0375
4 0.19921875 0.7484375 0.234375 0.0609375
4 0.6515625 0.959375 0.1078125 0.034375
4 0.484375 0.96875 0.1125 0.0625
3 0.7125 0.94765625 0.08125 0.08125
2 0.79765625 0.3484375 0.096875 0.0828125
3 0.734375 0.7296875 0.071875 0.046875
3 0.76953125 0.75703125 0.059375 0.040625
0 0.771875 0.88671875 0.071875 0.015625
0 0.78125 0.80859375 0.059375 0.0203125
0 0.78515625 0.87265625 0.0625 0.01875
0 0.78984375 0.8453125 0.053125 0.01875
3 0.80859375 0.809375 0.0640625 0.0421875
2 0.91171875 0.81875 0.05625 0.040625
3 0.8390625 0.8484375 0.04375 0.034375
3 0.834375 0.56015625 0.0375 0.03125
3 0.875 0.74609375 0.028125 0.0234375
3 0.89453125 0.915625 0.0515625 0.028125