3 0.28046875 0.51875 0.203125 0.2
3 0.8375 0.5875 0.1625 0.184375
1 0.7 0.33046875 0.0703125 0.1265625
3 0.7734375 0.7421875 0.221875 0.2875
1 0.81796875 0.2421875 0.059375 0.090625
1 0.73125 0.4 0.1140625 0.175
1 0.87265625 0.1953125 0.040625 0.078125
1 0.54375 0.5984375 0.153125 0.196875
0 0.75625 0.2703125 0.04375 0.084375
0 0.04765625 0.73125 0.0953125 0.284375
3 0.9015625 0.35078125 0.09375 0.1046875
5 0.13359375 0.19921875 0.2671875 0.2359375
0 0.88671875 0.39765625 0.05625 0.1296875
5 0.509375 0.3046875 0.1375 0.23125
5 0.90390625 0.1125 0.0375 0.0640625
0 0.6375 0.340625 0.04375 0.128125
3 0.76953125 0.21171875 0.0453125 0.0390625
4 0.63515625 0.86328125 0.0859375 0.2734375
4 0.95 0.88828125 0.1 0.2234375
3 0.434375 0.32578125 0.0625 0.109375
3 0.1140625 0.44765625 0.1703125 0.16875
2 0.52890625 0.13671875 0.134375 0.125
1 0.290625 0.2125 0.040625 0.046875
3 0.68984375 0.26484375 0.06875 0.0875
0 0.78984375 0.3328125 0.028125 0.09375
0 0.590625 0.37421875 0.034375 0.096875
0 0.46484375 0.48984375 0.0453125 0.1890625
4 0.97890625 0.5515625 0.0421875 0.1359375
4 0.9125 0.24140625 0.059375 0.0625
0 0.93046875 0.1640625 0.015625 0.0515625
3 0.8375 0.15625 0.0296875 0.034375
5 0.8734375 0.1234375 0.0375 0.0578125
3 0.771875 0.1765625 0.0390625 0.0359375
5 0.8796875 0.065625 0.034375 0.040625
4 0.984375 0.4421875 0.03125 0.171875