2 0.73671875 0.346875 0.296875 0.296875
5 0.39296875 0.20078125 0.1390625 0.2015625
3 0.528125 0.4703125 0.14765625 0.15390625
1 0.1171875 0.4125 0.10234375 0.146875
2 0.52578125 0.1734375 0.09921875 0.078125
0 0.51484375 0.5859375 0.0578125 0.2203125
1 0.16015625 0.184375 0.04375 0.0640625
0 0.28359375 0.278125 0.040625 0.08125
1 0.1078125 0.19140625 0.053125 0.08203125
0 0.20703125 0.31875 0.0421875 0.11484375
3 0.21484375 0.2234375 0.0703125 0.06796875
3 0.184375 0.54609375 0.14921875 0.1578125
0 0.65859375 0.46015625 0.0515625 0.15546875
4 0.040625 0.51796875 0.0578125 0.096875
4 0.26171875 0.8 0.06328125 0.21171875
3 0.2375 0.70234375 0.2015625 0.28046875
1 0.91328125 0.76953125 0.17265625 0.40234375
4 0.05078125 0.34609375 0.03359375 0.115625
0 0.16640625 0.2125 0.03046875 0.07265625
0 0.19609375 0.17265625 0.01171875 0.0359375
2 0.1828125 0.096875 0.0328125 0.04296875
2 0.2359375 0.10703125 0.0515625 0.0484375
3 0.11640625 0.12890625 0.01953125 0.034375
1 0.09375 0.125 0.021875 0.0359375
4 0.028125 0.890625 0.05625 0.21796875