3 0.69921875 0.07265625 0.1140625 0.0875
3 0.31875 0.19765625 0.290625 0.2125
3 0.6578125 0.7078125 0.153125 0.13125
3 0.47421875 0.1296875 0.19375 0.15625
3 0.66640625 0.5296875 0.1359375 0.1375
1 0.8015625 0.2171875 0.1 0.0578125
0 0.89140625 0.0875 0.0453125 0.0203125
2 0.44296875 0.87109375 0.6109375 0.25625
4 0.7 0.0171875 0.184375 0.034375
0 0.7546875 0.18359375 0.0875 0.0328125
4 0.52265625 0.0078125 0.1484375 0.015625
0 0.89921875 0.0765625 0.053125 0.03125
3 0.7859375 0.34296875 0.096875 0.084375
1 0.83515625 0.8984375 0.0265625 0.078125
0 0.7671875 0.1265625 0.09375 0.03125
0 0.7875 0.1546875 0.090625 0.025
0 0.9140625 0.0375 0.05 0.015625
0 0.93515625 0.05859375 0.04375 0.009375
0 0.86640625 0.5671875 0.046875 0.0125
3 0.86484375 0.49609375 0.05625 0.0453125
0 0.55859375 0.6078125 0.215625 0.0625