0 0.8640625 0.5421875 0.084375 0.1453125
3 0.246875 0.74453125 0.215625 0.271875
3 0.8421875 0.81015625 0.315625 0.3546875
4 0.09140625 0.25 0.0234375 0.05
1 0.12109375 0.209375 0.0484375 0.075
3 0.71171875 0.57421875 0.2078125 0.20625
3 0.19609375 0.571875 0.15625 0.16875
0 0.48984375 0.43515625 0.04375 0.15625
0 0.52578125 0.3828125 0.0328125 0.140625
3 0.59453125 0.34609375 0.10625 0.121875
0 0.4109375 0.49609375 0.046875 0.1984375
0 0.3703125 0.4171875 0.0421875 0.1375
3 0.428125 0.3328125 0.0984375 0.1046875
1 0.30703125 0.1953125 0.065625 0.096875
0 0.178125 0.234375 0.0328125 0.071875
0 0.65625 0.39921875 0.05625 0.121875
1 0.2109375 0.1984375 0.05 0.0765625
0 0.32265625 0.33828125 0.0375 0.0984375
5 0.76015625 0.2078125 0.134375 0.128125
5 0.36328125 0.2328125 0.078125 0.128125
0 0.2078125 0.11796875 0.0609375 0.0890625
3 0.11640625 0.34453125 0.11875 0.1140625
0 0.13984375 0.41328125 0.04375 0.14375
4 0.0515625 0.45078125 0.03125 0.178125
4 0.059375 0.3515625 0.0375 0.1046875
3 0.9625 0.27265625 0.075 0.1234375
0 0.32578125 0.3171875 0.053125 0.103125
0 0.52265625 0.56328125 0.053125 0.19375
0 0.38359375 0.5796875 0.0375 0.23125
5 0.49296875 0.2640625 0.0765625 0.1109375
3 0.26015625 0.37734375 0.0984375 0.1328125
0 0.26015625 0.28125 0.0375 0.0625
3 0.29296875 0.28515625 0.028125 0.0515625
4 0.015625 0.8359375 0.03125 0.325
4 0.06953125 0.91015625 0.0390625 0.146875
4 0.08828125 0.81015625 0.046875 0.05625
4 0.53125 0.9640625 0.128125 0.071875
4 0.03671875 0.546875 0.0578125 0.125
3 0.2421875 0.2328125 0.053125 0.071875
3 0.2671875 0.20546875 0.015625 0.071875
3 0.1 0.1359375 0.025 0.0328125
0 0.146875 0.17890625 0.0125 0.05625
0 0.12734375 0.153125 0.0125 0.028125
3 0.46796875 0.15 0.0625 0.075
0 0.74375 0.43125 0.0609375 0.0796875