3 0.23828125 0.6875 0.184375 0.25390625
0 0.31953125 0.29296875 0.0328125 0.0890625
3 0.18671875 0.55859375 0.14375 0.16953125
2 0.6796875 0.58359375 0.525 0.646875
0 0.38984375 0.26171875 0.028125 0.0703125
3 0.384375 0.4046875 0.121875 0.1421875
0 0.19921875 0.22578125 0.01484375 0.07578125
0 0.2359375 0.27578125 0.021875 0.09375
1 0.1171875 0.41796875 0.0984375 0.17109375
0 0.18203125 0.27265625 0.02265625 0.09609375
1 0.11875 0.17890625 0.03671875 0.0703125
0 0.3671875 0.2796875 0.0328125 0.0796875
0 0.275 0.25390625 0.02265625 0.075
4 0.04921875 0.34921875 0.0203125 0.1140625
4 0.0390625 0.51015625 0.065625 0.140625
2 0.51328125 0.16953125 0.20234375 0.115625
5 0.9546875 0.4984375 0.06953125 0.35625
1 0.4046875 0.84375 0.19453125 0.25
4 0.03515625 0.30078125 0.01484375 0.0484375
0 0.14453125 0.24140625 0.01640625 0.08359375
0 0.16484375 0.16171875 0.0109375 0.0265625
0 0.24921875 0.25 0.01484375 0.08125
0 0.28046875 0.20234375 0.009375 0.028125
0 0.3359375 0.2609375 0.015625 0.078125
3 0.32421875 0.22578125 0.05234375 0.0578125
3 0.3015625 0.21015625 0.0296875 0.0484375
3 0.1734375 0.20234375 0.0328125 0.04765625
3 0.10703125 0.1234375 0.02109375 0.03046875
0 0.0953125 0.14921875 0.0109375 0.04375
3 0.06796875 0.27109375 0.03671875 0.08125