3 0.65859375 0.521875 0.209375 0.2125
3 0.31953125 0.3109375 0.090625 0.10625
3 0.18203125 0.55546875 0.153125 0.1734375
0 0.478125 0.4984375 0.0640625 0.19375
3 0.19140625 0.415625 0.1296875 0.115625
3 0.23828125 0.69375 0.196875 0.278125
0 0.959375 0.5859375 0.0765625 0.2234375
5 0.9125 0.2015625 0.153125 0.175
1 0.09296875 0.146875 0.0328125 0.053125
3 0.1203125 0.3265625 0.075 0.1
0 0.221875 0.2265625 0.028125 0.0734375
3 0.6421875 0.3796875 0.128125 0.146875
5 0.18046875 0.13515625 0.053125 0.109375
3 0.15390625 0.16484375 0.0375 0.06875
0 0.26015625 0.22265625 0.0203125 0.071875
0 0.1578125 0.27109375 0.025 0.090625
3 0.05625 0.2234375 0.046875 0.065625
5 0.134375 0.06328125 0.0375 0.059375
3 0.63046875 0.196875 0.06875 0.0703125
3 0.4765625 0.1703125 0.034375 0.0390625
3 0.253125 0.1890625 0.046875 0.053125
4 0.078125 0.48984375 0.05 0.2125
4 0.27265625 0.43828125 0.034375 0.2
4 0.23671875 0.4125 0.034375 0.13125
4 0.078125 0.84375 0.075 0.25