3 0.71015625 0.24609375 0.28125 0.20625
3 0.55546875 0.18515625 0.1875 0.159375
3 0.20078125 0.21796875 0.05625 0.059375
1 0.159375 0.13203125 0.078125 0.0375
0 0.40390625 0.346875 0.1515625 0.053125
0 0.22890625 0.2359375 0.078125 0.034375
2 0.51015625 0.865625 0.6890625 0.26875
5 0.12578125 0.42109375 0.05 0.0484375
4 0.5125 0.034375 0.14375 0.06875
3 0.1390625 0.16484375 0.0515625 0.04375
5 0.14609375 0.50390625 0.0578125 0.046875
4 0.35390625 0.10859375 0.146875 0.028125
3 0.334375 0.1234375 0.1375 0.090625
3 0.16953125 0.23046875 0.0625 0.034375
4 0.3390625 0.0640625 0.1984375 0.071875
4 0.19609375 0.07578125 0.071875 0.0171875
0 0.17265625 0.09375 0.0625 0.0125
0 0.14609375 0.08046875 0.05 0.0125
5 0.04296875 0.13671875 0.065625 0.0390625
5 0.0859375 0.23984375 0.05 0.059375
0 0.1796875 0.609375 0.0453125 0.0203125
0 0.2046875 0.76953125 0.05625 0.0203125
0 0.171875 0.5609375 0.04375 0.0125