3 0.30703125 0.7625 0.259375 0.19375
3 0.45625 0.81640625 0.15625 0.140625
2 0.309375 0.27109375 0.61875 0.540625
0 0.63046875 0.68828125 0.1359375 0.04375
3 0.70859375 0.6609375 0.0875 0.078125
0 0.7640625 0.76875 0.084375 0.0375
5 0.81796875 0.71484375 0.128125 0.1203125
0 0.61953125 0.86328125 0.10625 0.0484375
4 0.22578125 0.65 0.278125 0.065625
4 0.1171875 0.7203125 0.234375 0.0796875
4 0.13515625 0.93046875 0.259375 0.08125
4 0.503125 0.9671875 0.14375 0.04375
4 0.63984375 0.934375 0.1359375 0.015625
4 0.578125 0.95 0.153125 0.0265625
3 0.66796875 0.88203125 0.096875 0.0734375
3 0.70625 0.9265625 0.0515625 0.059375
1 0.8015625 0.878125 0.075 0.0359375
1 0.834375 0.8953125 0.05 0.028125
0 0.8 0.92265625 0.05625 0.0171875
0 0.75390625 0.71171875 0.06875 0.0125
0 0.77265625 0.82734375 0.059375 0.0125
0 0.7609375 0.8453125 0.0703125 0.01875
3 0.74765625 0.06328125 0.0875 0.103125
1 0.77265625 0.1625 0.075 0.06875
5 0.86640625 0.56484375 0.090625 0.084375
1 0.58125 0.55390625 0.1640625 0.071875
3 0.675 0.52890625 0.05625 0.1125
1 0.81640625 0.4703125 0.0453125 0.0453125
3 0.75625 0.28984375 0.040625 0.0546875
2 0.93359375 0.86796875 0.075 0.0421875
2 0.871875 0.8421875 0.053125 0.028125
3 0.81484375 0.78828125 0.046875 0.03125