3 0.23125 0.6953125 0.21953125 0.26796875
3 0.27890625 0.23984375 0.07734375 0.07734375
4 0.1828125 0.409375 0.04375 0.10546875
0 0.29765625 0.3359375 0.04453125 0.1046875
2 0.88203125 0.771875 0.2359375 0.45625
0 0.32734375 0.28125 0.03984375 0.0828125
3 0.13828125 0.32421875 0.06328125 0.0890625
4 0.128125 0.4109375 0.04375 0.13046875
3 0.18359375 0.54296875 0.14609375 0.15625
4 0.4234375 0.8671875 0.06640625 0.22421875
4 0.084375 0.45546875 0.03359375 0.1625
0 0.1515625 0.2453125 0.03203125 0.07265625
2 0.66484375 0.64609375 0.46484375 0.60078125
3 0.6515625 0.32421875 0.07578125 0.0421875
4 0.05625 0.4609375 0.04453125 0.16875
5 0.13671875 0.153125 0.0625 0.09296875
3 0.58046875 0.203125 0.071875 0.046875
4 0.06953125 0.8625 0.09140625 0.27421875
3 0.0875 0.2453125 0.04375 0.0671875
5 0.27421875 0.16015625 0.10234375 0.0859375
3 0.72109375 0.22734375 0.0640625 0.04921875
3 0.8234375 0.23203125 0.0671875 0.059375
3 0.93203125 0.2515625 0.07734375 0.07578125
5 0.44296875 0.140625 0.0921875 0.09296875
1 0.51484375 0.18359375 0.0453125 0.04921875
5 0.19921875 0.0890625 0.0484375 0.059375
0 0.1 0.17421875 0.0203125 0.06015625
0 0.4 0.41171875 0.0390625 0.1921875
0 0.0765625 0.1171875 0.0109375 0.03203125
3 0.09296875 0.11328125 0.01875 0.03515625