1 0.965625 0.2640625 0.06875 0.08671875
2 0.86640625 0.703125 0.26484375 0.59296875
3 0.18515625 0.54609375 0.15 0.1671875
1 0.15859375 0.2109375 0.04296875 0.07265625
3 0.23359375 0.7015625 0.203125 0.26328125
3 0.13203125 0.33671875 0.07265625 0.11015625
3 0.128125 0.1609375 0.03125 0.04609375
0 0.3328125 0.25546875 0.03046875 0.08671875
0 0.30078125 0.48984375 0.0609375 0.16953125
0 0.2171875 0.25078125 0.028125 0.0609375
0 0.2390625 0.2625 0.03671875 0.09453125
0 0.103125 0.1796875 0.02578125 0.0515625
5 0.43828125 0.27734375 0.12265625 0.20546875
0 0.353125 0.24453125 0.0171875 0.08125
4 0.07421875 0.85625 0.05546875 0.14765625
4 0.06796875 0.771875 0.05546875 0.0984375
4 0.05625 0.47265625 0.0421875 0.19921875
4 0.08125 0.45859375 0.02265625 0.178125
4 0.04140625 0.328125 0.02578125 0.06796875
4 0.19296875 0.41171875 0.03125 0.084375
0 0.1734375 0.24375 0.0171875 0.07421875
0 0.1578125 0.1546875 0.01015625 0.03828125
0 0.178125 0.1546875 0.01015625 0.03125
3 0.19453125 0.171875 0.025 0.03984375
3 0.2078125 0.1953125 0.02734375 0.05390625
0 0.2359375 0.2 0.02421875 0.02734375
4 0.5 0.73515625 0.03984375 0.19140625
4 0.58046875 0.7953125 0.05 0.32578125
4 0.5015625 0.90078125 0.05 0.19765625
0 0.94140625 0.2734375 0.0234375 0.053125