3 0.315625 0.07734375 0.115625 0.0984375
3 0.38984375 0.67109375 0.178125 0.15625
3 0.31640625 0.42421875 0.1234375 0.109375
0 0.45859375 0.84921875 0.1890625 0.0765625
3 0.6984375 0.19921875 0.2921875 0.2078125
1 0.3078125 0.2640625 0.1375 0.071875
3 0.55703125 0.14140625 0.234375 0.1625
3 0.1515625 0.18203125 0.059375 0.046875
3 0.22578125 0.25859375 0.084375 0.06875
0 0.24375 0.34609375 0.09375 0.0390625
4 0.7828125 0.20234375 0.26875 0.109375
3 0.4828125 0.3453125 0.2140625 0.146875
4 0.3203125 0.0140625 0.153125 0.028125
0 0.2828125 0.4875 0.1140625 0.025
2 0.10234375 0.13515625 0.0953125 0.0671875
4 0.490625 0.01328125 0.14375 0.0265625
0 0.159375 0.1296875 0.0734375 0.021875
4 0.81328125 0.0375 0.2140625 0.075
4 0.22109375 0.0671875 0.053125 0.025
0 0.13359375 0.040625 0.05 0.01875
3 0.12421875 0.07421875 0.075 0.04375
3 0.1765625 0.23125 0.08125 0.0546875
5 0.06640625 0.35078125 0.1328125 0.125
0 0.19765625 0.8296875 0.059375 0.025