5 0.40234375 0.73671875 0.275 0.253125
5 0.79375 0.41875 0.2171875 0.1359375
5 0.69296875 0.83125 0.44375 0.3375
2 0.9078125 0.21953125 0.0796875 0.065625
1 0.590625 0.09140625 0.1625 0.10625
0 0.64921875 0.01328125 0.134375 0.025
3 0.7265625 0.03359375 0.0875 0.0671875
3 0.43125 0.1546875 0.178125 0.15625
3 0.2984375 0.21171875 0.284375 0.175
0 0.45234375 0.3765625 0.2078125 0.04375
3 0.6546875 0.40390625 0.11875 0.090625
0 0.57578125 0.2984375 0.165625 0.053125
3 0.72578125 0.29765625 0.09375 0.078125
3 0.71953125 0.16640625 0.0875 0.071875
4 0.16015625 0.234375 0.3203125 0.046875
4 0.48515625 0.01484375 0.14375 0.028125
0 0.55234375 0.54921875 0.1703125 0.0625
0 0.2359375 0.51875 0.28125 0.0953125
0 0.225 0.8828125 0.265625 0.13125
0 0.12890625 0.95546875 0.2578125 0.0890625
3 0.8140625 0.54375 0.053125 0.053125
3 0.81015625 0.25546875 0.0640625 0.05625