2 0.4046875 0.94140625 0.3796875 0.1171875
3 0.76796875 0.765625 0.325 0.35
3 0.678125 0.19375 0.2890625 0.215625
3 0.50859375 0.13046875 0.1765625 0.159375
0 0.43984375 0.66015625 0.1390625 0.0734375
5 0.0953125 0.24609375 0.14375 0.1046875
1 0.23671875 0.13984375 0.06875 0.059375
5 0.1625 0.809375 0.0609375 0.128125
3 0.19765625 0.23828125 0.08125 0.071875
3 0.28046875 0.0625 0.115625 0.1046875
0 0.42734375 0.809375 0.109375 0.0703125
0 0.51640625 0.446875 0.240625 0.075
0 0.09921875 0.1484375 0.0625 0.01875
3 0.178125 0.07890625 0.075 0.06875
1 0.09765625 0.0828125 0.0640625 0.03125
5 0.36875 0.63046875 0.175 0.165625
5 0.14609375 0.4125 0.2015625 0.15625
0 0.31171875 0.30234375 0.15625 0.03125
0 0.21015625 0.3046875 0.08125 0.034375
0 0.36796875 0.38203125 0.1609375 0.04375
3 0.24609375 0.39609375 0.078125 0.08125
0 0.084375 0.103125 0.040625 0.0171875
0 0.13515625 0.05234375 0.05 0.025
0 0.32578125 0.0796875 0.115625 0.05625
3 0.29453125 0.5546875 0.11875 0.1078125
0 0.30859375 0.42265625 0.140625 0.0375
0 0.29921875 0.34140625 0.14375 0.034375
0 0.2796875 0.24765625 0.140625 0.040625
0 0.19921875 0.17421875 0.075 0.0234375
0 0.90390625 0.67421875 0.1921875 0.1296875
4 0.85703125 0.0265625 0.2859375 0.053125
4 0.2734375 0.00546875 0.08125 0.0109375
4 0.19921875 0.99453125 0.084375 0.0109375
3 0.1859375 0.9453125 0.0890625 0.1
3 0.33984375 0.75390625 0.1609375 0.1