3 0.70625 0.7578125 0.3296875 0.31015625
3 0.29453125 0.296875 0.06953125 0.1
3 0.2296875 0.69765625 0.215625 0.26640625
3 0.71484375 0.45234375 0.1484375 0.1484375
1 0.13671875 0.23984375 0.0625 0.0859375
0 0.36875 0.38984375 0.0609375 0.134375
3 0.20859375 0.1796875 0.03828125 0.04765625
3 0.184375 0.5453125 0.1453125 0.15625
0 0.20234375 0.28671875 0.03671875 0.09921875
3 0.12578125 0.3328125 0.0765625 0.0796875
0 0.1359375 0.39140625 0.05078125 0.1296875
3 0.2828125 0.2203125 0.05546875 0.040625
4 0.39140625 0.8890625 0.0890625 0.221875
4 0.0765625 0.86640625 0.075 0.12109375
3 0.92734375 0.25234375 0.1046875 0.08515625
3 0.63984375 0.36015625 0.1296875 0.13984375
4 0.04921875 0.4703125 0.0453125 0.20625
4 0.0765625 0.77421875 0.0578125 0.0953125
0 0.8046875 0.23828125 0.0171875 0.02421875
3 0.834375 0.234375 0.03984375 0.06328125
3 0.07578125 0.28984375 0.0609375 0.0875
0 0.09921875 0.16484375 0.01640625 0.05703125
0 0.125 0.153125 0.0125 0.0484375
0 0.1375 0.1390625 0.0109375 0.0359375
0 0.1546875 0.15859375 0.0125 0.06171875
0 0.17421875 0.15 0.01171875 0.0421875
2 0.07890625 0.12109375 0.03359375 0.0640625