1 0.47109375 0.3578125 0.08984375 0.1375
3 0.23046875 0.6953125 0.22421875 0.2625
5 0.9203125 0.1625 0.159375 0.25234375
3 0.184375 0.54296875 0.14921875 0.15703125
3 0.128125 0.3375 0.075 0.09765625
3 0.2890625 0.26015625 0.0703125 0.0796875
4 0.45390625 0.78203125 0.0625 0.22734375
4 0.03984375 0.50546875 0.0625 0.11484375
3 0.053125 0.21015625 0.04765625 0.06328125
0 0.0953125 0.2 0.0203125 0.0828125
0 0.171875 0.15859375 0.03671875 0.0515625
2 0.90859375 0.71484375 0.1828125 0.56015625
0 0.2890625 0.3515625 0.04375 0.1125
0 0.22734375 0.26484375 0.0328125 0.0734375
3 0.59375 0.20703125 0.07265625 0.03203125
0 0.36875 0.440625 0.05 0.1609375
4 0.06953125 0.3640625 0.03828125 0.13125
0 0.25625 0.20703125 0.03125 0.053125
3 0.79140625 0.4828125 0.11953125 0.17421875
0 0.71328125 0.23046875 0.0265625 0.05078125
1 0.815625 0.24375 0.05 0.078125
2 0.07578125 0.11484375 0.05078125 0.07421875