3 0.765625 0.67578125 0.184375 0.20625
0 0.48515625 0.42890625 0.06875 0.1625
1 0.7640625 0.2296875 0.059375 0.08125
5 0.2296875 0.28828125 0.384375 0.39375
3 0.69453125 0.30859375 0.0890625 0.1
3 0.815625 0.54765625 0.1453125 0.1625
1 0.88203125 0.4125 0.1 0.1640625
0 0.61328125 0.503125 0.0796875 0.259375
4 0.953125 0.3453125 0.05625 0.128125
1 0.85546875 0.21875 0.0546875 0.1
1 0.0078125 0.27578125 0.015625 0.0796875
4 0.9609375 0.5171875 0.06875 0.134375
1 0.496875 0.18359375 0.03125 0.046875
0 0.78984375 0.26640625 0.025 0.090625
0 0.69765625 0.2296875 0.021875 0.04375
0 0.6421875 0.25546875 0.021875 0.0890625
0 0.6671875 0.3890625 0.03125 0.140625
4 0.928125 0.33515625 0.021875 0.125
4 0.73515625 0.77578125 0.046875 0.1859375
1 0.5421875 0.178125 0.053125 0.053125
2 0.58203125 0.13984375 0.065625 0.059375
2 0.84453125 0.08359375 0.034375 0.0453125
2 0.78984375 0.0890625 0.0375 0.0375
0 0.8125 0.19140625 0.0171875 0.0546875
1 0.84921875 0.1515625 0.0421875 0.05
0 0.90546875 0.2046875 0.0234375 0.075
0 0.92578125 0.1671875 0.0125 0.05