3 0.54765625 0.44609375 0.209375 0.1875
3 0.54140625 0.83046875 0.165625 0.15
3 0.27578125 0.7921875 0.0703125 0.075
3 0.70078125 0.7828125 0.271875 0.2328125
3 0.30546875 0.5875 0.10625 0.090625
5 0.19609375 0.553125 0.1453125 0.13125
5 0.384375 0.08125 0.446875 0.1625
1 0.37421875 0.52734375 0.134375 0.1
1 0.8078125 0.04296875 0.384375 0.08125
0 0.45703125 0.3484375 0.15625 0.071875
3 0.38515625 0.6734375 0.128125 0.10625
4 0.8484375 0.93671875 0.15 0.0640625
3 0.3328125 0.88046875 0.1203125 0.0875
0 0.24453125 0.87109375 0.071875 0.03125
4 0.38125 0.8875 0.121875 0.0359375
3 0.1546875 0.81953125 0.046875 0.05
3 0.24140625 0.74765625 0.0375 0.05625
4 0.5078125 0.975 0.1140625 0.05
4 0.97734375 0.515625 0.0453125 0.065625
1 0.21953125 0.82421875 0.065625 0.046875
4 0.353125 0.94375 0.1296875 0.0328125
3 0.16953125 0.81953125 0.0375 0.0484375
5 0.1484375 0.8796875 0.0671875 0.0484375
0 0.37265625 0.33828125 0.0765625 0.05625
3 0.23359375 0.659375 0.0625 0.06875
0 0.2765625 0.68828125 0.0640625 0.065625
3 0.228125 0.25703125 0.090625 0.075
3 0.2046875 0.7125 0.04375 0.04375
3 0.35 0.46875 0.125 0.071875