3 0.16484375 0.5625 0.15625 0.1765625
3 0.21796875 0.71875 0.2171875 0.284375
2 0.678125 0.584375 0.525 0.5828125
1 0.36796875 0.4609375 0.1125 0.215625
0 0.20078125 0.2203125 0.025 0.075
1 0.2328125 0.21796875 0.053125 0.0640625
3 0.10703125 0.31484375 0.06875 0.0875
3 0.1171875 0.2296875 0.0640625 0.0734375
3 0.16328125 0.196875 0.05 0.059375
4 0.24765625 0.89453125 0.08125 0.2109375
4 0.0421875 0.89453125 0.084375 0.2109375
4 0.17734375 0.41875 0.0375 0.096875
4 0.1296875 0.4234375 0.046875 0.109375
4 0.034375 0.58828125 0.053125 0.215625
1 0.265625 0.32578125 0.065625 0.14375
3 0.36796875 0.3046875 0.09375 0.096875
3 0.46328125 0.28203125 0.078125 0.0671875
0 0.29609375 0.234375 0.025 0.08125
0 0.1 0.16875 0.01875 0.05
3 0.04609375 0.22421875 0.05625 0.0890625
5 0.12265625 0.10390625 0.0375 0.059375
5 0.2109375 0.14296875 0.04375 0.09375
4 0.01953125 0.4203125 0.0375 0.084375
3 0.8609375 0.23046875 0.071875 0.08125
3 0.4515625 0.16875 0.059375 0.053125
1 0.16015625 0.07890625 0.021875 0.0375
0 0.0734375 0.15390625 0.015625 0.053125
3 0.08984375 0.11328125 0.025 0.0390625
0 0.2421875 0.2390625 0.025 0.05
3 0.1375 0.15390625 0.034375 0.040625
3 0.3953125 0.1453125 0.0390625 0.0359375