1 0.50078125 0.63671875 0.196875 0.1
3 0.709375 0.63046875 0.10625 0.090625
0 0.4546875 0.17890625 0.1953125 0.090625
3 0.62890625 0.915625 0.1171875 0.10625
3 0.56953125 0.47265625 0.1578125 0.1359375
2 0.834375 0.8015625 0.128125 0.0984375
3 0.74765625 0.71171875 0.078125 0.0640625
3 0.79296875 0.88671875 0.08125 0.05625
4 0.10546875 0.98359375 0.1921875 0.0328125
0 0.73828125 0.80390625 0.0875 0.0390625
3 0.25 0.8296875 0.29375 0.240625
0 0.74921875 0.75625 0.0828125 0.0328125
4 0.15078125 0.82578125 0.2375 0.078125
3 0.41953125 0.87890625 0.1703125 0.165625
3 0.24140625 0.05859375 0.28125 0.115625
3 0.74765625 0.9578125 0.075 0.05625
3 0.825 0.9140625 0.05625 0.0359375
5 0.90703125 0.7546875 0.096875 0.0859375
1 0.76484375 0.315625 0.078125 0.053125
3 0.721875 0.1265625 0.05625 0.09375
3 0.184375 0.43203125 0.346875 0.234375