3 0.615625 0.44375 0.159375 0.178125
3 0.46796875 0.33203125 0.1234375 0.128125
2 0.91171875 0.16953125 0.175 0.184375
3 0.340625 0.18984375 0.0703125 0.09375
1 0.08984375 0.18515625 0.0625 0.1
0 0.31875 0.309375 0.0609375 0.1359375
3 0.234375 0.15234375 0.05625 0.065625
0 0.23515625 0.24765625 0.0453125 0.109375
0 0.14765625 0.165625 0.028125 0.059375
1 0.14140625 0.10625 0.053125 0.059375
0 0.190625 0.24609375 0.04375 0.10625
4 0.24765625 0.7984375 0.0765625 0.246875
1 0.1046875 0.12421875 0.040625 0.046875
3 0.1609375 0.52734375 0.16875 0.1828125
3 0.1984375 0.6875 0.23125 0.3359375
4 0.01484375 0.2984375 0.0296875 0.1515625
4 0.03125 0.84609375 0.0625 0.184375
1 0.11875 0.11640625 0.0484375 0.0453125
5 0.58515625 0.1171875 0.121875 0.1
4 0.0171875 0.490625 0.034375 0.11875
0 0.75546875 0.84921875 0.15 0.3015625
3 0.04609375 0.2421875 0.053125 0.109375
3 0.0421875 0.08828125 0.0328125 0.05
3 0.059375 0.0546875 0.034375 0.0453125
0 0.08515625 0.084375 0.0125 0.05
1 0.584375 0.309375 0.096875 0.103125
2 0.6890625 0.121875 0.075 0.09375
2 0.22734375 0.04140625 0.059375 0.0828125
5 0.14453125 0.02421875 0.0546875 0.0484375
0 0.46875 0.11171875 0.025 0.040625