3 0.70546875 0.6609375 0.1125 0.103125
1 0.5875 0.4625 0.21875 0.11875
3 0.33125 0.803125 0.2546875 0.190625
3 0.3875 0.0375 0.2609375 0.075
0 0.82734375 0.81875 0.06875 0.028125
5 0.89609375 0.71796875 0.171875 0.121875
3 0.48671875 0.84765625 0.175 0.15625
2 0.771875 0.0171875 0.10625 0.034375
3 0.86328125 0.84140625 0.065625 0.0546875
3 0.64375 0.23046875 0.1859375 0.1625
1 0.63515625 0.92109375 0.165625 0.109375
1 0.90390625 0.91171875 0.0625 0.0359375
0 0.8640625 0.88671875 0.078125 0.0375
0 0.6375 0.696875 0.159375 0.05
2 0.87109375 0.36640625 0.0953125 0.1375
2 0.79140625 0.540625 0.246875 0.1921875
4 0.70703125 0.9875 0.1375 0.025
0 0.78984375 0.8828125 0.078125 0.0375
4 0.12578125 0.9859375 0.2484375 0.028125
4 0.2109375 0.765625 0.2625 0.0640625
4 0.51484375 0.98515625 0.109375 0.0296875
4 0.74921875 0.96640625 0.0703125 0.01875
0 0.78828125 0.6796875 0.0515625 0.04375
0 0.175 0.11953125 0.35 0.140625
5 0.7421875 0.5109375 0.1453125 0.1375