2 0.42421875 0.409375 0.390625 0.2546875
0 0.55625 0.8015625 0.2125 0.075
3 0.4 0.66328125 0.1359375 0.11875
1 0.2125 0.13984375 0.0875 0.053125
3 0.2515625 0.9546875 0.1 0.090625
0 0.51171875 0.64453125 0.146875 0.053125
4 0.86796875 0.16484375 0.2234375 0.075
0 0.303125 0.22890625 0.09375 0.040625
1 0.4375 0.5578125 0.184375 0.0609375
3 0.7078125 0.22578125 0.24375 0.21875
0 0.18125 0.1046875 0.0609375 0.028125
4 0.45234375 0.11640625 0.090625 0.0484375
3 0.35078125 0.11953125 0.109375 0.075
4 0.38203125 0.065625 0.140625 0.034375
0 0.25 0.2109375 0.0703125 0.0375
2 0.11640625 0.11953125 0.078125 0.071875
4 0.52109375 0.0234375 0.15625 0.046875
4 0.90859375 0.28125 0.1828125 0.075
3 0.20859375 0.60234375 0.040625 0.0796875
3 0.56640625 0.178125 0.1578125 0.171875
4 0.9234375 0.0609375 0.153125 0.059375
4 0.8046875 0.065625 0.078125 0.04375
0 0.2203125 0.24375 0.0875 0.05
1 0.8515625 0.6640625 0.296875 0.290625
1 0.2234375 0.78203125 0.065625 0.0578125
5 0.08046875 0.21875 0.09375 0.0734375
3 0.22890625 0.86796875 0.06875 0.0609375
1 0.1640625 0.44296875 0.0375 0.0328125
0 0.17890625 0.05859375 0.05 0.01875
0 0.15703125 0.0734375 0.0453125 0.015625
0 0.1359375 0.05546875 0.046875 0.0125
5 0.1484375 0.4765625 0.0484375 0.0578125
3 0.19765625 0.5125 0.04375 0.040625
3 0.1296875 0.28359375 0.025 0.021875
3 0.19375 0.17421875 0.06875 0.0375