5 0.615625 0.39765625 0.14765625 0.18515625
3 0.23125 0.69140625 0.196875 0.25234375
3 0.3828125 0.3046875 0.08515625 0.1046875
3 0.18359375 0.5453125 0.146875 0.16640625
1 0.46484375 0.2828125 0.07890625 0.1140625
0 0.1625 0.16796875 0.03046875 0.06796875
1 0.115625 0.41484375 0.10078125 0.15703125
1 0.15546875 0.23984375 0.04765625 0.084375
4 0.04921875 0.3484375 0.04140625 0.12578125
3 0.3609375 0.234375 0.06484375 0.0703125
5 0.12265625 0.0859375 0.05703125 0.06953125
3 0.9078125 0.8109375 0.184375 0.37109375
1 0.2265625 0.30078125 0.05234375 0.11328125
3 0.26796875 0.25078125 0.04140625 0.06953125
4 0.03984375 0.5109375 0.06796875 0.128125
0 0.0796875 0.1875 0.0359375 0.084375
4 0.26796875 0.721875 0.0859375 0.14609375
5 0.853125 0.2171875 0.1109375 0.11796875
5 0.2359375 0.14375 0.075 0.125
1 0.30078125 0.4359375 0.08828125 0.178125
0 0.240625 0.2171875 0.01640625 0.05078125
3 0.06328125 0.278125 0.07734375 0.08203125
4 0.07265625 0.2984375 0.0125 0.06171875
1 0.12421875 0.21953125 0.0390625 0.07109375
0 0.2046875 0.2109375 0.0125 0.02890625
0 0.175 0.209375 0.0109375 0.05390625
0 0.2015625 0.2359375 0.0125 0.03203125
0 0.22578125 0.2296875 0.0125 0.0296875
0 0.2984375 0.27265625 0.0203125 0.0765625
0 0.2875 0.31640625 0.02421875 0.04453125
3 0.2609375 0.2015625 0.03125 0.03359375
0 0.11875 0.15 0.00859375 0.0421875
0 0.60703125 0.5875 0.0796875 0.23125