3 0.9609375 0.28671875 0.078125 0.11875
3 0.840625 0.67890625 0.2140625 0.290625
3 0.82578125 0.31484375 0.1015625 0.14375
3 0.9046875 0.51953125 0.165625 0.1875
3 0.68828125 0.2515625 0.075 0.0984375
1 0.88828125 0.18671875 0.034375 0.08125
1 0.83828125 0.20390625 0.084375 0.090625
3 0.05703125 0.628125 0.1140625 0.2625
3 0.059375 0.478125 0.11875 0.178125
5 0.4375 0.184375 0.284375 0.36875
3 0.28828125 0.60078125 0.246875 0.2734375
1 0.3921875 0.8203125 0.2578125 0.359375
0 0.3828125 0.40703125 0.065625 0.165625
3 0.75703125 0.20546875 0.0671875 0.071875
3 0.60703125 0.296875 0.115625 0.1234375
5 0.1078125 0.18984375 0.1234375 0.10625
3 0.8359375 0.1453125 0.0578125 0.03125
0 0.23828125 0.7546875 0.121875 0.2140625
0 0.71875 0.3296875 0.0453125 0.146875
0 0.98515625 0.07890625 0.0296875 0.11875
0 0.640625 0.39375 0.05625 0.2078125
3 0.79765625 0.12578125 0.034375 0.0296875
2 0.92890625 0.103125 0.065625 0.15
0 0.54765625 0.39375 0.05625 0.175
0 0.51015625 0.35546875 0.046875 0.1546875
4 0.934375 0.878125 0.0609375 0.0953125
4 0.6625 0.94921875 0.0609375 0.1