1 0.71875 0.41640625 0.15 0.084375
3 0.3390625 0.19609375 0.2125 0.20625
3 0.68515625 0.59296875 0.1203125 0.1125
0 0.7578125 0.32421875 0.0875 0.034375
3 0.4671875 0.1375 0.175 0.159375
1 0.61640625 0.06953125 0.16875 0.10625
1 0.7875 0.9703125 0.08125 0.059375
3 0.834375 0.65546875 0.05 0.075
0 0.54609375 0.32890625 0.1984375 0.065625
3 0.60703125 0.7359375 0.171875 0.1765625
0 0.59609375 0.5671875 0.153125 0.0625
4 0.68671875 0.01015625 0.1296875 0.0203125
4 0.50234375 0.0109375 0.1359375 0.021875
0 0.86640625 0.053125 0.065625 0.03125
4 0.19765625 0.2296875 0.234375 0.053125
4 0.69921875 0.01953125 0.1234375 0.025
0 0.834375 0.0796875 0.0671875 0.0296875
0 0.8765625 0.07421875 0.021875 0.009375
3 0.74453125 0.26796875 0.125 0.084375
3 0.81796875 0.29296875 0.0734375 0.053125
1 0.815625 0.1859375 0.11875 0.053125