1 0.33984375 0.4 0.10390625 0.16953125
5 0.89765625 0.23984375 0.16171875 0.13671875
1 0.1171875 0.4140625 0.09921875 0.1578125
1 0.52421875 0.5640625 0.11796875 0.225
0 0.23046875 0.3375 0.03515625 0.11875
3 0.18359375 0.54140625 0.1453125 0.15
3 0.53125 0.328125 0.1015625 0.08828125
5 0.45546875 0.2453125 0.08828125 0.1390625
3 0.58203125 0.44140625 0.1234375 0.15625
4 0.26171875 0.796875 0.0609375 0.2265625
3 0.22890625 0.70390625 0.20234375 0.26953125
1 0.3625 0.2875 0.06171875 0.06953125
4 0.0375 0.51171875 0.06171875 0.109375
0 0.10625 0.21328125 0.02578125 0.065625
3 0.184375 0.2078125 0.0515625 0.04375
1 0.1328125 0.1609375 0.03359375 0.05859375
0 0.8703125 0.8625 0.121875 0.275
3 0.20625 0.29453125 0.0609375 0.09296875
3 0.29765625 0.27890625 0.0671875 0.08046875
1 0.77890625 0.559375 0.19453125 0.29375
4 0.0484375 0.353125 0.025 0.1328125
5 0.2828125 0.11796875 0.04375 0.06484375
3 0.41171875 0.159375 0.0359375 0.0359375
3 0.23046875 0.2328125 0.05078125 0.06328125
3 0.1765625 0.15390625 0.03359375 0.0515625
3 0.06640625 0.28046875 0.065625 0.0828125
0 0.790625 0.23828125 0.02265625 0.05234375