3 0.65859375 0.0421875 0.125 0.084375
3 0.2671875 0.17109375 0.2875 0.2140625
3 0.49921875 0.89453125 0.203125 0.2109375
5 0.8703125 0.18046875 0.1046875 0.071875
3 0.42578125 0.10703125 0.184375 0.1640625
3 0.53046875 0.6078125 0.178125 0.153125
0 0.40234375 0.78125 0.265625 0.075
3 0.77421875 0.084375 0.08125 0.0546875
1 0.8 0.140625 0.053125 0.046875
3 0.725 0.15390625 0.0703125 0.0765625
0 0.446875 0.56328125 0.2375 0.071875
5 0.640625 0.2671875 0.2515625 0.11875
3 0.77734375 0.1921875 0.0671875 0.053125
0 0.45859375 0.36328125 0.18125 0.0640625
4 0.11796875 0.0109375 0.159375 0.021875
3 0.840625 0.11875 0.040625 0.0375
0 0.4296875 0.47109375 0.240625 0.0546875
0 0.59140625 0.3921875 0.153125 0.0375
0 0.603125 0.490625 0.1609375 0.03125
0 0.67890625 0.47890625 0.0875 0.028125
5 0.803125 0.40234375 0.190625 0.140625
5 0.69296875 0.53515625 0.1390625 0.09375
1 0.82890625 0.025 0.0640625 0.0328125
3 0.82421875 0.05859375 0.0421875 0.03125
4 0.5953125 0.06015625 0.171875 0.0265625
3 0.65078125 0.3765625 0.15 0.1