3 0.73125 0.7375 0.2890625 0.215625
1 0.446875 0.38359375 0.16875 0.13125
3 0.575 0.80703125 0.2 0.15625
1 0.296875 0.76640625 0.11875 0.0703125
3 0.29453125 0.575 0.11875 0.1
5 0.12265625 0.5875 0.06875 0.115625
2 0.4609375 0.14453125 0.6046875 0.2890625
0 0.2078125 0.85078125 0.0765625 0.0375
3 0.221875 0.66953125 0.084375 0.0703125
4 0.528125 0.9609375 0.14375 0.0734375
0 0.15390625 0.87734375 0.05625 0.021875
0 0.37734375 0.46171875 0.15625 0.053125
0 0.3234375 0.634375 0.1140625 0.04375
3 0.35 0.8625 0.128125 0.075
3 0.3359375 0.34609375 0.109375 0.109375
4 0.36015625 0.95234375 0.146875 0.0234375
4 0.36640625 0.925 0.153125 0.034375
4 0.384375 0.8859375 0.1765625 0.040625
3 0.1296875 0.88671875 0.0546875 0.03125
1 0.1171875 0.9234375 0.059375 0.03125
5 0.06328125 0.79375 0.0875 0.0515625