2 0.56875 0.55625 0.43515625 0.56640625
1 0.1203125 0.425 0.10625 0.20234375
1 0.31015625 0.33046875 0.09453125 0.1421875
5 0.75859375 0.14296875 0.24296875 0.2640625
5 0.26015625 0.08515625 0.084375 0.1328125
0 0.12578125 0.20703125 0.0296875 0.08359375
0 0.17890625 0.23125 0.03125 0.09296875
0 0.2328125 0.25703125 0.02421875 0.09140625
0 0.25 0.24296875 0.0328125 0.1
0 0.76015625 0.83671875 0.1375 0.31796875
0 0.884375 0.678125 0.11171875 0.2578125
0 0.79765625 0.48984375 0.0796875 0.2703125
0 0.9671875 0.83828125 0.0625 0.3234375
0 0.97578125 0.27734375 0.0484375 0.09140625
3 0.98515625 0.24609375 0.0296875 0.125
1 0.48515625 0.1796875 0.0390625 0.06953125
1 0.56171875 0.18984375 0.03125 0.05859375
3 0.45546875 0.165625 0.01875 0.03984375
3 0.3890625 0.16015625 0.02421875 0.0328125
3 0.21328125 0.2125 0.0265625 0.0640625
3 0.2546875 0.196875 0.03359375 0.0578125
3 0.2921875 0.215625 0.0609375 0.07265625
3 0.35 0.22734375 0.05390625 0.08046875
3 0.41328125 0.25078125 0.06328125 0.0859375
1 0.34453125 0.29296875 0.06875 0.10546875
3 0.22578125 0.715625 0.2109375 0.2765625
3 0.18046875 0.5546875 0.1640625 0.2328125
3 0.11640625 0.18828125 0.04609375 0.06484375
0 0.0859375 0.14609375 0.01875 0.03828125
3 0.125 0.153125 0.03828125 0.04921875
3 0.1359375 0.13203125 0.0265625 0.05703125
5 0.16953125 0.15078125 0.03125 0.05703125
3 0.20078125 0.165625 0.040625 0.04140625
5 0.0921875 0.08671875 0.03984375 0.05234375
4 0.034375 0.490625 0.05703125 0.1453125
4 0.034375 0.3109375 0.02578125 0.07890625
4 0.06484375 0.36796875 0.028125 0.16484375
1 0.61953125 0.20703125 0.04453125 0.03671875
0 0.0375 0.1609375 0.0265625 0.04453125