5 0.21015625 0.459375 0.2484375 0.190625
3 0.50546875 0.90546875 0.2234375 0.1890625
1 0.409375 0.11953125 0.1453125 0.10625
1 0.36796875 0.28046875 0.14375 0.0953125
3 0.3640625 0.621875 0.121875 0.128125
0 0.4515625 0.728125 0.146875 0.059375
1 0.234375 0.23671875 0.0875 0.05625
3 0.54921875 0.18515625 0.1546875 0.15
0 0.2703125 0.1984375 0.0828125 0.03125
0 0.31171875 0.33125 0.09375 0.034375
0 0.4984375 0.615625 0.09375 0.059375
2 0.2 0.96015625 0.23125 0.0796875
3 0.71328125 0.24609375 0.275 0.203125
3 0.428125 0.56328125 0.1171875 0.1453125
0 0.775 0.8109375 0.290625 0.0984375
0 0.309375 0.43125 0.096875 0.040625
0 0.40703125 0.40390625 0.153125 0.05
1 0.68125 0.60234375 0.290625 0.1390625
1 0.840625 0.478125 0.31875 0.165625
5 0.1078125 0.17421875 0.090625 0.1
4 0.5078125 0.0328125 0.125 0.0609375
5 0.96796875 0.26171875 0.0625 0.21875
1 0.20625 0.6796875 0.065625 0.046875
4 0.353125 0.046875 0.1375 0.025
0 0.23984375 0.11015625 0.06875 0.0234375
0 0.259375 0.296875 0.059375 0.025
0 0.2234375 0.178125 0.08125 0.0234375
3 0.17734375 0.23125 0.040625 0.0375
1 0.18515625 0.1359375 0.0734375 0.040625