0 0.34765625 0.64296875 0.2515625 0.109375
0 0.57890625 0.296875 0.1625 0.065625
3 0.43046875 0.15078125 0.1859375 0.1609375
3 0.27890625 0.203125 0.284375 0.2046875
3 0.54765625 0.4234375 0.18125 0.1265625
1 0.73671875 0.1265625 0.1 0.0734375
3 0.7671875 0.29296875 0.071875 0.06875
3 0.66953125 0.44375 0.0625 0.0890625
0 0.796875 0.17890625 0.071875 0.021875
3 0.665625 0.08125 0.10625 0.1
2 0.8640625 0.06875 0.090625 0.065625
4 0.08359375 0.4125 0.1671875 0.11875
4 0.10390625 0.0359375 0.2078125 0.071875
4 0.50859375 0.015625 0.215625 0.03125
0 0.59765625 0.09140625 0.140625 0.046875
0 0.6953125 0.47265625 0.103125 0.0625
3 0.74765625 0.84296875 0.0625 0.1
3 0.7578125 0.93828125 0.065625 0.090625
3 0.70390625 0.9640625 0.078125 0.071875
3 0.828125 0.41328125 0.05 0.053125
0 0.82265625 0.11171875 0.05625 0.025
3 0.846875 0.13671875 0.04375 0.0328125
3 0.80703125 0.20859375 0.06875 0.01875
0 0.81484375 0.503125 0.053125 0.0203125