3 0.8828125 0.58125 0.234375 0.234375
3 0.596875 0.353125 0.11640625 0.1265625
3 0.2359375 0.665625 0.1859375 0.20390625
3 0.18359375 0.55078125 0.14296875 0.1703125
5 0.29765625 0.25078125 0.1046875 0.19765625
3 0.40703125 0.3015625 0.07421875 0.090625
4 0.0671875 0.3546875 0.0625 0.14453125
0 0.23515625 0.22109375 0.025 0.06875
2 0.128125 0.11484375 0.0578125 0.06640625
4 0.040625 0.5125 0.06796875 0.128125
0 0.140625 0.21328125 0.01953125 0.07578125
0 0.16796875 0.2078125 0.01796875 0.053125
3 0.47578125 0.35859375 0.121875 0.15390625
4 0.26875 0.8 0.06875 0.2375
4 0.07890625 0.84140625 0.0703125 0.15859375
1 0.44921875 0.58984375 0.13828125 0.2703125
1 0.50078125 0.49375 0.121875 0.19453125
0 0.12109375 0.215625 0.0234375 0.075
0 0.1953125 0.228125 0.02109375 0.06640625
0 0.19296875 0.18671875 0.0109375 0.02109375
5 0.2578125 0.13359375 0.090625 0.11796875
2 0.4546875 0.153125 0.0734375 0.08125
3 0.80390625 0.2296875 0.06328125 0.053125
0 0.7203125 0.221875 0.01953125 0.04375