3 0.35703125 0.46171875 0.13671875 0.140625
3 0.8125 0.57265625 0.221875 0.2
3 0.17109375 0.2890625 0.071875 0.075
3 0.1859375 0.5359375 0.153125 0.13671875
1 0.365625 0.26953125 0.08203125 0.140625
1 0.1203125 0.40625 0.10390625 0.1546875
5 0.846875 0.3203125 0.30546875 0.38671875
0 0.51171875 0.45390625 0.05546875 0.153125
3 0.53125 0.37421875 0.1109375 0.115625
0 0.26171875 0.346875 0.04140625 0.10703125
0 0.44453125 0.3296875 0.040625 0.1046875
3 0.5296875 0.2921875 0.0921875 0.06484375
3 0.23203125 0.7015625 0.20703125 0.26015625
0 0.35390625 0.3328125 0.040625 0.0875
1 0.09453125 0.1796875 0.04140625 0.06875
0 0.31015625 0.32578125 0.0375 0.09453125
4 0.25625 0.79296875 0.059375 0.23125
4 0.04765625 0.3453125 0.03359375 0.10625
4 0.03828125 0.51015625 0.0609375 0.11171875
3 0.059375 0.28515625 0.0796875 0.08046875
2 0.65234375 0.20078125 0.08203125 0.0953125
3 0.275 0.26328125 0.046875 0.071875
3 0.24765625 0.22890625 0.04140625 0.0578125
0 0.11953125 0.2265625 0.01640625 0.071875
0 0.196875 0.2171875 0.01875 0.05859375
0 0.1328125 0.21328125 0.01875 0.0625
0 0.1609375 0.20859375 0.01875 0.053125
3 0.19609375 0.18984375 0.04140625 0.06328125
2 0.1859375 0.08828125 0.04140625 0.0546875
3 0.15703125 0.16015625 0.03359375 0.04375
3 0.44296875 0.16484375 0.0296875 0.0359375
3 0.25859375 0.12421875 0.021875 0.02734375
3 0.090625 0.1046875 0.0265625 0.05078125