2 0.6375 0.35859375 0.20625 0.31875
2 0.67265625 0.16484375 0.153125 0.09375
3 0.86953125 0.31875 0.075 0.0953125
5 0.31328125 0.20546875 0.25625 0.1296875
3 0.79609375 0.165625 0.0375 0.046875
1 0.9078125 0.1625 0.0421875 0.065625
4 0.765625 0.84296875 0.0484375 0.1609375
3 0.8125 0.534375 0.165625 0.153125
3 0.7703125 0.69765625 0.228125 0.2875
4 0.9578125 0.46796875 0.04375 0.184375
4 0.921875 0.8578125 0.08125 0.121875
0 0.809375 0.2765625 0.028125 0.109375
0 0.8421875 0.1296875 0.0109375 0.04375
4 0.92421875 0.75859375 0.0625 0.078125
4 0.8859375 0.45078125 0.01875 0.08125
4 0.83125 0.42421875 0.028125 0.065625
4 0.8140625 0.36328125 0.021875 0.0359375
4 0.91875 0.4515625 0.021875 0.184375
4 0.928125 0.2859375 0.015625 0.0265625
4 0.85859375 0.36640625 0.025 0.059375
1 0.54140625 0.15546875 0.028125 0.04375
3 0.94296875 0.2140625 0.0359375 0.071875
2 0.2390625 0.63359375 0.478125 0.7328125
3 0.87734375 0.134375 0.034375 0.0375
3 0.9234375 0.11171875 0.01875 0.0296875
3 0.1578125 0.19921875 0.053125 0.046875
3 0.5734375 0.1421875 0.025 0.034375