1 0.21484375 0.27890625 0.0515625 0.096875
3 0.22109375 0.1765625 0.0453125 0.05703125
3 0.23828125 0.6875 0.19375 0.25625
3 0.1828125 0.5421875 0.14765625 0.16328125
3 0.1265625 0.33828125 0.0796875 0.09921875
3 0.3046875 0.2140625 0.04140625 0.0421875
3 0.2546875 0.246875 0.03515625 0.0421875
0 0.18984375 0.30078125 0.03203125 0.0890625
1 0.15859375 0.23046875 0.0375 0.0703125
4 0.05546875 0.3421875 0.04140625 0.1140625
2 0.62265625 0.59765625 0.48671875 0.7984375
0 0.30625 0.4140625 0.040625 0.13125
3 0.2984375 0.27890625 0.06875 0.053125
3 0.334375 0.340625 0.09296875 0.08125
2 0.9296875 0.5859375 0.1296875 0.54375
0 0.91328125 0.80546875 0.08359375 0.3421875
0 0.35625 0.496875 0.040625 0.18125
4 0.19765625 0.89921875 0.0890625 0.18515625
4 0.06953125 0.878125 0.07109375 0.2328125
5 0.75078125 0.18828125 0.1140625 0.11875
2 0.11796875 0.1625 0.06171875 0.09375
3 0.3515625 0.23671875 0.03828125 0.06796875
4 0.06015625 0.5609375 0.03203125 0.21328125
4 0.02109375 0.48515625 0.0328125 0.0984375
0 0.16171875 0.2625 0.0140625 0.07890625
0 0.178125 0.26796875 0.015625 0.06015625
0 0.11875 0.25 0.02578125 0.065625
0 0.1015625 0.2125 0.01484375 0.059375
0 0.1875 0.190625 0.01171875 0.05
0 0.20546875 0.196875 0.01171875 0.06015625
3 0.1921875 0.1625 0.02734375 0.03984375
3 0.165625 0.1421875 0.02265625 0.02265625
3 0.0734375 0.14609375 0.01953125 0.04140625