4 0.88046875 0.7703125 0.2390625 0.0734375
4 0.86953125 0.92734375 0.259375 0.0875
4 0.43125 0.828125 0.0875 0.0609375
4 0.31875 0.675 0.06875 0.03125
4 0.88046875 0.7703125 0.2390625 0.0734375
4 0.86953125 0.92734375 0.259375 0.0875
4 0.43125 0.828125 0.0875 0.0609375
0 0.56875 0.16640625 0.2359375 0.05625
0 0.3328125 0.671875 0.109375 0.034375
3 0.675 0.384375 0.290625 0.2265625
2 0.209375 0.84453125 0.146875 0.0859375
3 0.37109375 0.484375 0.115625 0.10625
2 0.21171875 0.7328125 0.2578125 0.1375
3 0.40859375 0.5640625 0.125 0.121875
4 0.88046875 0.7703125 0.2390625 0.0734375
4 0.86953125 0.92734375 0.259375 0.0875
3 0.6796875 0.771875 0.3 0.221875
3 0.53828125 0.33515625 0.2625 0.19375
3 0.57578125 0.8125 0.18125 0.15
3 0.33828125 0.871875 0.109375 0.075
3 0.52890625 0.034375 0.2078125 0.06875
1 0.51328125 0.64921875 0.2125 0.1
3 0.434375 0.34453125 0.134375 0.175
3 0.13046875 0.90703125 0.034375 0.025
0 0.44375 0.23125 0.1828125 0.053125
5 0.24140625 0.41171875 0.225 0.2140625
4 0.47109375 0.9484375 0.2171875 0.04375
0 0.2859375 0.625 0.071875 0.025
2 0.12578125 0.85546875 0.05625 0.071875
3 0.21953125 0.65078125 0.075 0.046875
3 0.23671875 0.175 0.0703125 0.078125
3 0.1734375 0.54296875 0.059375 0.0296875
4 0.48125 0.8875 0.1140625 0.028125