3 0.37109375 0.471875 0.15546875 0.1609375
3 0.48359375 0.38828125 0.11484375 0.11484375
3 0.72734375 0.54375 0.2015625 0.18515625
3 0.1859375 0.540625 0.146875 0.153125
3 0.225 0.69375 0.21796875 0.26796875
0 0.8234375 0.48203125 0.0703125 0.12421875
3 0.90859375 0.709375 0.1828125 0.29375
3 0.41328125 0.2734375 0.0640625 0.078125
5 0.72890625 0.353125 0.1921875 0.23046875
3 0.12578125 0.3375 0.08125 0.09140625
0 0.22421875 0.240625 0.0484375 0.09140625
0 0.56875 0.346875 0.09140625 0.11953125
0 0.3015625 0.3328125 0.0421875 0.11328125
0 0.26328125 0.34921875 0.0421875 0.1203125
1 0.15546875 0.23515625 0.05 0.07890625
4 0.04140625 0.5046875 0.06328125 0.12265625
4 0.06484375 0.33203125 0.03359375 0.08125
1 0.9703125 0.27109375 0.059375 0.071875
4 0.4953125 0.95625 0.09609375 0.08515625
4 0.08671875 0.7625 0.04296875 0.06796875
5 0.34296875 0.27109375 0.07421875 0.10546875
4 0.01328125 0.75546875 0.0265625 0.21953125
4 0.08984375 0.8078125 0.06328125 0.14140625
0 0.57578125 0.6015625 0.05859375 0.24375
0 0.1375 0.38515625 0.0453125 0.14609375
5 0.48828125 0.26015625 0.1015625 0.12734375
5 0.2875 0.14609375 0.0875 0.09453125
5 0.190625 0.13046875 0.059375 0.09609375
3 0.1859375 0.2046875 0.02265625 0.04609375
3 0.28125 0.22265625 0.05234375 0.065625
0 0.27890625 0.253125 0.02109375 0.1
3 0.1140625 0.2203125 0.02890625 0.0734375
0 0.09296875 0.171875 0.0125 0.0484375
0 0.12578125 0.17421875 0.0265625 0.02734375
3 0.15390625 0.15859375 0.01640625 0.05
1 0.10390625 0.146875 0.01875 0.04296875
3 0.12734375 0.1328125 0.021875 0.0328125
0 0.07890625 0.15234375 0.0171875 0.05703125
3 0.090625 0.11328125 0.02109375 0.0234375
5 0.34921875 0.13671875 0.0390625 0.0578125
1 0.6046875 0.196875 0.0359375 0.0421875
3 0.82734375 0.23359375 0.053125 0.0671875
0 0.66015625 0.20859375 0.01875 0.053125
0 0.69609375 0.215625 0.015625 0.0328125
3 0.915625 0.2359375 0.08203125 0.05234375