3 0.2375 0.68984375 0.1828125 0.25
2 0.61328125 0.3 0.19296875 0.228125
3 0.1421875 0.2203125 0.04765625 0.053125
3 0.728125 0.56328125 0.165625 0.1875
3 0.10234375 0.28046875 0.075 0.090625
3 0.34453125 0.32265625 0.075 0.10859375
3 0.18515625 0.3015625 0.06953125 0.0890625
3 0.18203125 0.55390625 0.1515625 0.16875
0 0.22421875 0.2765625 0.02890625 0.0890625
1 0.1375 0.171875 0.03515625 0.03984375
3 0.19140625 0.1984375 0.0453125 0.03046875
1 0.48984375 0.36484375 0.0828125 0.1390625
0 0.2671875 0.2625 0.02890625 0.07734375
3 0.4140625 0.27578125 0.0578125 0.0828125
3 0.09375 0.15859375 0.0296875 0.0375
1 0.25390625 0.21640625 0.04375 0.0609375
1 0.11875 0.403125 0.10078125 0.1484375
4 0.03515625 0.3515625 0.06015625 0.1375
0 0.28671875 0.20859375 0.01796875 0.06640625
0 0.30546875 0.2125 0.015625 0.05234375
0 0.3140625 0.25390625 0.015625 0.0640625
0 0.371875 0.23984375 0.0203125 0.0578125
5 0.21640625 0.1734375 0.04296875 0.065625
1 0.11953125 0.1484375 0.021875 0.03515625
5 0.1453125 0.11640625 0.0546875 0.06484375
0 0.08828125 0.13203125 0.0078125 0.01328125
4 0.31953125 0.40625 0.0375 0.13984375
4 0.03828125 0.50390625 0.0578125 0.14296875
0 0.575 0.43984375 0.0484375 0.14921875
0 0.621875 0.6578125 0.04921875 0.25390625
0 0.8234375 0.68515625 0.08671875 0.28203125
5 0.34140625 0.1203125 0.07265625 0.084375
2 0.2109375 0.09765625 0.03515625 0.059375