3 0.8265625 0.57578125 0.2359375 0.21015625
3 0.94296875 0.865625 0.109375 0.26875
3 0.24140625 0.6953125 0.19765625 0.26796875
3 0.184375 0.546875 0.146875 0.171875
1 0.25 0.31484375 0.065625 0.10234375
1 0.6296875 0.41484375 0.115625 0.1703125
0 0.5453125 0.50546875 0.06015625 0.19375
0 0.16484375 0.2140625 0.02109375 0.0640625
3 0.9609375 0.26484375 0.078125 0.0859375
0 0.3515625 0.3578125 0.04375 0.1546875
1 0.46171875 0.3765625 0.12265625 0.17734375
3 0.10703125 0.17734375 0.0421875 0.0546875
1 0.20859375 0.2609375 0.04140625 0.08359375
3 0.40859375 0.25546875 0.03515625 0.06171875
0 0.13359375 0.39375 0.0390625 0.13671875
3 0.36328125 0.26484375 0.06640625 0.0796875
0 0.77421875 0.4171875 0.0515625 0.1046875
3 0.0890625 0.2296875 0.053125 0.059375
1 0.271875 0.23515625 0.04140625 0.03984375
3 0.23203125 0.2203125 0.03671875 0.0328125
5 0.22890625 0.12578125 0.10625 0.12578125
0 0.15546875 0.21796875 0.0328125 0.07421875
3 0.2296875 0.20625 0.03984375 0.02109375
3 0.30546875 0.2453125 0.03515625 0.0578125
4 0.040625 0.50859375 0.06796875 0.12265625
4 0.05390625 0.3171875 0.03515625 0.06953125
3 0.21796875 0.18984375 0.0375 0.0328125
3 0.12578125 0.33515625 0.0828125 0.096875
4 0.38828125 0.94609375 0.0609375 0.1078125
4 0.0828125 0.803125 0.06328125 0.146875
4 0.05234375 0.415625 0.02421875 0.146875
3 0.0875 0.30546875 0.03359375 0.08828125
2 0.10234375 0.11328125 0.0453125 0.071875
3 0.13359375 0.15390625 0.0203125 0.02734375
3 0.14296875 0.1296875 0.025 0.021875
3 0.1671875 0.16484375 0.03359375 0.03828125
0 0.18828125 0.19921875 0.0140625 0.03203125
3 0.4375 0.2578125 0.0203125 0.0625
3 0.3296875 0.221875 0.034375 0.04609375
0 0.27265625 0.2 0.0140625 0.02421875
0 0.29921875 0.3765625 0.02890625 0.13046875
5 0.57734375 0.17109375 0.06015625 0.10234375
0 0.91796875 0.246875 0.015625 0.0625