3 0.24921875 0.76484375 0.29375 0.2171875
5 0.575 0.35546875 0.2609375 0.159375
3 0.40859375 0.82890625 0.1875 0.153125
0 0.34140625 0.32890625 0.259375 0.1
1 0.66484375 0.65859375 0.10625 0.075
3 0.58828125 0.5796875 0.14375 0.128125
3 0.40078125 0.1578125 0.2765625 0.24375
5 0.58203125 0.115625 0.215625 0.23125
0 0.6421875 0.765625 0.10625 0.0515625
5 0.73359375 0.63828125 0.15 0.134375
3 0.7453125 0.75625 0.084375 0.0625
0 0.76328125 0.7875 0.06875 0.0296875
0 0.7578125 0.865625 0.075 0.01875
0 0.74765625 0.8421875 0.0875 0.028125
3 0.12109375 0.1046875 0.2421875 0.209375
4 0.09453125 0.94609375 0.171875 0.075
2 0.834375 0.83515625 0.140625 0.0875
3 0.8109375 0.4640625 0.05625 0.0546875
0 0.43515625 0.6390625 0.24375 0.05
0 0.6140625 0.5125 0.13125 0.040625
5 0.90546875 0.91015625 0.065625 0.05
4 0.58515625 0.89140625 0.146875 0.0375
4 0.44765625 0.97890625 0.1234375 0.0421875
4 0.55625 0.97578125 0.16875 0.0203125
4 0.61875 0.95859375 0.15 0.0203125
4 0.6734375 0.97578125 0.028125 0.0125
0 0.74296875 0.90625 0.08125 0.0203125
3 0.8484375 0.9015625 0.05 0.034375
3 0.84296875 0.96015625 0.0609375 0.0140625
3 0.85234375 0.93828125 0.053125 0.025
5 0.8375 0.68203125 0.084375 0.0703125
4 0.01875 0.51015625 0.0375 0.125