3 0.29375 0.559375 0.103125 0.103125
3 0.515625 0.8609375 0.165625 0.153125
3 0.471875 0.1078125 0.221875 0.215625
0 0.6078125 0.11171875 0.2375 0.08125
3 0.67734375 0.8109375 0.28125 0.23125
1 0.3265625 0.70859375 0.096875 0.0953125
1 0.6375 0.34765625 0.2984375 0.18125
3 0.2015625 0.06484375 0.0875 0.1296875
3 0.1921875 0.9125 0.06875 0.059375
1 0.2234375 0.78671875 0.096875 0.0640625
3 0.378125 0.45625 0.134375 0.128125
3 0.29140625 0.9265625 0.090625 0.078125
4 0.1171875 0.8203125 0.0703125 0.053125
4 0.825 0.96953125 0.209375 0.0609375
4 0.36875 0.9953125 0.15 0.009375
4 0.284375 0.98828125 0.0703125 0.0234375
0 0.17109375 0.8703125 0.065625 0.028125
4 0.475 0.9921875 0.125 0.015625
1 0.64765625 0.58359375 0.30625 0.1671875
0 0.659375 0.1609375 0.259375 0.128125
4 0.74140625 0.971875 0.071875 0.0421875
5 0.1 0.8609375 0.0765625 0.040625
4 0.82578125 0.04375 0.3484375 0.0875
0 0.41015625 0.425 0.109375 0.0453125
0 0.44765625 0.62421875 0.078125 0.0640625
4 0.75078125 0.68828125 0.25 0.075
0 0.34921875 0.91484375 0.1734375 0.05
3 0.2359375 0.9703125 0.0546875 0.04375
3 0.1765625 0.98671875 0.071875 0.0265625
3 0.2078125 0.82421875 0.096875 0.015625
3 0.15 0.765625 0.04375 0.0359375
3 0.1984375 0.6703125 0.0859375 0.0375
5 0.24453125 0.72265625 0.11875 0.078125
1 0.17265625 0.7234375 0.0375 0.040625
0 0.13515625 0.92109375 0.04375 0.03125
0 0.1390625 0.88359375 0.0625 0.0125
3 0.109375 0.95625 0.053125 0.0203125
3 0.078125 0.91796875 0.0375 0.01875
0 0.10546875 0.9796875 0.053125 0.021875
0 0.0671875 0.95 0.0234375 0.04375
2 0.04921875 0.77421875 0.075 0.0734375
5 0.08515625 0.59921875 0.115625 0.09375
0 0.13671875 0.5078125 0.046875 0.0125
0 0.1390625 0.41875 0.034375 0.0171875
4 0.15390625 0.3625 0.053125 0.0125
3 0.178125 0.2890625 0.04375 0.06875
0 0.17890625 0.2421875 0.040625 0.015625
3 0.18984375 0.19921875 0.0578125 0.0625
0 0.18359375 0.1578125 0.040625 0.01875