3 0.51015625 0.3078125 0.2625 0.196875
3 0.61328125 0.68984375 0.203125 0.128125
3 0.76953125 0.68984375 0.1109375 0.075
1 0.75625 0.76640625 0.11875 0.0703125
3 0.30390625 0.7484375 0.315625 0.21875
4 0.22421875 0.7828125 0.284375 0.1203125
4 0.20234375 0.9390625 0.2421875 0.121875
4 0.5109375 0.9671875 0.171875 0.065625
3 0.4359375 0.815625 0.2453125 0.190625
3 0.7421875 0.55625 0.184375 0.090625
0 0.6859375 0.484375 0.1625 0.065625
3 0.68203125 0.88203125 0.1390625 0.1046875
4 0.68125 0.9734375 0.1375 0.040625
4 0.66015625 0.95 0.1671875 0.04375
0 0.7984375 0.64453125 0.096875 0.065625
4 0.778125 0.9015625 0.059375 0.03125
0 0.78125 0.8703125 0.08125 0.0421875
3 0.82265625 0.78828125 0.0890625 0.0578125
0 0.81640625 0.72890625 0.08125 0.034375
3 0.88984375 0.909375 0.08125 0.04375
0 0.8609375 0.86640625 0.065625 0.025
2 0.9125 0.85859375 0.1046875 0.0546875
3 0.87421875 0.8296875 0.0640625 0.0515625
3 0.8671875 0.79296875 0.0609375 0.053125
5 0.91484375 0.5234375 0.1703125 0.16875
0 0.84453125 0.41171875 0.0640625 0.0375
0 0.8 0.18125 0.065625 0.06875
3 0.76875 0.04296875 0.09375 0.0859375
3 0.925 0.90625 0.0265625 0.03125
3 0.8109375 0.9265625 0.065625 0.0484375
3 0.83515625 0.9625 0.059375 0.0390625
3 0.884375 0.62890625 0.05 0.021875
5 0.9078125 0.72890625 0.0578125 0.05
5 0.9796875 0.9015625 0.040625 0.034375
2 0.26171875 0.0453125 0.5234375 0.090625