3 0.3078125 0.4359375 0.10390625 0.1421875
3 0.1828125 0.55859375 0.125 0.16953125
3 0.2359375 0.69375 0.15390625 0.26328125
5 0.91640625 0.4453125 0.1671875 0.228125
3 0.921875 0.27421875 0.0828125 0.0578125
2 0.95 0.20859375 0.1 0.11875
0 0.48671875 0.64375 0.0625 0.2453125
0 0.56875 0.47890625 0.046875 0.1796875
0 0.6921875 0.47734375 0.0546875 0.1765625
0 0.41796875 0.39375 0.040625 0.103125
0 0.24296875 0.32734375 0.021875 0.0765625
0 0.34921875 0.3125 0.03984375 0.10546875
4 0.05390625 0.35234375 0.02578125 0.1359375
4 0.07578125 0.29140625 0.05546875 0.0921875
5 0.0921875 0.19140625 0.03984375 0.0765625
3 0.1515625 0.2140625 0.0203125 0.0609375
1 0.2203125 0.221875 0.03671875 0.07109375
3 0.253125 0.215625 0.03046875 0.0515625
3 0.30546875 0.221875 0.05 0.0640625
3 0.3578125 0.23828125 0.0640625 0.05625
3 0.615625 0.2015625 0.0546875 0.05625
3 0.80859375 0.22578125 0.05859375 0.05625
4 0.034375 0.5125 0.05 0.13125
4 0.0609375 0.884375 0.040625 0.23125
4 0.25625 0.84453125 0.04453125 0.2890625
2 0.325 0.11953125 0.0734375 0.084375
5 0.23828125 0.0984375 0.05546875 0.0765625