3 0.8859375 0.55234375 0.2265625 0.19375
5 0.5984375 0.3484375 0.1546875 0.19609375
3 0.78828125 0.4 0.1625 0.1453125
2 0.15546875 0.153125 0.09296875 0.121875
3 0.70625 0.690625 0.2609375 0.2859375
3 0.23046875 0.69921875 0.22109375 0.26875
3 0.4109375 0.36015625 0.10546875 0.10703125
3 0.509375 0.29765625 0.07421875 0.07578125
0 0.48046875 0.346875 0.046875 0.10390625
3 0.18359375 0.54140625 0.140625 0.153125
0 0.35234375 0.42421875 0.053125 0.1234375
3 0.27265625 0.3421875 0.10234375 0.128125
4 0.13046875 0.39296875 0.02578125 0.134375
0 0.1765625 0.28671875 0.0265625 0.084375
4 0.03984375 0.50625 0.06484375 0.11953125
3 0.36875 0.26796875 0.07578125 0.04296875
0 0.1984375 0.3046875 0.0265625 0.0875
3 0.38125 0.228125 0.05390625 0.03671875
3 0.171875 0.2390625 0.06640625 0.05390625
0 0.97109375 0.66953125 0.05703125 0.18046875
0 0.44609375 0.2796875 0.0359375 0.078125
4 0.09296875 0.3609375 0.0234375 0.12109375
3 0.26171875 0.26875 0.053125 0.03203125
3 0.62578125 0.5015625 0.1875 0.1390625
1 0.9515625 0.8890625 0.09609375 0.22109375
3 0.13671875 0.33359375 0.06015625 0.1078125
3 0.07578125 0.28203125 0.06015625 0.059375
0 0.08828125 0.1875 0.0328125 0.053125
3 0.29765625 0.26171875 0.03515625 0.06328125
1 0.303125 0.21171875 0.03515625 0.040625
3 0.3125 0.19375 0.0421875 0.0375
3 0.221875 0.2234375 0.02578125 0.06796875
0 0.2484375 0.2234375 0.0203125 0.04375
3 0.20859375 0.19140625 0.015625 0.0421875
0 0.2390625 0.17890625 0.04140625 0.034375
2 0.403125 0.14453125 0.05859375 0.071875
1 0.78203125 0.228125 0.0546875 0.05078125
0 0.82265625 0.2453125 0.0171875 0.0375
0 0.853125 0.415625 0.0359375 0.08046875