3 0.93125 0.365625 0.1 0.10625
3 0.8171875 0.75390625 0.24375 0.284375
0 0.79140625 0.4171875 0.046875 0.125
2 0.95390625 0.15625 0.06875 0.0875
2 0.50078125 0.51015625 0.340625 0.640625
1 0.05234375 0.88984375 0.1046875 0.2203125
3 0.75546875 0.32265625 0.0828125 0.1
2 0.1734375 0.48984375 0.309375 0.44375
5 0.04296875 0.234375 0.0859375 0.1734375
3 0.80234375 0.24453125 0.0625 0.053125
4 0.82265625 0.96328125 0.0984375 0.0734375
1 0.8625 0.284375 0.0625 0.0859375
0 0.81796875 0.3515625 0.0375 0.1078125
3 0.859375 0.16640625 0.046875 0.05
3 0.86484375 0.58515625 0.1625 0.165625
4 0.9953125 0.44140625 0.009375 0.125
4 0.971875 0.91796875 0.05625 0.1640625
4 0.9953125 0.34921875 0.009375 0.078125
1 0.92578125 0.21171875 0.040625 0.0515625
3 0.71484375 0.2515625 0.0453125 0.0390625
3 0.8046875 0.1984375 0.0609375 0.0421875
3 0.846875 0.215625 0.05625 0.04375
1 0.26171875 0.234375 0.065625 0.0625
3 0.74609375 0.2171875 0.04375 0.05