3 0.325 0.42578125 0.140625 0.0953125
3 0.39609375 0.58125 0.1515625 0.1328125
3 0.7515625 0.265625 0.3046875 0.215625
3 0.6046875 0.19453125 0.2234375 0.16875
2 0.18984375 0.340625 0.1203125 0.096875
4 0.365625 0.053125 0.15 0.028125
3 0.64609375 0.8625 0.328125 0.275
1 0.31796875 0.30234375 0.1375 0.065625
5 0.15234375 0.16953125 0.103125 0.0625
0 0.24453125 0.190625 0.1125 0.065625
0 0.2453125 0.20859375 0.10625 0.03125
4 0.8390625 0.3015625 0.284375 0.115625
3 0.36484375 0.67890625 0.146875 0.1140625
4 0.87109375 0.06953125 0.209375 0.13125
4 0.534375 0.03828125 0.171875 0.0671875
3 0.2953125 0.06171875 0.125 0.090625
3 0.2015625 0.23125 0.0671875 0.04375
3 0.1921875 0.2625 0.06875 0.040625
5 0.07890625 0.1484375 0.0953125 0.0625
5 0.06640625 0.1046875 0.0890625 0.04375
0 0.1578125 0.08984375 0.065625 0.0125
0 0.1703125 0.121875 0.059375 0.0125
0 0.2140625 0.1421875 0.075 0.01875
0 0.4703125 0.3984375 0.18125 0.053125
0 0.40078125 0.35390625 0.1515625 0.0375
0 0.35390625 0.31796875 0.153125 0.03125
2 0.08203125 0.20859375 0.05625 0.034375
3 0.415625 0.8703125 0.096875 0.153125