3 0.98515625 0.25703125 0.0296875 0.0875
3 0.13671875 0.7765625 0.2734375 0.325
0 0.16171875 0.53203125 0.090625 0.190625
3 0.81484375 0.68515625 0.1890625 0.209375
3 0.8796875 0.5578125 0.1625 0.1875
3 0.4953125 0.4765625 0.14375 0.184375
0 0.85625 0.27890625 0.046875 0.1125
1 0.94609375 0.40859375 0.1078125 0.178125
4 0.78671875 0.790625 0.096875 0.184375
0 0.39921875 0.17578125 0.0265625 0.0484375
0 0.7765625 0.246875 0.021875 0.103125
3 0.034375 0.2453125 0.06875 0.11875
3 0.63671875 0.25 0.0796875 0.103125
3 0.82265625 0.153125 0.05 0.059375
3 0.8546875 0.18828125 0.05625 0.0703125
5 0.9171875 0.15234375 0.05 0.090625
3 0.95546875 0.11171875 0.040625 0.05625
0 0.2296875 0.50625 0.065625 0.190625
3 0.69140625 0.2203125 0.05 0.078125
3 0.740625 0.19609375 0.040625 0.06875
1 0.77421875 0.21015625 0.053125 0.1
3 0.88671875 0.1328125 0.01875 0.059375
4 0.99453125 0.2890625 0.0109375 0.06875
4 0.89140625 0.8921875 0.05625 0.1296875