0 0.6796875 0.1921875 0.29375 0.1125
1 0.38828125 0.9359375 0.171875 0.109375
3 0.39921875 0.3046875 0.159375 0.1625
3 0.5484375 0.86171875 0.1859375 0.159375
3 0.6875 0.803125 0.2421875 0.190625
1 0.125 0.95546875 0.0640625 0.0296875
3 0.47109375 0.509375 0.19375 0.159375
3 0.2390625 0.62109375 0.090625 0.08125
1 0.24375 0.05625 0.090625 0.096875
4 0.3203125 0.99765625 0.13125 0.0046875
2 0.153125 0.3875 0.109375 0.1125
4 0.8109375 0.77265625 0.2609375 0.065625
4 0.509375 0.98671875 0.15 0.0265625
0 0.14296875 0.90234375 0.0546875 0.01875
3 0.23359375 0.746875 0.08125 0.065625
4 0.85703125 0.9765625 0.1828125 0.046875
0 0.1171875 0.9140625 0.05 0.0125
2 0.075 0.9375 0.0625 0.0375
2 0.08828125 0.73828125 0.06875 0.04375
5 0.071875 0.80703125 0.05 0.0421875
5 0.1359375 0.49609375 0.078125 0.0515625
3 0.24765625 0.97421875 0.0890625 0.0515625
4 0.26875 0.97890625 0.059375 0.0203125