1 0.328125 0.4234375 0.09375 0.16484375
3 0.14921875 0.2609375 0.05625 0.0734375
3 0.18125 0.546875 0.15078125 0.16953125
3 0.234375 0.69765625 0.19453125 0.25390625
3 0.125 0.33515625 0.07890625 0.09921875
0 0.24609375 0.25859375 0.02109375 0.07578125
0 0.26171875 0.26328125 0.02265625 0.0765625
1 0.40234375 0.35703125 0.06875 0.13046875
3 0.28125 0.22265625 0.0484375 0.040625
3 0.61484375 0.46015625 0.13203125 0.1390625
1 0.0921875 0.18984375 0.0421875 0.0546875
0 0.20390625 0.1984375 0.0265625 0.0484375
0 0.5875 0.3421875 0.05234375 0.0953125
3 0.7359375 0.5625 0.1875 0.23359375
0 0.21171875 0.259375 0.0296875 0.08203125
0 0.2046875 0.2328125 0.021875 0.03828125
1 0.9296875 0.57890625 0.1375 0.2765625
5 0.29140625 0.15078125 0.10546875 0.17109375
3 0.12890625 0.23515625 0.06640625 0.0828125
3 0.928125 0.25078125 0.1109375 0.0890625
0 0.5390625 0.62890625 0.08046875 0.2671875
0 0.35859375 0.26015625 0.02578125 0.0640625
1 0.3015625 0.30703125 0.06015625 0.06953125
0 0.6421875 0.60234375 0.07578125 0.24375
0 0.85234375 0.82578125 0.134375 0.3375
4 0.05859375 0.415625 0.03828125 0.1765625
3 0.54765625 0.3140625 0.04921875 0.0828125
3 0.48828125 0.34140625 0.08515625 0.1078125
4 0.0734375 0.83359375 0.075 0.1546875
4 0.03671875 0.4890625 0.06171875 0.1796875
0 0.16484375 0.41171875 0.0546875 0.12265625
0 0.44609375 0.45546875 0.040625 0.19453125
0 0.5125 0.475 0.0484375 0.19140625
3 0.8 0.24296875 0.09140625 0.07265625