3 0.91171875 0.61171875 0.17578125 0.23359375
1 0.2578125 0.2765625 0.0546875 0.09609375
3 0.23828125 0.6953125 0.19140625 0.26640625
3 0.18046875 0.54765625 0.14375 0.17109375
5 0.671875 0.259375 0.2421875 0.26484375
3 0.653125 0.678125 0.23984375 0.2640625
3 0.18671875 0.2796875 0.05859375 0.09375
0 0.2171875 0.3640625 0.03828125 0.1015625
0 0.509375 0.3953125 0.05234375 0.15078125
0 0.31328125 0.24765625 0.03671875 0.08671875
3 0.12265625 0.34140625 0.0828125 0.10703125
1 0.128125 0.22890625 0.0515625 0.078125
3 0.35703125 0.28359375 0.0859375 0.06640625
0 0.97109375 0.265625 0.0578125 0.11484375
1 0.9578125 0.78125 0.07734375 0.39453125
3 0.66796875 0.4484375 0.184375 0.1875
3 0.33828125 0.3625 0.103125 0.11171875
3 0.434375 0.34140625 0.10234375 0.10234375
3 0.08828125 0.16171875 0.03984375 0.04921875
4 0.08125 0.88125 0.0875 0.2375
5 0.1890625 0.178125 0.04921875 0.0828125