3 0.45546875 0.82734375 0.178125 0.153125
5 0.44140625 0.1390625 0.26875 0.175
3 0.3125 0.75546875 0.271875 0.196875
1 0.73515625 0.7453125 0.115625 0.0625
1 0.77890625 0.83828125 0.0984375 0.046875
3 0.846875 0.48046875 0.04375 0.0515625
5 0.93828125 0.7046875 0.103125 0.090625
2 0.43203125 0.42890625 0.6890625 0.44375
3 0.85390625 0.84921875 0.0484375 0.0375
5 0.9078125 0.68125 0.0453125 0.04375
3 0.8421875 0.759375 0.0375 0.0390625
0 0.78671875 0.6375 0.0515625 0.025
0 0.846875 0.90859375 0.103125 0.065625
3 0.90390625 0.871875 0.0390625 0.0296875
3 0.89140625 0.91640625 0.021875 0.0375
4 0.52265625 0.9671875 0.15625 0.065625
3 0.8921875 0.84921875 0.028125 0.028125
4 0.48671875 0.790625 0.0734375 0.0515625
1 0.615625 0.8859375 0.1328125 0.09375
4 0.703125 0.96640625 0.14375 0.0390625
0 0.7765625 0.70390625 0.09375 0.025
5 0.7328125 0.25390625 0.3015625 0.340625