3 0.2984375 0.659375 0.0921875 0.0875
3 0.70078125 0.78515625 0.240625 0.1875
0 0.26015625 0.740625 0.0890625 0.021875
2 0.8203125 0.06796875 0.359375 0.1359375
3 0.5625 0.83828125 0.175 0.15
1 0.43984375 0.25625 0.2 0.14375
3 0.34140625 0.89453125 0.0984375 0.0703125
5 0.4578125 0.40859375 0.23125 0.1890625
0 0.20078125 0.86796875 0.053125 0.025
3 0.24453125 0.0734375 0.075 0.09375
0 0.35546875 0.69765625 0.115625 0.046875
3 0.7390625 0.06015625 0.209375 0.1203125
3 0.234375 0.81640625 0.0828125 0.05
0 0.1828125 0.90859375 0.065625 0.0234375
2 0.1125 0.86171875 0.06875 0.0609375
3 0.21796875 0.6921875 0.046875 0.0484375
3 0.271875 0.86796875 0.0875 0.065625
0 0.76484375 0.43046875 0.3015625 0.1109375
3 0.24140625 0.63046875 0.05625 0.059375
3 0.31875 0.02890625 0.078125 0.0578125
0 0.36875 0.93359375 0.140625 0.0296875
4 0.32265625 0.96953125 0.0875 0.053125
4 0.83515625 0.7265625 0.2453125 0.0484375
4 0.8109375 0.95234375 0.15625 0.0546875
4 0.875 0.6609375 0.13125 0.0703125
1 0.2046875 0.32421875 0.03125 0.053125
3 0.30625 0.5140625 0.10625 0.0703125
0 0.3203125 0.578125 0.1140625 0.0328125
0 0.31640625 0.4328125 0.0546875 0.0390625
3 0.19765625 0.77578125 0.053125 0.0375
3 0.23515625 0.73671875 0.059375 0.05625
5 0.1390625 0.93984375 0.109375 0.04375
3 0.18046875 0.88203125 0.0515625 0.015625
4 0.47734375 0.9671875 0.203125 0.0265625
4 0.47109375 0.94453125 0.184375 0.021875
4 0.4328125 0.8359375 0.0734375 0.0359375
0 0.4703125 0.56796875 0.1921875 0.0484375