2 0.0625 0.909375 0.125 0.18125
3 0.834375 0.55625 0.153125 0.18125
3 0.7875 0.6984375 0.178125 0.265625
3 0.81796875 0.37890625 0.125 0.159375
0 0.12265625 0.5125 0.0828125 0.184375
0 0.359375 0.45390625 0.090625 0.209375
3 0.90234375 0.3265625 0.0796875 0.1125
0 0.73828125 0.25625 0.0296875 0.071875
3 0.77890625 0.1796875 0.0546875 0.0609375
4 0.665625 0.81171875 0.0796875 0.234375
0 0.25625 0.471875 0.075 0.190625
3 0.25078125 0.39921875 0.140625 0.146875
4 0.93671875 0.84609375 0.08125 0.20625
4 0.9609375 0.52734375 0.0421875 0.221875
4 0.97890625 0.45234375 0.021875 0.2046875
3 0.965625 0.2125 0.04375 0.0703125
0 0.83515625 0.25078125 0.025 0.0921875
0 0.88203125 0.19921875 0.01875 0.075
1 0.90859375 0.17734375 0.0328125 0.065625
3 0.83671875 0.18125 0.0421875 0.05
3 0.70625 0.22265625 0.05625 0.090625
3 0.0625 0.2359375 0.0984375 0.0859375
3 0.2125 0.2234375 0.059375 0.0515625
3 0.16171875 0.215625 0.059375 0.065625
1 0.2890625 0.225 0.04375 0.0515625
5 0.5484375 0.3578125 0.1765625 0.321875
1 0.50390625 0.1671875 0.040625 0.05625
5 0.725 0.0984375 0.05625 0.065625
5 0.8765625 0.096875 0.05625 0.0640625
0 0.93828125 0.15078125 0.015625 0.046875