3 0.734375 0.74140625 0.278125 0.1921875
2 0.76875 0.14296875 0.4625 0.2859375
3 0.56484375 0.81015625 0.175 0.1546875
0 0.3546875 0.6859375 0.11875 0.0453125
3 0.178125 0.87421875 0.053125 0.046875
3 0.21875 0.76171875 0.0609375 0.0625
0 0.221875 0.840625 0.0578125 0.03125
3 0.30625 0.6984375 0.0921875 0.090625
3 0.25703125 0.6390625 0.08125 0.065625
0 0.20703125 0.8984375 0.05625 0.03125
3 0.34453125 0.86484375 0.1 0.0734375
0 0.5203125 0.2703125 0.2625 0.1
0 0.434375 0.396875 0.18125 0.090625
0 0.39453125 0.6234375 0.140625 0.040625
0 0.17421875 0.8359375 0.059375 0.0359375
5 0.121875 0.746875 0.10625 0.0828125
3 0.28046875 0.703125 0.046875 0.084375
1 0.246875 0.7390625 0.078125 0.0625
4 0.47265625 0.98359375 0.228125 0.0328125
4 0.33203125 0.95625 0.0625 0.025
3 0.2 0.375 0.046875 0.075
0 0.4546875 0.56015625 0.1875 0.053125
0 0.4984375 0.4515625 0.196875 0.046875
0 0.38828125 0.48671875 0.125 0.0390625
3 0.31328125 0.54609375 0.0921875 0.071875
2 0.11953125 0.58515625 0.11875 0.10625
4 0.88359375 0.7671875 0.2 0.0765625
4 0.85 0.825 0.3 0.0546875
4 0.84375 0.921875 0.11875 0.065625
4 0.440625 0.84609375 0.065625 0.025
4 0.4328125 0.79765625 0.0984375 0.0234375
4 0.48125 0.9578125 0.21875 0.028125
4 0.47578125 0.91640625 0.2 0.03125
4 0.24453125 0.925 0.0421875 0.015625
4 0.26015625 0.9078125 0.021875 0.0125
4 0.24453125 0.89375 0.059375 0.01875
0 0.3359375 0.79375 0.1140625 0.0421875
4 0.34609375 0.91328125 0.040625 0.01875
0 0.36640625 0.5875 0.128125 0.025
0 0.3484375 0.55078125 0.078125 0.025
5 0.18203125 0.1296875 0.153125 0.259375