2 0.85234375 0.240625 0.128125 0.125
3 0.73359375 0.184375 0.084375 0.0703125
5 0.72578125 0.71640625 0.378125 0.31875
0 0.5828125 0.309375 0.159375 0.053125
0 0.6171875 0.48046875 0.1296875 0.059375
0 0.62421875 0.384375 0.1375 0.053125
3 0.471875 0.175 0.1484375 0.159375
4 0.659375 0.05 0.1421875 0.0546875
3 0.803125 0.15390625 0.05625 0.0609375
4 0.51484375 0.02734375 0.14375 0.0546875
0 0.71484375 0.259375 0.1265625 0.03125
3 0.30859375 0.21796875 0.29375 0.225
0 0.53671875 0.67421875 0.14375 0.0578125
4 0.2109375 0.2515625 0.2265625 0.071875
0 0.728125 0.2890625 0.121875 0.0625
0 0.84921875 0.071875 0.071875 0.0296875
0 0.83046875 0.10234375 0.0734375 0.03125
4 0.16875 0.0546875 0.1421875 0.0625
3 0.74453125 0.921875 0.0890625 0.0765625
3 0.7421875 0.0703125 0.065625 0.03125
3 0.8296875 0.53203125 0.053125 0.0421875
0 0.85234375 0.4484375 0.0421875 0.025
3 0.88671875 0.1171875 0.0390625 0.028125
1 0.8484375 0.13828125 0.034375 0.034375
3 0.90390625 0.07890625 0.03125 0.0390625