3 0.5578125 0.67421875 0.2140625 0.25625
3 0.2359375 0.6703125 0.2015625 0.184375
1 0.1125 0.4140625 0.109375 0.1546875
2 0.73125 0.2078125 0.1640625 0.11875
3 0.1828125 0.55625 0.153125 0.165625
2 0.3 0.325 0.2125 0.3375
5 0.92578125 0.60625 0.1484375 0.275
4 0.19375 0.4296875 0.04375 0.0875
1 0.9859375 0.2890625 0.028125 0.08125
3 0.4671875 0.31640625 0.0921875 0.0875
4 0.23984375 0.834375 0.06875 0.16875
4 0.03203125 0.52265625 0.0640625 0.121875
0 0.54453125 0.38828125 0.0375 0.1234375
0 0.1265625 0.2390625 0.01875 0.06875
0 0.20703125 0.27578125 0.021875 0.0859375
0 0.153125 0.16015625 0.0109375 0.0484375
0 0.18125 0.1734375 0.009375 0.046875
0 0.109375 0.159375 0.025 0.059375