5 0.55078125 0.1515625 0.1359375 0.13984375
1 0.3015625 0.2578125 0.05859375 0.09453125
0 0.578125 0.3921875 0.0671875 0.12109375
0 0.46953125 0.38984375 0.0625 0.12890625
2 0.19140625 0.1859375 0.10546875 0.13984375
3 0.12578125 0.3421875 0.07890625 0.0921875
0 0.228125 0.28515625 0.03359375 0.0859375
4 0.29921875 0.490625 0.04609375 0.16640625
1 0.41640625 0.1484375 0.06875 0.05546875
4 0.040625 0.50703125 0.06171875 0.115625
3 0.18828125 0.5421875 0.15703125 0.15625
0 0.10546875 0.1921875 0.025 0.0640625
1 0.1671875 0.29375 0.0390625 0.10390625
3 0.2484375 0.7046875 0.1921875 0.24765625
0 0.98515625 0.53203125 0.02890625 0.2015625
0 0.771875 0.2359375 0.034375 0.0421875
5 0.30078125 0.109375 0.07109375 0.10625
5 0.12890625 0.13828125 0.05546875 0.0921875
5 0.82421875 0.2484375 0.0234375 0.0484375