3 0.25390625 0.5875 0.2078125 0.23125
3 0.76640625 0.7015625 0.203125 0.275
2 0.3328125 0.32578125 0.184375 0.228125
3 0.82109375 0.54453125 0.1421875 0.1625
3 0.5109375 0.57890625 0.2109375 0.221875
3 0.18671875 0.45703125 0.178125 0.175
0 0.62421875 0.36171875 0.0421875 0.128125
3 0.87578125 0.23125 0.05 0.0625
1 0.834375 0.27265625 0.05 0.0625
5 0.55546875 0.31171875 0.10625 0.13125
1 0.83125 0.2296875 0.0375 0.040625
0 0.6875 0.35390625 0.040625 0.10625
0 0.6765625 0.2953125 0.03125 0.071875
3 0.4609375 0.31953125 0.0796875 0.109375
0 0.73359375 0.290625 0.05625 0.121875
0 0.75625 0.27265625 0.025 0.0796875
4 0.953125 0.42890625 0.021875 0.1546875
4 0.94375 0.33515625 0.0359375 0.078125
0 0.85625 0.18671875 0.015625 0.034375
3 0.82109375 0.165625 0.021875 0.04375
3 0.81875 0.175 0.028125 0.053125
0 0.903125 0.18984375 0.01875 0.046875
3 0.07265625 0.2484375 0.0953125 0.096875
0 0.86953125 0.3828125 0.046875 0.109375
3 0.8578125 0.18359375 0.034375 0.040625
1 0.884375 0.1578125 0.0234375 0.0390625
0 0.85703125 0.14765625 0.0203125 0.025
0 0.859375 0.14765625 0.021875 0.0328125
1 0.88125 0.3359375 0.0953125 0.1015625
3 0.76484375 0.23046875 0.053125 0.06875
0 0.67734375 0.5125 0.0484375 0.1875
3 0.175 0.22734375 0.0515625 0.0609375
0 0.546875 0.35546875 0.0375 0.121875
0 0.50625 0.4140625 0.04375 0.109375
4 0.92578125 0.796875 0.0609375 0.121875
4 0.9125 0.8625 0.0875 0.0953125
4 0.503125 0.94453125 0.0859375 0.109375
4 0.97265625 0.51171875 0.0546875 0.103125
5 0.775 0.14375 0.0625 0.0890625
5 0.66171875 0.184375 0.1015625 0.153125
3 0.65234375 0.2609375 0.034375 0.078125
3 0.84140625 0.1453125 0.0125 0.0375
0 0.91953125 0.1703125 0.0125 0.04375
0 0.90625 0.146875 0.0171875 0.0328125
3 0.921875 0.2921875 0.0359375 0.071875