3 0.34921875 0.26796875 0.08046875 0.084375
0 0.45859375 0.47734375 0.06171875 0.146875
3 0.8984375 0.715625 0.19765625 0.3359375
1 0.47734375 0.35546875 0.11484375 0.13046875
1 0.1171875 0.4203125 0.10078125 0.175
1 0.096875 0.19375 0.03984375 0.06796875
0 0.32265625 0.3234375 0.05390625 0.0921875
3 0.18046875 0.54453125 0.153125 0.16171875
4 0.0390625 0.4953125 0.05703125 0.14375
3 0.28125 0.23984375 0.059375 0.07109375
3 0.23984375 0.7015625 0.203125 0.2796875
5 0.9671875 0.253125 0.065625 0.13359375
1 0.6609375 0.44921875 0.15546875 0.20234375
4 0.053125 0.34921875 0.03125 0.1109375
0 0.14921875 0.22109375 0.02890625 0.0734375
4 0.26015625 0.81484375 0.06484375 0.26171875
4 0.1671875 0.35234375 0.03671875 0.14296875
4 0.22421875 0.29375 0.02578125 0.0921875
4 0.27734375 0.28359375 0.02421875 0.10234375
4 0.20234375 0.2390625 0.021875 0.07890625
4 0.71484375 0.21328125 0.05 0.0609375
3 0.18984375 0.203125 0.03515625 0.05390625
3 0.19296875 0.16171875 0.03984375 0.04296875
5 0.1046875 0.08515625 0.0390625 0.06484375
1 0.13671875 0.15546875 0.0359375 0.05390625