3 0.50078125 0.7515625 0.1765625 0.203125
5 0.18984375 0.77890625 0.178125 0.271875
3 0.4765625 0.915625 0.184375 0.16875
2 0.16796875 0.26484375 0.0859375 0.090625
3 0.69609375 0.2328125 0.2625 0.196875
1 0.334375 0.4046875 0.13125 0.0796875
1 0.21171875 0.23203125 0.053125 0.0375
1 0.4140625 0.1171875 0.15625 0.103125
3 0.246875 0.26328125 0.071875 0.053125
1 0.9046875 0.74609375 0.190625 0.275
0 0.28984375 0.21328125 0.0828125 0.03125
3 0.26328125 0.95859375 0.075 0.0828125
3 0.54453125 0.18046875 0.1578125 0.146875
3 0.28125 0.1046875 0.0875 0.078125
0 0.2421875 0.3171875 0.0734375 0.0203125
3 0.2359375 0.33203125 0.06875 0.046875
0 0.2296875 0.16640625 0.06875 0.0328125
3 0.3875 0.6671875 0.13125 0.125
4 0.35078125 0.02578125 0.1078125 0.028125
0 0.2328125 0.20625 0.0625 0.021875
3 0.1859375 0.0578125 0.0546875 0.0625
5 0.2859375 0.5421875 0.18125 0.08125
1 0.86796875 0.41171875 0.2625 0.21875
2 0.14609375 0.48203125 0.0921875 0.0984375
4 0.503125 0.03125 0.134375 0.0625
3 0.234375 0.12578125 0.065625 0.05
1 0.17578125 0.1109375 0.040625 0.0328125
2 0.10625 0.278125 0.040625 0.05
5 0.0734375 0.1359375 0.05 0.03125
3 0.20234375 0.1625 0.040625 0.040625
5 0.15625 0.18359375 0.046875 0.009375
3 0.296875 0.3515625 0.08125 0.028125
5 0.13203125 0.14453125 0.0453125 0.028125
1 0.13984375 0.1171875 0.028125 0.021875
4 0.3609375 0.05078125 0.1234375 0.0234375