3 0.70625 0.20078125 0.296875 0.2375
1 0.14921875 0.109375 0.0765625 0.04375
0 0.48671875 0.39609375 0.2140625 0.06875
3 0.19453125 0.21328125 0.0625 0.0671875
0 0.23359375 0.240625 0.084375 0.0546875
4 0.50234375 0.0109375 0.125 0.021875
3 0.13515625 0.15703125 0.053125 0.04375
3 0.546875 0.15 0.1796875 0.1625
1 0.3171875 0.0921875 0.1125 0.075
4 0.33203125 0.025 0.1609375 0.05
4 0.9875 0.71875 0.025 0.065625
2 0.5265625 0.86796875 0.75 0.2640625
4 0.96484375 0.81796875 0.0703125 0.0875
1 0.1359375 0.44296875 0.09375 0.053125
0 0.175 0.66015625 0.05625 0.0234375
0 0.153125 0.5203125 0.078125 0.025
3 0.165625 0.24375 0.06875 0.0375