3 0.69296875 0.234375 0.2625 0.2015625
2 0.3421875 0.378125 0.371875 0.2375
3 0.54375 0.18203125 0.1703125 0.159375
3 0.33828125 0.11953125 0.0984375 0.08125
0 0.44921875 0.7140625 0.1046875 0.05625
0 0.6109375 0.72421875 0.265625 0.084375
5 0.44140625 0.8953125 0.26875 0.209375
4 0.49453125 0.034375 0.1484375 0.06875
1 0.23359375 0.175 0.090625 0.05
0 0.39453125 0.51484375 0.171875 0.05
0 0.15078125 0.10234375 0.04375 0.01875
5 0.08515625 0.24140625 0.071875 0.05625
3 0.403125 0.62265625 0.1375 0.125
0 0.52890625 0.30390625 0.2125 0.0609375
4 0.38359375 0.06171875 0.153125 0.040625
1 0.1578125 0.14453125 0.05 0.028125
0 0.16875 0.15546875 0.0453125 0.015625
4 0.209375 0.07265625 0.04375 0.025
0 0.1546875 0.17265625 0.0546875 0.0140625
3 0.153125 0.08203125 0.0609375 0.0375
5 0.0609375 0.153125 0.06875 0.040625
0 0.4390625 0.6015625 0.19375 0.0453125
1 0.2515625 0.97578125 0.08125 0.0484375
0 0.2171875 0.728125 0.046875 0.01875
0 0.21484375 0.76171875 0.04375 0.0125
3 0.36015625 0.65234375 0.1265625 0.1109375