3 0.50703125 0.08515625 0.1875 0.16875
3 0.26875 0.71328125 0.09375 0.0875
0 0.43984375 0.4015625 0.159375 0.0671875
5 0.134375 0.7203125 0.1640625 0.175
1 0.29453125 0.584375 0.228125 0.15
3 0.540625 0.8359375 0.15625 0.15625
0 0.2984375 0.79453125 0.1046875 0.0421875
0 0.26171875 0.83828125 0.084375 0.034375
3 0.1734375 0.85703125 0.04375 0.053125
4 0.33984375 0.97421875 0.11875 0.03125
1 0.19921875 0.92890625 0.08125 0.0328125
1 0.15859375 0.91875 0.0515625 0.040625
1 0.24765625 0.0609375 0.08125 0.084375
4 0.853125 0.953125 0.1625 0.075
5 0.1921875 0.88671875 0.090625 0.0375
3 0.1234375 0.8875 0.0375 0.040625
4 0.4984375 0.978125 0.128125 0.04375
4 0.8 0.75546875 0.2359375 0.0734375
3 0.70859375 0.78671875 0.290625 0.21875
0 0.80078125 0.05625 0.396875 0.1125
3 0.2203125 0.78125 0.0671875 0.040625
5 0.109375 0.8 0.1234375 0.0765625
3 0.209375 0.68046875 0.046875 0.025
0 0.30625 0.5171875 0.10625 0.021875
0 0.2 0.8390625 0.046875 0.0171875
3 0.19921875 0.95546875 0.059375 0.0203125
3 0.284375 0.93984375 0.10625 0.03125
0 0.22890625 0.16328125 0.0484375 0.0265625
3 0.21875 0.303125 0.05 0.046875