2 0.28828125 0.31875 0.17578125 0.2625
3 0.93984375 0.4171875 0.1 0.140625
4 0.23046875 0.84453125 0.07265625 0.159375
3 0.16171875 0.1578125 0.0421875 0.04375
3 0.13046875 0.33359375 0.06796875 0.09140625
4 0.08671875 0.8078125 0.0703125 0.15
4 0.07734375 0.87890625 0.09140625 0.1328125
2 0.275 0.16640625 0.12734375 0.08046875
3 0.22578125 0.6875 0.221875 0.2609375
0 0.96796875 0.7421875 0.0640625 0.30625
3 0.184375 0.5453125 0.15625 0.16171875
2 0.66796875 0.58359375 0.4796875 0.80546875
4 0.084375 0.46015625 0.02890625 0.175
4 0.1140625 0.47734375 0.0234375 0.10390625
4 0.16171875 0.43359375 0.03203125 0.0640625
4 0.18671875 0.38515625 0.02734375 0.07109375
4 0.0546875 0.47578125 0.02421875 0.196875
4 0.08046875 0.34921875 0.01953125 0.05
4 0.07734375 0.30390625 0.0140625 0.02265625
4 0.059375 0.309375 0.01484375 0.0296875
3 0.95 0.58359375 0.09921875 0.1859375
3 0.83203125 0.22421875 0.07109375 0.07890625
3 0.9890625 0.25703125 0.021875 0.1078125
0 0.15859375 0.24765625 0.02421875 0.07421875
4 0.08203125 0.2171875 0.0203125 0.06015625
3 0.10234375 0.140625 0.03203125 0.040625
0 0.12578125 0.12734375 0.015625 0.0296875
3 0.0625 0.228125 0.03125 0.0703125