3 0.3046875 0.79609375 0.2421875 0.2
3 0.70703125 0.93046875 0.078125 0.115625
2 0.57890625 0.58359375 0.446875 0.28125
3 0.50390625 0.12734375 0.2015625 0.215625
3 0.4484375 0.846875 0.165625 0.1546875
1 0.58359375 0.91484375 0.178125 0.115625
4 0.65390625 0.98359375 0.115625 0.0328125
0 0.80390625 0.8765625 0.059375 0.0234375
0 0.7 0.7625 0.1125 0.04375
2 0.81484375 0.3875 0.0890625 0.11875
3 0.52734375 0.37578125 0.171875 0.140625
0 0.47109375 0.4125 0.1890625 0.0453125
0 0.803125 0.7703125 0.05 0.015625
0 0.81328125 0.81875 0.059375 0.0125
0 0.821875 0.803125 0.05625 0.0125
4 0.5984375 0.846875 0.109375 0.034375
4 0.475 0.98515625 0.1375 0.0296875
3 0.04921875 0.2484375 0.0984375 0.3328125
1 0.1203125 0.56640625 0.240625 0.15625