1 0.21640625 0.56015625 0.175 0.246875
3 0.6515625 0.28515625 0.1 0.1125
3 0.703125 0.16015625 0.0625 0.065625
1 0.86015625 0.340625 0.1078125 0.171875
3 0.55390625 0.24140625 0.0875 0.075
0 0.50703125 0.35234375 0.059375 0.1421875
5 0.290625 0.140625 0.128125 0.11875
1 0.0703125 0.1734375 0.140625 0.165625
4 0.9578125 0.4828125 0.065625 0.11875
4 0.71640625 0.7859375 0.06875 0.24375
3 0.8046875 0.5203125 0.1640625 0.1765625
3 0.75 0.68984375 0.225 0.3015625
1 0.8046875 0.14765625 0.05625 0.0578125
0 0.209375 0.8578125 0.109375 0.284375
4 0.93359375 0.8296875 0.08125 0.209375
4 0.9484375 0.30390625 0.0328125 0.1125
1 0.54609375 0.09375 0.05625 0.075
2 0.63671875 0.071875 0.05625 0.075
2 0.89765625 0.03828125 0.0375 0.059375
0 0.86796875 0.09609375 0.015625 0.04375
1 0.7171875 0.0546875 0.04375 0.0671875
2 0.83984375 0.0171875 0.040625 0.034375