0 0.325 0.1578125 0.1 0.03125
3 0.70078125 0.2140625 0.2265625 0.196875
3 0.55234375 0.159375 0.159375 0.1421875
3 0.23828125 0.81953125 0.065625 0.0921875
0 0.27734375 0.203125 0.0765625 0.015625
0 0.2828125 0.2015625 0.0703125 0.025
3 0.49765625 0.59609375 0.19375 0.184375
3 0.2296875 0.171875 0.059375 0.05625
1 0.73671875 0.83359375 0.3515625 0.228125
3 0.32890625 0.534375 0.09375 0.084375
5 0.225 0.34296875 0.121875 0.06875
3 0.428125 0.7890625 0.165625 0.159375
0 0.31640625 0.2359375 0.1375 0.046875
4 0.32265625 0.02421875 0.06875 0.04375
3 0.2703125 0.13046875 0.053125 0.059375
3 0.3359375 0.08984375 0.10625 0.09375
0 0.36875 0.48515625 0.10625 0.04375
0 0.40859375 0.1078125 0.153125 0.0375
5 0.2671875 0.41484375 0.140625 0.0875
4 0.84296875 0.23984375 0.3125 0.0890625
0 0.1296875 0.11328125 0.05625 0.0375
4 0.85078125 0.04140625 0.2984375 0.08125
4 0.52109375 0.0171875 0.11875 0.034375
4 0.43203125 0.02421875 0.14375 0.025
0 0.4265625 0.2984375 0.1609375 0.0375
0 0.33046875 0.315625 0.09375 0.028125
0 0.4140625 0.3765625 0.140625 0.04375
1 0.89140625 0.60546875 0.2171875 0.3078125
1 0.6484375 0.934375 0.334375 0.13125
3 0.246875 0.89609375 0.0703125 0.053125
3 0.29453125 0.965625 0.0421875 0.06875
1 0.25390625 0.96015625 0.053125 0.078125
3 0.15390625 0.43671875 0.059375 0.03125
5 0.103125 0.22734375 0.075 0.053125
2 0.07734375 0.11953125 0.05625 0.03125
3 0.23203125 0.0390625 0.053125 0.028125
0 0.2328125 0.0890625 0.078125 0.015625
0 0.19609375 0.0984375 0.0625 0.034375
0 0.18203125 0.12578125 0.046875 0.009375
3 0.1953125 0.1515625 0.05 0.0328125
3 0.1890625 0.2125 0.053125 0.034375
3 0.24765625 0.2265625 0.05625 0.0265625
3 0.2359375 0.26796875 0.096875 0.03125