3 0.546875 0.55 0.18125 0.21875
0 0.565625 0.36640625 0.05703125 0.15
1 0.1984375 0.27734375 0.06015625 0.12109375
1 0.37421875 0.328125 0.07890625 0.14375
0 0.6546875 0.44765625 0.05390625 0.1609375
1 0.11875 0.4125 0.1015625 0.1609375
3 0.18046875 0.540625 0.15078125 0.153125
0 0.303125 0.3453125 0.0375 0.1125
3 0.23828125 0.70234375 0.21484375 0.275
0 0.10234375 0.15234375 0.00859375 0.04453125
3 0.11796875 0.1640625 0.02734375 0.04921875
0 0.3328125 0.2609375 0.03046875 0.07734375
4 0.03203125 0.4875 0.05078125 0.1640625
3 0.2078125 0.18515625 0.0375 0.0609375
0 0.12421875 0.20234375 0.01953125 0.065625
0 0.8234375 0.85546875 0.14375 0.2890625
4 0.1953125 0.93515625 0.05625 0.1296875
4 0.2625 0.8140625 0.0453125 0.20703125
4 0.05078125 0.3421875 0.02109375 0.1140625
4 0.071875 0.2953125 0.015625 0.05546875
1 0.24296875 0.25625 0.03359375 0.0953125
1 0.2484375 0.19140625 0.03671875 0.06640625
3 0.0703125 0.16640625 0.034375 0.034375
1 0.08984375 0.1328125 0.021875 0.03671875
1 0.1171875 0.125 0.0265625 0.02890625
2 0.184375 0.0890625 0.03515625 0.03359375
2 0.334375 0.1234375 0.05078125 0.05625
5 0.56640625 0.17734375 0.0671875 0.07578125
1 0.64765625 0.20234375 0.0390625 0.03125
0 0.68671875 0.21328125 0.0265625 0.04765625
5 0.95703125 0.26015625 0.08203125 0.0921875