3 0.32734375 0.08515625 0.1078125 0.09375
2 0.16328125 0.16875 0.196875 0.1375
3 0.71953125 0.2078125 0.284375 0.240625
3 0.4171875 0.5625 0.171875 0.175
3 0.553125 0.1515625 0.171875 0.15625
3 0.41484375 0.2828125 0.165625 0.1125
3 0.2828125 0.26171875 0.1140625 0.115625
4 0.8921875 0.228125 0.171875 0.0828125
0 0.2953125 0.37421875 0.10625 0.046875
4 0.51015625 0.0140625 0.15 0.028125
4 0.48671875 0.4109375 0.19375 0.05625
3 0.20078125 0.371875 0.0453125 0.0734375
1 0.26796875 0.209375 0.10625 0.04375
3 0.26953125 0.3640625 0.06875 0.0875
0 0.66953125 0.98671875 0.303125 0.0265625
4 0.87421875 0.03203125 0.2140625 0.0640625
4 0.97265625 0.38203125 0.0546875 0.0515625
5 0.26484375 0.8140625 0.5234375 0.371875
0 0.609375 0.709375 0.2125 0.096875
0 0.165625 0.05 0.075 0.025
0 0.14921875 0.0765625 0.075 0.021875
3 0.34453125 0.49765625 0.1296875 0.128125
0 0.32109375 0.4125 0.13125 0.021875
0 0.27109375 0.44453125 0.1 0.05
3 0.19296875 0.309375 0.0578125 0.046875
3 0.16875 0.25078125 0.0421875 0.046875
3 0.1671875 0.5828125 0.0765625 0.04375
5 0.1078125 0.3953125 0.071875 0.0734375
5 0.08515625 0.28828125 0.0625 0.0375
3 0.1390625 0.45859375 0.040625 0.04375