3 0.6765625 0.7640625 0.190625 0.196875
3 0.553125 0.8125 0.1625 0.15
3 0.46171875 0.10703125 0.1625 0.1046875
5 0.234375 0.60703125 0.2390625 0.1296875
0 0.45390625 0.628125 0.1640625 0.065625
1 0.41953125 0.88671875 0.171875 0.10625
3 0.1546875 0.91171875 0.04375 0.034375
1 0.2375 0.06875 0.0625 0.059375
3 0.2859375 0.94765625 0.0828125 0.084375
1 0.8171875 0.56796875 0.365625 0.2125
1 0.15703125 0.534375 0.053125 0.1
0 0.34609375 0.78125 0.146875 0.0421875
4 0.33984375 0.96171875 0.128125 0.04375
4 0.521875 0.96484375 0.134375 0.0703125
0 0.26328125 0.840625 0.08125 0.034375
5 0.23125 0.35546875 0.234375 0.259375
4 0.83359375 0.8375 0.20625 0.0984375
0 0.67734375 0.19765625 0.29375 0.125
0 0.20859375 0.8625 0.0625 0.0546875
5 0.43828125 0.3265625 0.296875 0.346875
0 0.5484375 0.4390625 0.21875 0.0625
0 0.6546875 0.4828125 0.2421875 0.0640625
0 0.16015625 0.8375 0.04375 0.0109375
0 0.21015625 0.78125 0.071875 0.01875
3 0.20703125 0.72109375 0.065625 0.05
0 0.28828125 0.74921875 0.0796875 0.025
0 0.39140625 0.73515625 0.14375 0.034375
0 0.3296875 0.71953125 0.115625 0.03125