3 0.2421875 0.68828125 0.203125 0.259375
2 0.5703125 0.52734375 0.409375 0.5390625
3 0.1828125 0.54453125 0.14375 0.1640625
0 0.8125 0.653125 0.07265625 0.24765625
0 0.13515625 0.21640625 0.03828125 0.07890625
3 0.9359375 0.27421875 0.128125 0.07109375
0 0.89765625 0.81015625 0.10859375 0.3171875
1 0.19765625 0.278125 0.0609375 0.1
2 0.71015625 0.3328125 0.35078125 0.31875
4 0.259375 0.86875 0.08671875 0.22734375
4 0.07734375 0.83359375 0.084375 0.27109375
4 0.05234375 0.46328125 0.04296875 0.1796875
4 0.1125 0.46796875 0.0453125 0.11484375
4 0.17265625 0.43359375 0.03359375 0.078125
3 0.13046875 0.33125 0.075 0.10703125
0 0.30703125 0.22421875 0.0296875 0.08046875
3 0.228125 0.19921875 0.0390625 0.06484375
3 0.1828125 0.19609375 0.04765625 0.06640625
3 0.10859375 0.18515625 0.0328125 0.046875
1 0.146875 0.14609375 0.028125 0.04453125
5 0.4265625 0.1546875 0.05 0.06953125