3 0.25703125 0.20625 0.046875 0.0625
3 0.22890625 0.6875 0.2203125 0.259375
0 0.31015625 0.303125 0.0390625 0.0984375
4 0.25390625 0.8421875 0.0875 0.1625
0 0.246875 0.30703125 0.040625 0.1
3 0.12890625 0.3234375 0.06875 0.0875
4 0.12265625 0.4078125 0.05 0.1296875
0 0.20078125 0.25703125 0.034375 0.0703125
3 0.17734375 0.540625 0.14375 0.15625
4 0.1796875 0.40234375 0.04375 0.10625
0 0.15859375 0.240625 0.03125 0.0796875
2 0.64921875 0.58671875 0.5 0.528125
4 0.06796875 0.82890625 0.065625 0.203125
5 0.37109375 0.21953125 0.084375 0.1140625
4 0.04921875 0.4671875 0.0515625 0.1875
0 0.1171875 0.203125 0.0265625 0.065625
3 0.0765625 0.240625 0.065625 0.06875
3 0.1140625 0.1515625 0.046875 0.05
4 0.07578125 0.4578125 0.03125 0.1796875
3 0.4234375 0.27265625 0.06875 0.071875
0 0.35703125 0.28046875 0.0328125 0.0625
4 0.07109375 0.86953125 0.078125 0.1109375
0 0.40390625 0.33359375 0.034375 0.0875
5 0.76796875 0.29140625 0.15 0.19375
2 0.91484375 0.74453125 0.1703125 0.5109375
4 0.425 0.65625 0.04375 0.215625
0 0.07109375 0.18515625 0.015625 0.028125
3 0.17890625 0.19609375 0.0171875 0.05
0 0.19453125 0.203125 0.015625 0.03125
0 0.24609375 0.20859375 0.015625 0.05625
0 0.29609375 0.2640625 0.015625 0.0765625
0 0.3015625 0.20625 0.015625 0.03125
3 0.19453125 0.16015625 0.0328125 0.021875
0 0.13984375 0.21171875 0.0125 0.05625
0 0.14765625 0.178125 0.0140625 0.04375
0 0.1640625 0.15625 0.025 0.040625
5 0.14921875 0.1140625 0.0546875 0.05625
5 0.06953125 0.11796875 0.0234375 0.0625
0 0.08515625 0.109375 0.0125 0.028125
5 0.33359375 0.1109375 0.0625 0.0875
3 0.43515625 0.16796875 0.0375 0.04375
0 0.4734375 0.165625 0.0109375 0.028125
0 0.49375 0.17421875 0.015625 0.025
0 0.62265625 0.20234375 0.0125 0.015625
3 0.8375 0.22578125 0.0421875 0.059375
1 0.95546875 0.25859375 0.0625 0.075
0 0.9609375 0.4171875 0.0546875 0.103125