3 0.56953125 0.9 0.228125 0.2
0 0.559375 0.61484375 0.2234375 0.084375
3 0.4078125 0.83515625 0.128125 0.209375
3 0.68984375 0.22421875 0.2765625 0.209375
3 0.52578125 0.1703125 0.1375 0.134375
0 0.39296875 0.60859375 0.13125 0.0640625
5 0.1828125 0.3046875 0.159375 0.125
0 0.2984375 0.41953125 0.103125 0.053125
0 0.33046875 0.5140625 0.1125 0.071875
1 0.44453125 0.39609375 0.20625 0.10625
0 0.23359375 0.18984375 0.08125 0.03125
3 0.321875 0.3015625 0.1203125 0.0890625
3 0.325 0.10390625 0.09375 0.084375
1 0.16875 0.1015625 0.059375 0.046875
3 0.14296875 0.16484375 0.0375 0.034375
4 0.86328125 0.05390625 0.2375 0.08125
4 0.64609375 0.0859375 0.2609375 0.046875
4 0.45625 0.021875 0.184375 0.025
4 0.5390625 0.0453125 0.246875 0.03125
0 0.27890625 0.23515625 0.09375 0.028125
0 0.21640625 0.11171875 0.071875 0.0203125
0 0.23125 0.13515625 0.08125 0.025
0 0.384375 0.4859375 0.13125 0.04375
3 0.40625 0.16171875 0.128125 0.140625
3 0.196875 0.1875 0.05 0.046875
3 0.1234375 0.06875 0.040625 0.028125
0 0.15 0.12890625 0.046875 0.015625
0 0.27265625 0.34765625 0.096875 0.028125
5 0.103125 0.38203125 0.121875 0.109375
5 0.06328125 0.11796875 0.04375 0.034375
3 0.26796875 0.9328125 0.075 0.090625
3 0.23203125 0.93515625 0.0859375 0.0953125
3 0.2171875 0.8296875 0.08125 0.0734375
3 0.18046875 0.50234375 0.046875 0.046875
3 0.290625 0.0625 0.065625 0.0484375
3 0.2171875 0.04375 0.071875 0.0484375