3 0.76484375 0.69140625 0.2 0.26875
3 0.81953125 0.5484375 0.146875 0.171875
3 0.69140625 0.26015625 0.059375 0.078125
2 0.071875 0.896875 0.140625 0.20625
3 0.184375 0.46875 0.1765625 0.165625
1 0.29140625 0.6484375 0.1875 0.303125
0 0.30625 0.384375 0.075 0.140625
3 0.0890625 0.64375 0.178125 0.2203125
0 0.440625 0.37109375 0.0640625 0.1421875
0 0.54453125 0.346875 0.040625 0.140625
3 0.87890625 0.33828125 0.06875 0.1
3 0.0796875 0.25390625 0.134375 0.1
3 0.79453125 0.3703125 0.1125 0.140625
0 0.47890625 0.36015625 0.0546875 0.1421875
5 0.6265625 0.29375 0.1234375 0.25625
0 0.9046875 0.1765625 0.034375 0.06875
3 0.7859375 0.203125 0.059375 0.06875
0 0.8578125 0.2125 0.0421875 0.0625
4 0.665625 0.74765625 0.1 0.34375
0 0.85859375 0.17734375 0.04375 0.059375
1 0.0109375 0.246875 0.021875 0.096875
0 0.921875 0.12109375 0.028125 0.0390625
1 0.3828125 0.20234375 0.0375 0.046875
3 0.8015625 0.1609375 0.0375 0.03125
3 0.75546875 0.2 0.03125 0.05625
0 0.80078125 0.221875 0.0328125 0.05625
4 0.9296875 0.41875 0.0265625 0.1
4 0.9234375 0.32890625 0.034375 0.0875
4 0.934375 0.85703125 0.053125 0.1125
4 0.92265625 0.75 0.0625 0.0609375
4 0.91796875 0.57890625 0.0484375 0.246875
4 0.95546875 0.46171875 0.028125 0.178125
4 0.96015625 0.32109375 0.0125 0.0625
3 0.93671875 0.22578125 0.0375 0.06875
0 0.16875 0.2359375 0.0125 0.034375
0 0.1890625 0.24296875 0.015625 0.040625
0 0.21171875 0.23046875 0.015625 0.0296875