3 0.57265625 0.66875 0.203125 0.2078125
5 0.2046875 0.4625 0.2578125 0.1984375
1 0.40546875 0.08359375 0.1625 0.109375
0 0.2953125 0.3140625 0.1 0.05
1 0.178125 0.08515625 0.09375 0.053125
0 0.346875 0.22578125 0.1421875 0.05
3 0.54609375 0.15625 0.1671875 0.159375
2 0.40859375 0.92421875 0.45 0.1515625
3 0.2328125 0.203125 0.090625 0.0703125
1 0.184375 0.14609375 0.075 0.0484375
1 0.10859375 0.08828125 0.040625 0.0453125
0 0.20546875 0.1484375 0.078125 0.0359375
4 0.33359375 0.01796875 0.121875 0.0359375
0 0.26484375 0.21015625 0.084375 0.04375
4 0.8046875 0.23828125 0.2375 0.071875
0 0.803125 0.7265625 0.3 0.1203125
4 0.50078125 0.015625 0.1296875 0.03125
3 0.69375 0.22109375 0.24375 0.2
0 0.159375 0.03984375 0.071875 0.0265625
0 0.2109375 0.72890625 0.059375 0.03125
1 0.18046875 0.58125 0.071875 0.071875
2 0.08203125 0.20546875 0.0640625 0.040625
2 0.07109375 0.14375 0.053125 0.034375