3 0.240625 0.6875 0.1953125 0.2609375
3 0.29375 0.21171875 0.04140625 0.0609375
3 0.8890625 0.2390625 0.17890625 0.07421875
3 0.184375 0.5421875 0.14609375 0.1640625
3 0.5796875 0.40390625 0.13984375 0.19375
3 0.2046875 0.30859375 0.08671875 0.096875
0 0.43125 0.2953125 0.03203125 0.0890625
3 0.32109375 0.30859375 0.0734375 0.1265625
0 0.52265625 0.70859375 0.09375 0.28125
0 0.134375 0.39375 0.0421875 0.1328125
5 0.5703125 0.184375 0.1125 0.0921875
0 0.08828125 0.19453125 0.03203125 0.065625
0 0.1859375 0.22890625 0.0234375 0.04765625
0 0.259375 0.3109375 0.03125 0.103125
0 0.22421875 0.23203125 0.0265625 0.0453125
0 0.7765625 0.759375 0.103125 0.2953125
3 0.37109375 0.36953125 0.1109375 0.1359375
0 0.1171875 0.1921875 0.025 0.08125
4 0.06953125 0.8265625 0.0609375 0.1828125
3 0.49296875 0.3265625 0.0875 0.11171875
3 0.171875 0.196875 0.0421875 0.04609375
5 0.1296875 0.1203125 0.05 0.08828125
0 0.1875 0.14609375 0.04921875 0.0734375
0 0.21328125 0.2328125 0.025 0.0484375
5 0.8921875 0.4109375 0.21328125 0.2953125
0 0.41328125 0.54453125 0.0796875 0.209375
4 0.46015625 0.92109375 0.07734375 0.12890625
4 0.04921875 0.31015625 0.028125 0.04140625
4 0.05546875 0.42109375 0.02421875 0.14921875
4 0.03671875 0.5140625 0.0484375 0.1125
0 0.14375 0.21796875 0.0140625 0.06484375
0 0.13359375 0.1890625 0.0078125 0.05234375
3 0.1328125 0.16953125 0.0328125 0.04296875
5 0.17890625 0.14296875 0.040625 0.05
5 0.24921875 0.17421875 0.02734375 0.0421875
0 0.24921875 0.228125 0.01484375 0.05234375
0 0.26796875 0.21875 0.0140625 0.05625
5 0.16953125 0.08125 0.03984375 0.053125
2 0.09296875 0.0625 0.021875 0.02890625
0 0.09140625 0.13125 0.02578125 0.025
3 0.45859375 0.153125 0.03828125 0.06328125
1 0.6453125 0.19765625 0.0328125 0.0515625
0 0.734375 0.22734375 0.01953125 0.03671875