2 0.4015625 0.6453125 0.3640625 0.24375
3 0.54453125 0.840625 0.1515625 0.1625
3 0.7078125 0.79296875 0.2703125 0.2171875
0 0.31953125 0.79296875 0.1140625 0.0375
3 0.12109375 0.92890625 0.05 0.0375
5 0.24375 0.24765625 0.18125 0.296875
2 0.18828125 0.67109375 0.109375 0.1828125
3 0.33046875 0.89375 0.09375 0.065625
4 0.8125 0.94296875 0.171875 0.0671875
5 0.43046875 0.42109375 0.3125 0.178125
2 0.6515625 0.22109375 0.696875 0.4421875
5 0.840625 0.815625 0.1640625 0.065625
4 0.47578125 0.978125 0.203125 0.0296875
4 0.46484375 0.94609375 0.1859375 0.0296875
4 0.4640625 0.909375 0.08125 0.028125
4 0.4296875 0.85390625 0.06875 0.0390625
4 0.3984375 0.88671875 0.115625 0.0265625
3 0.19453125 0.78828125 0.0609375 0.0375
1 0.1875 0.92578125 0.0703125 0.034375
0 0.146875 0.84921875 0.0484375 0.0125
3 0.146875 0.88671875 0.046875 0.03125
3 0.27109375 0.95546875 0.034375 0.0734375
3 0.221875 0.9609375 0.065625 0.028125
4 0.4046875 0.83046875 0.1046875 0.025