3 0.56171875 0.42890625 0.1421875 0.18125
3 0.76171875 0.6953125 0.2109375 0.296875
1 0.68203125 0.26484375 0.075 0.11875
3 0.8171875 0.55703125 0.1703125 0.209375
1 0.890625 0.38984375 0.1140625 0.1703125
0 0.57265625 0.25625 0.0421875 0.096875
1 0.825 0.21875 0.0875 0.1171875
0 0.5359375 0.29765625 0.04375 0.084375
4 0.96875 0.3171875 0.028125 0.13125
1 0.2421875 0.1953125 0.075 0.05
0 0.24453125 0.734375 0.1015625 0.221875
0 0.4421875 0.6015625 0.0859375 0.25625
4 0.73671875 0.76796875 0.075 0.2625
4 0.978125 0.47421875 0.04375 0.190625
4 0.93984375 0.30234375 0.021875 0.1203125
0 0.74140625 0.28125 0.0375 0.115625
0 0.878125 0.20703125 0.025 0.096875
0 0.9046875 0.15390625 0.0125 0.065625
0 0.7328125 0.1953125 0.025 0.0796875
3 0.81640625 0.13828125 0.0625 0.0609375
3 0.9015625 0.1125 0.04375 0.0640625
0 0.4703125 0.32265625 0.034375 0.140625
0 0.178125 0.196875 0.021875 0.05625
0 0.51796875 0.13515625 0.0109375 0.025
0 0.178125 0.86875 0.128125 0.2625