1 0.19296875 0.134375 0.0875 0.0546875
3 0.55859375 0.88359375 0.24375 0.225
3 0.43515625 0.91640625 0.1390625 0.1671875
3 0.51328125 0.15703125 0.159375 0.165625
2 0.47109375 0.5265625 0.5234375 0.378125
4 0.83359375 0.21875 0.184375 0.0984375
3 0.6765625 0.203125 0.2875 0.234375
3 0.2796875 0.109375 0.090625 0.08125
4 0.4671875 0.0703125 0.1515625 0.05
0 0.14140625 0.23046875 0.0609375 0.0171875
3 0.13046875 0.16328125 0.046875 0.05
4 0.37265625 0.0953125 0.13125 0.04375
4 0.4328125 0.0234375 0.196875 0.046875
0 0.146875 0.07734375 0.065625 0.01875
4 0.38515625 0.13671875 0.096875 0.028125
4 0.81953125 0.04140625 0.215625 0.0828125
4 0.3578125 0.1734375 0.06875 0.021875
4 0.296875 0.04140625 0.04375 0.01875
3 0.1734375 0.03046875 0.08125 0.0328125
4 0.1265625 0.01953125 0.025 0.0125
0 0.13125 0.14140625 0.0296875 0.0109375
3 0.1140625 0.115625 0.05625 0.0390625
4 0.2546875 0.04140625 0.0171875 0.0140625
3 0.10859375 0.0515625 0.046875 0.01875
0 0.09296875 0.03671875 0.04375 0.0125
0 0.0703125 0.05390625 0.028125 0.009375
0 0.07890625 0.0671875 0.01875 0.0109375
0 0.1359375 0.09609375 0.0625 0.0125
0 0.09375 0.3671875 0.021875 0.0109375
0 0.17109375 0.7453125 0.040625 0.021875
0 0.21484375 0.9953125 0.075 0.009375
0 0.56796875 0.7140625 0.24375 0.0484375
1 0.678125 0.97578125 0.375 0.0484375
3 0.2140625 0.903125 0.034375 0.071875
1 0.19375 0.9140625 0.06875 0.0640625
1 0.08359375 0.31484375 0.021875 0.01875
3 0.09765625 0.14375 0.0265625 0.021875
1 0.0734375 0.0921875 0.040625 0.021875
2 0.1875 0.53203125 0.16875 0.2828125
3 0.1015625 0.41015625 0.034375 0.0453125
3 0.17890625 0.84140625 0.0640625 0.059375