0 0.03828125 0.49921875 0.05 0.1453125
0 0.04921875 0.34921875 0.03203125 0.125
0 0.2671875 0.8046875 0.04296875 0.25078125
0 0.48046875 0.61875 0.06015625 0.225
0 0.809375 0.52890625 0.06015625 0.1921875
0 0.4375 0.31640625 0.0359375 0.109375
0 0.15546875 0.21875 0.01640625 0.06484375
3 0.2453125 0.68203125 0.1734375 0.21875
3 0.175 0.56796875 0.13984375 0.18046875
3 0.36015625 0.3296875 0.08671875 0.0953125
3 0.384375 0.2515625 0.06875 0.0734375
3 0.94453125 0.53046875 0.11015625 0.1578125
3 0.7765625 0.4125 0.1421875 0.128125
3 0.5828125 0.18984375 0.05703125 0.04140625
1 0.4890625 0.3046875 0.053125 0.07734375
1 0.1203125 0.40390625 0.08671875 0.12734375
1 0.52734375 0.3671875 0.078125 0.11953125
1 0.2671875 0.2484375 0.05390625 0.0921875