4 0.25234375 0.878125 0.0859375 0.24375
0 0.3203125 0.30703125 0.04453125 0.09296875
3 0.23828125 0.68671875 0.2046875 0.26640625
4 0.06640625 0.86015625 0.0828125 0.2796875
3 0.09765625 0.240625 0.08125 0.06171875
4 0.18359375 0.40390625 0.0390625 0.10703125
0 0.26171875 0.25078125 0.0390625 0.06875
2 0.64921875 0.6390625 0.5015625 0.64453125
0 0.16875 0.2375 0.0296875 0.07109375
4 0.1296875 0.4 0.0421875 0.121875
0 0.20859375 0.2375 0.03125 0.06875
3 0.19140625 0.54296875 0.1625 0.15625
4 0.05625 0.46640625 0.05 0.18828125
3 0.34921875 0.26953125 0.0703125 0.08671875
0 0.14453125 0.20078125 0.021875 0.065625
5 0.48984375 0.14140625 0.13984375 0.11875
4 0.1234375 0.20234375 0.02109375 0.06171875
2 0.94296875 0.6890625 0.1015625 0.5671875
4 0.078125 0.4578125 0.03046875 0.190625
0 0.971875 0.28359375 0.05625 0.0796875
3 0.825 0.234375 0.078125 0.065625
5 0.25546875 0.17734375 0.05703125 0.0984375
3 0.08828125 0.13515625 0.03671875 0.04453125
0 0.17578125 0.18359375 0.015625 0.04375
0 0.196875 0.1796875 0.015625 0.0421875
3 0.440625 0.28828125 0.08359375 0.0515625