4 0.86484375 0.065625 0.2703125 0.078125
1 0.53203125 0.6 0.2265625 0.121875
4 0.8859375 0.2546875 0.228125 0.0890625
3 0.3125 0.37578125 0.096875 0.0859375
3 0.68671875 0.24140625 0.2921875 0.221875
2 0.2328125 0.9703125 0.16875 0.059375
3 0.3296875 0.121875 0.10625 0.096875
3 0.35234375 0.49296875 0.115625 0.09375
4 0.65 0.3640625 0.2640625 0.0453125
1 0.24609375 0.41171875 0.1125 0.053125
3 0.5359375 0.18984375 0.15 0.15625
5 0.125 0.49296875 0.140625 0.1296875
4 0.46953125 0.32578125 0.184375 0.0421875
4 0.43203125 0.38203125 0.125 0.046875
4 0.87109375 0.43671875 0.25625 0.059375
3 0.7546875 0.9765625 0.2953125 0.046875
4 0.475 0.05078125 0.2109375 0.040625
4 0.43125 0.15625 0.0828125 0.0328125
4 0.40234375 0.1875 0.11875 0.0390625
4 0.490625 0.11953125 0.1109375 0.0359375
4 0.4703125 0.0875 0.178125 0.03125
4 0.47890625 0.2953125 0.175 0.04375
3 0.2890625 0.509375 0.103125 0.090625
0 0.3171875 0.27421875 0.115625 0.0375
0 0.26796875 0.1953125 0.09375 0.034375
0 0.215625 0.11796875 0.078125 0.021875
0 0.23515625 0.2546875 0.078125 0.021875
0 0.22421875 0.278125 0.075 0.021875
0 0.23828125 0.30546875 0.090625 0.025
0 0.2015625 0.21640625 0.0609375 0.021875
0 0.21328125 0.3203125 0.071875 0.0234375
1 0.16875 0.17734375 0.05 0.028125
0 0.21015625 0.17265625 0.059375 0.01875
5 0.1421875 0.1828125 0.0625 0.0421875
3 0.1515625 0.1375 0.04375 0.0265625
1 0.18671875 0.121875 0.06875 0.040625
0 0.1796875 0.07890625 0.059375 0.0203125
0 0.175 0.0953125 0.059375 0.015625
2 0.1109375 0.06015625 0.0625 0.04375
5 0.07265625 0.2125 0.1 0.059375
3 0.115625 0.26015625 0.034375 0.0265625
2 0.11015625 0.296875 0.05625 0.0453125
1 0.20703125 0.66953125 0.0609375 0.05625
2 0.05234375 0.0984375 0.0390625 0.028125