3 0.2328125 0.6953125 0.21796875 0.27734375
1 0.2453125 0.3734375 0.0859375 0.146875
3 0.35 0.434375 0.13203125 0.15546875
0 0.72421875 0.69296875 0.0859375 0.23984375
3 0.1859375 0.55 0.15703125 0.1765625
3 0.74375 0.49296875 0.18984375 0.19453125
0 0.71640625 0.540625 0.0796875 0.1375
5 0.82109375 0.2125 0.26875 0.16328125
4 0.075 0.8609375 0.07734375 0.134375
3 0.11953125 0.21953125 0.0421875 0.0640625
4 0.4390625 0.94765625 0.06015625 0.10390625
0 0.54765625 0.55546875 0.06953125 0.21171875
3 0.45390625 0.41015625 0.1109375 0.134375
1 0.2296875 0.2625 0.05546875 0.08125
0 0.3484375 0.27734375 0.04921875 0.0875
3 0.16484375 0.2296875 0.015625 0.078125
0 0.1796875 0.24921875 0.0203125 0.0703125
0 0.50703125 0.29140625 0.03046875 0.09921875
3 0.13203125 0.34375 0.07421875 0.12109375
0 0.45390625 0.30546875 0.0578125 0.078125
4 0.06171875 0.33046875 0.04375 0.084375
4 0.04453125 0.43046875 0.065625 0.1515625
4 0.0390625 0.48515625 0.0640625 0.165625
3 0.203125 0.16171875 0.0359375 0.03359375
4 0.1359375 0.39921875 0.0515625 0.14609375
4 0.08203125 0.771875 0.05 0.0890625
0 0.56875 0.384375 0.04921875 0.10234375
3 0.14765625 0.2375 0.01484375 0.07890625
3 0.159375 0.175 0.0375 0.0359375
0 0.2734375 0.26484375 0.01953125 0.08046875
3 0.29921875 0.24453125 0.034375 0.08359375
0 0.23203125 0.20859375 0.0703125 0.03203125
0 0.096875 0.16640625 0.0109375 0.04375
0 0.11953125 0.1640625 0.0125 0.0390625
3 0.1234375 0.13515625 0.0265625 0.03671875
3 0.1515625 0.14609375 0.0359375 0.03046875
3 0.08125 0.140625 0.0203125 0.04609375
0 0.203125 0.23359375 0.01484375 0.07265625
0 0.22265625 0.2078125 0.015625 0.01953125
0 0.24296875 0.2109375 0.025 0.03125
0 0.28671875 0.17890625 0.04453125 0.03046875
5 0.24296875 0.16640625 0.046875 0.04765625
5 0.43125 0.146875 0.05625 0.06484375
0 0.990625 0.26953125 0.01796875 0.0515625
0 0.590625 0.49921875 0.0484375 0.16875
0 0.58046875 0.71484375 0.0734375 0.28046875