3 0.184375 0.55 0.1515625 0.1703125
3 0.23828125 0.696875 0.19296875 0.25625
3 0.1234375 0.3453125 0.08359375 0.10625
2 0.7765625 0.6578125 0.446875 0.684375
1 0.1453125 0.18671875 0.0390625 0.05
5 0.584375 0.19453125 0.090625 0.05625
1 0.3234375 0.2765625 0.053125 0.0828125
3 0.11328125 0.22578125 0.05234375 0.04765625
0 0.396875 0.33515625 0.040625 0.10859375
4 0.0578125 0.35 0.053125 0.14296875
4 0.0328125 0.51015625 0.065625 0.1359375
0 0.4734375 0.31015625 0.05390625 0.10390625
0 0.19296875 0.35390625 0.0359375 0.1265625
4 0.06484375 0.85859375 0.065625 0.24453125
3 0.25234375 0.2328125 0.04765625 0.07109375
3 0.18125 0.23515625 0.04609375 0.07890625
1 0.7328125 0.22421875 0.0546875 0.0453125
5 0.940625 0.14296875 0.11875 0.2859375