3 0.55859375 0.8375 0.16875 0.146875
0 0.49609375 0.43515625 0.1890625 0.0703125
3 0.678125 0.7828125 0.203125 0.196875
3 0.3328125 0.48359375 0.1125 0.1015625
1 0.2 0.2625 0.13125 0.146875
3 0.3859375 0.6203125 0.140625 0.1125
4 0.34375 0.975 0.1265625 0.0296875
3 0.22890625 0.79296875 0.071875 0.05625
1 0.403125 0.90390625 0.1703125 0.1046875
3 0.23359375 0.6890625 0.071875 0.0640625
2 0.18046875 0.396875 0.096875 0.1125
5 0.184375 0.42265625 0.0875 0.059375
1 0.7984375 0.03203125 0.403125 0.0640625
4 0.82734375 0.7578125 0.271875 0.0625
4 0.88125 0.9546875 0.2375 0.065625
4 0.528125 0.9765625 0.1375 0.046875
4 0.303125 0.95078125 0.0640625 0.01875
0 0.16328125 0.8859375 0.053125 0.015625
1 0.146875 0.93828125 0.0546875 0.0265625
0 0.13984375 0.90546875 0.046875 0.0140625
2 0.1 0.91796875 0.053125 0.0359375