3 0.24921875 0.69296875 0.17578125 0.22109375
3 0.18125 0.53984375 0.15234375 0.15703125
0 0.1203125 0.2125 0.02734375 0.0828125
0 0.175 0.24296875 0.02265625 0.07734375
3 0.25234375 0.2171875 0.059375 0.05
4 0.0453125 0.346875 0.0328125 0.128125
3 0.14921875 0.19921875 0.046875 0.06015625
4 0.253125 0.83203125 0.0375 0.31328125
4 0.0359375 0.50859375 0.06171875 0.11484375
4 0.06640625 0.8734375 0.05859375 0.25234375
0 0.3140625 0.3265625 0.0328125 0.12109375
0 0.325 0.23671875 0.03125 0.084375
3 0.91015625 0.2875 0.1078125 0.0875
1 0.68125 0.2203125 0.0515625 0.0609375
2 0.31484375 0.1328125 0.05234375 0.0578125
2 0.371875 0.1421875 0.05546875 0.05703125
2 0.19609375 0.146875 0.04921875 0.06640625
5 0.1515625 0.1015625 0.0453125 0.0578125
3 0.9890625 0.27734375 0.021875 0.11328125
1 0.1140625 0.41640625 0.0921875 0.17890625