3 0.24140625 0.69375 0.19296875 0.26484375
3 0.18125 0.55078125 0.1453125 0.17890625
3 0.12734375 0.340625 0.07734375 0.10859375
0 0.3015625 0.28203125 0.0359375 0.090625
1 0.1640625 0.18828125 0.0359375 0.0671875
4 0.071875 0.20234375 0.01171875 0.05
3 0.0984375 0.1515625 0.0296875 0.04921875
3 0.27890625 0.246875 0.06328125 0.06171875
4 0.0390625 0.51015625 0.06796875 0.1296875
2 0.8703125 0.609375 0.259375 0.7328125
3 0.21796875 0.1875 0.04609375 0.0546875
0 0.4953125 0.6203125 0.08046875 0.25546875
4 0.615625 0.93515625 0.08125 0.1296875
3 0.31875 0.21796875 0.0421875 0.06796875
5 0.42890625 0.15546875 0.0453125 0.0515625
0 0.484375 0.1671875 0.01328125 0.028125
0 0.525 0.1796875 0.0171875 0.05390625
0 0.04765625 0.35390625 0.02421875 0.1328125
0 0.075 0.375 0.02265625 0.11171875
0 0.12109375 0.2109375 0.0140625 0.0609375
0 0.11015625 0.18984375 0.0109375 0.0515625