5 0.5515625 0.73671875 0.24375 0.196875
2 0.23203125 0.21484375 0.190625 0.121875
5 0.12109375 0.73515625 0.2421875 0.3203125
3 0.23046875 0.34140625 0.090625 0.05625
3 0.23359375 0.9171875 0.0515625 0.053125
3 0.56171875 0.18359375 0.20625 0.16875
5 0.103125 0.184375 0.0703125 0.065625
0 0.51171875 0.56015625 0.20625 0.0625
5 0.346875 0.403125 0.14375 0.0828125
1 0.43515625 0.86328125 0.1640625 0.1109375
5 0.421875 0.11171875 0.20625 0.103125
3 0.2546875 0.4421875 0.065625 0.065625
3 0.65703125 0.22890625 0.2296875 0.228125
0 0.19921875 0.08984375 0.075 0.0171875
3 0.1859375 0.1421875 0.0703125 0.0328125
3 0.265625 0.39765625 0.0421875 0.065625
4 0.48515625 0.03046875 0.16875 0.0609375
4 0.30625 0.0421875 0.1828125 0.059375
0 0.14140625 0.09375 0.0390625 0.025
0 0.128125 0.12109375 0.0625 0.015625
0 0.321875 0.465625 0.109375 0.0375
4 0.85703125 0.22265625 0.284375 0.078125