3 0.4953125 0.465625 0.16484375 0.18828125
3 0.7328125 0.4828125 0.1890625 0.1890625
3 0.23515625 0.69375 0.22109375 0.2671875
3 0.3765625 0.37421875 0.10859375 0.12578125
3 0.12578125 0.33515625 0.0828125 0.09140625
4 0.07421875 0.86796875 0.06875 0.121875
3 0.1875 0.54375 0.146875 0.15390625
3 0.9296875 0.25078125 0.1109375 0.084375
1 0.10859375 0.18515625 0.03984375 0.059375
0 0.134375 0.22109375 0.0296875 0.05234375
3 0.3515625 0.240625 0.0640625 0.065625
4 0.478125 0.9515625 0.096875 0.096875
3 0.15859375 0.1859375 0.0421875 0.0421875
0 0.296875 0.33125 0.04140625 0.11640625
3 0.25390625 0.2234375 0.05546875 0.05078125
0 0.33828125 0.28046875 0.02890625 0.0640625
5 0.21953125 0.1765625 0.059375 0.084375
0 0.2796875 0.30078125 0.03203125 0.10078125
4 0.08359375 0.76015625 0.0421875 0.06640625
4 0.040625 0.5109375 0.053125 0.11171875
4 0.05859375 0.328125 0.034375 0.078125
3 0.21171875 0.3109375 0.08515625 0.109375
3 0.184375 0.21015625 0.04375 0.03671875
0 0.13671875 0.3921875 0.05 0.1203125
1 0.97734375 0.73515625 0.0453125 0.2421875
3 0.71875 0.22421875 0.078125 0.06640625
5 0.44296875 0.14609375 0.0921875 0.06328125
5 0.14375 0.11640625 0.046875 0.05625
5 0.1515625 0.0734375 0.0328125 0.0421875
5 0.08046875 0.0515625 0.02265625 0.03828125
5 0.08828125 0.10234375 0.0328125 0.05078125
3 0.25546875 0.125 0.02421875 0.025
3 0.18984375 0.1078125 0.02265625 0.02578125
3 0.3046875 0.1375 0.01640625 0.0234375
0 0.2265625 0.340625 0.01875 0.13046875
1 0.603125 0.19453125 0.03046875 0.06328125
1 0.53125 0.18125 0.040625 0.06015625
3 0.82109375 0.2359375 0.1015625 0.065625
5 0.303125 0.20078125 0.0484375 0.07734375