3 0.7671875 0.4921875 0.178125 0.190625
3 0.76640625 0.346875 0.1640625 0.11875
2 0.3421875 0.1359375 0.13125 0.15
3 0.225 0.290625 0.090625 0.109375
3 0.565625 0.4859375 0.1796875 0.2
0 0.95859375 0.56796875 0.0828125 0.1625
3 0.2453125 0.7046875 0.2359375 0.296875
3 0.13203125 0.309375 0.0796875 0.1
4 0.31953125 0.8171875 0.0734375 0.215625
3 0.24453125 0.15546875 0.046875 0.05
3 0.1984375 0.5390625 0.165625 0.1640625
5 0.15078125 0.14453125 0.08125 0.1296875
3 0.97421875 0.2203125 0.0515625 0.09375
0 0.4109375 0.27265625 0.040625 0.090625
0 0.35078125 0.26015625 0.046875 0.08125
4 0.06015625 0.45390625 0.04375 0.2
3 0.3234375 0.22890625 0.071875 0.0703125
4 0.3296875 0.49453125 0.053125 0.1890625
4 0.065625 0.8265625 0.078125 0.1875
4 0.078125 0.89921875 0.06875 0.2015625
0 0.96171875 0.490625 0.0765625 0.13125
0 0.35234375 0.3265625 0.04375 0.08125
0 0.45078125 0.359375 0.05 0.13125
1 0.22890625 0.19375 0.053125 0.071875
3 0.51640625 0.3234375 0.0875 0.1109375
0 0.60390625 0.3125 0.040625 0.140625
3 0.8984375 0.20078125 0.0625 0.0671875
1 0.83359375 0.19765625 0.065625 0.0625
0 0.6796875 0.1703125 0.01875 0.04375
0 0.08828125 0.1140625 0.0171875 0.04375
3 0.08125 0.0765625 0.0296875 0.0421875
3 0.4703125 0.23828125 0.06875 0.075
0 0.46015625 0.25390625 0.025 0.08125
3 0.06484375 0.19453125 0.0375 0.0796875