1 0.61015625 0.6515625 0.171875 0.0890625
3 0.771875 0.90546875 0.071875 0.0875
3 0.77265625 0.784375 0.065625 0.0703125
1 0.72578125 0.6984375 0.103125 0.065625
3 0.29453125 0.78359375 0.26875 0.225
4 0.125 0.94296875 0.25 0.0984375
4 0.10703125 0.759375 0.2125 0.0875
5 0.83828125 0.7421875 0.0953125 0.05625
4 0.58828125 0.8921875 0.1328125 0.0484375
2 0.3546875 0.325 0.66875 0.521875
5 0.88125 0.85390625 0.0671875 0.046875
5 0.81015625 0.0296875 0.2546875 0.059375
3 0.69609375 0.8890625 0.065625 0.0578125
3 0.44765625 0.83359375 0.1671875 0.153125
4 0.4171875 0.94453125 0.225 0.059375
3 0.81796875 0.81796875 0.05625 0.04375
0 0.521875 0.03125 0.184375 0.0625
4 0.56875 0.97734375 0.103125 0.0390625
0 0.853125 0.90625 0.0859375 0.0296875
0 0.84765625 0.9375 0.0671875 0.021875
4 0.590625 0.83984375 0.1171875 0.0625
3 0.778125 0.14921875 0.06875 0.0703125
0 0.68671875 0.6109375 0.165625 0.053125