3 0.7515625 0.0578125 0.10625 0.0625
3 0.2953125 0.171875 0.278125 0.1875
2 0.83359375 0.64140625 0.125 0.1453125
2 0.46328125 0.66640625 0.609375 0.603125
3 0.43515625 0.12109375 0.18125 0.1578125
1 0.58984375 0.05 0.175 0.1
5 0.82421875 0.128125 0.11875 0.075
0 0.8390625 0.059375 0.0546875 0.0171875
4 0.31171875 0.3015625 0.1375 0.05625
4 0.3546875 0.38046875 0.2109375 0.05
4 0.7171875 0.06015625 0.0625 0.0234375
0 0.74375 0.11328125 0.0984375 0.0234375
0 0.8328125 0.075 0.05625 0.0140625
0 0.81484375 0.08828125 0.065625 0.015625
0 0.86171875 0.09296875 0.040625 0.009375
3 0.81171875 0.165625 0.0625 0.0125
3 0.8953125 0.0609375 0.034375 0.025
3 0.890625 0.00625 0.03125 0.0125
3 0.7546875 0.0046875 0.06875 0.009375
1 0.84296875 0.53203125 0.046875 0.0375