2 0.65390625 0.7484375 0.3046875 0.3046875
5 0.80390625 0.39453125 0.20625 0.14375
3 0.52734375 0.53359375 0.1578125 0.1515625
1 0.58671875 0.11171875 0.15 0.1046875
2 0.8328125 0.53125 0.08125 0.1015625
0 0.409375 0.5203125 0.2265625 0.059375
1 0.82109375 0.15546875 0.065625 0.04375
0 0.725 0.2828125 0.084375 0.040625
1 0.8140625 0.1015625 0.084375 0.053125
0 0.6828125 0.20390625 0.11875 0.04375
3 0.78125 0.2125 0.0703125 0.071875
3 0.45 0.18125 0.1625 0.153125
0 0.53828125 0.66796875 0.159375 0.053125
4 0.47890625 0.0328125 0.1 0.059375
4 0.1890625 0.26015625 0.2171875 0.065625
3 0.2890625 0.23515625 0.2875 0.20625
1 0.2203125 0.9203125 0.4125 0.159375
4 0.6546875 0.04375 0.11875 0.034375
0 0.7921875 0.1625 0.075 0.03125
0 0.83359375 0.19296875 0.0375 0.0125
2 0.9109375 0.17890625 0.04375 0.034375
2 0.90078125 0.234375 0.05 0.053125
3 0.878125 0.1109375 0.034375 0.01875
1 0.88203125 0.08828125 0.0375 0.021875
4 0.10390625 0.02421875 0.2078125 0.0484375