3 0.33359375 0.88203125 0.109375 0.0890625
3 0.6890625 0.7640625 0.265625 0.19375
3 0.3578125 0.75078125 0.13125 0.0921875
3 0.54375 0.821875 0.16875 0.15
3 0.3 0.62578125 0.090625 0.06875
1 0.240625 0.8078125 0.0734375 0.03125
1 0.25625 0.76171875 0.0828125 0.078125
3 0.64296875 0.0515625 0.2390625 0.103125
3 0.50625 0.05390625 0.1609375 0.10625
5 0.2203125 0.396875 0.371875 0.259375
3 0.61796875 0.26171875 0.25 0.225
1 0.82734375 0.35625 0.3453125 0.234375
0 0.4421875 0.34765625 0.1515625 0.059375
3 0.25859375 0.68828125 0.065625 0.0609375
3 0.34140625 0.5515625 0.1125 0.1046875
5 0.24453125 0.09765625 0.0953125 0.1125
3 0.203125 0.76015625 0.028125 0.053125
0 0.7578125 0.215625 0.19375 0.109375
4 0.33828125 0.9453125 0.109375 0.0390625
0 0.371875 0.653125 0.1328125 0.040625
0 0.14296875 0.91953125 0.1078125 0.075
0 0.4296875 0.58203125 0.1890625 0.053125
3 0.18515625 0.725 0.0265625 0.03125
2 0.165625 0.84453125 0.1375 0.059375
0 0.4296875 0.49765625 0.159375 0.05
0 0.3953125 0.46328125 0.140625 0.04375
4 0.79765625 0.93828125 0.1671875 0.065625
4 0.8703125 0.84921875 0.0875 0.05625
4 0.93671875 0.6015625 0.09375 0.0546875
4 0.50859375 0.96484375 0.128125 0.0578125
4 0.3859375 0.94921875 0.103125 0.0203125