1 0.74375 0.81796875 0.1 0.0546875
3 0.27421875 0.759375 0.28125 0.2046875
3 0.56953125 0.81875 0.128125 0.1328125
3 0.41640625 0.821875 0.184375 0.153125
0 0.52109375 0.32265625 0.1328125 0.059375
3 0.65 0.88671875 0.0984375 0.0796875
3 0.72421875 0.69140625 0.078125 0.071875
0 0.64140625 0.67109375 0.1109375 0.04375
3 0.59609375 0.3078125 0.1890625 0.153125
0 0.56015625 0.62890625 0.1625 0.065625
5 0.8375 0.2625 0.196875 0.253125
0 0.7015625 0.7640625 0.090625 0.0359375
3 0.65859375 0.46640625 0.1125 0.1046875
4 0.13046875 0.93359375 0.196875 0.0875
3 0.740625 0.04453125 0.103125 0.0875
3 0.73984375 0.61953125 0.084375 0.0703125
3 0.84921875 0.884375 0.0453125 0.03125
3 0.78828125 0.41953125 0.053125 0.05625
4 0.44375 0.94921875 0.253125 0.0484375
4 0.55625 0.94609375 0.125 0.05625
3 0.68984375 0.93359375 0.0625 0.0765625
0 0.7828125 0.87890625 0.06875 0.025
3 0.76171875 0.94765625 0.071875 0.0390625
0 0.765625 0.7421875 0.0703125 0.021875
0 0.7671875 0.78046875 0.06875 0.01875
0 0.784375 0.715625 0.04375 0.01875
5 0.846875 0.80234375 0.09375 0.0734375
3 0.75546875 0.12578125 0.065625 0.0296875
0 0.8140625 0.5171875 0.046875 0.046875
5 0.90859375 0.7984375 0.0375 0.04375
3 0.85234375 0.92734375 0.046875 0.034375
1 0.82890625 0.58125 0.034375 0.0390625
3 0.840625 0.85078125 0.046875 0.025
5 0.37109375 0.0859375 0.5296875 0.171875