1 0.34921875 0.3875 0.090625 0.153125
1 0.4953125 0.41484375 0.10625 0.1671875
0 0.68515625 0.4734375 0.084375 0.184375
3 0.9125 0.7390625 0.1734375 0.2875
3 0.5515625 0.32578125 0.1015625 0.10625
5 0.21953125 0.3046875 0.0796875 0.1546875
1 0.10625 0.25703125 0.0484375 0.1125
4 0.03828125 0.340625 0.034375 0.121875
3 0.1328125 0.16875 0.0484375 0.05
3 0.32578125 0.27421875 0.078125 0.0765625
3 0.21796875 0.70078125 0.23125 0.284375
0 0.70078125 0.70078125 0.0921875 0.271875
1 0.4046875 0.25 0.0859375 0.096875
4 0.02734375 0.4875 0.053125 0.1546875
3 0.4234375 0.15390625 0.084375 0.046875
4 0.2515625 0.78984375 0.065625 0.2265625
0 0.17421875 0.253125 0.034375 0.084375
4 0.06640625 0.85234375 0.06875 0.184375
3 0.17265625 0.51796875 0.153125 0.1109375
3 0.29609375 0.2046875 0.0515625 0.046875
3 0.70625 0.228125 0.059375 0.040625
3 0.65 0.20390625 0.0515625 0.04375
3 0.603125 0.20390625 0.0515625 0.0359375
1 0.53984375 0.17734375 0.05625 0.0546875
3 0.04921875 0.20546875 0.05625 0.0640625
5 0.1890625 0.13359375 0.071875 0.1125