2 0.759375 0.63046875 0.48125 0.7390625
2 0.63125 0.17421875 0.14453125 0.11015625
0 0.14140625 0.1796875 0.0125 0.06484375
3 0.14921875 0.15078125 0.02890625 0.05234375
2 0.15546875 0.0859375 0.0296875 0.03515625
2 0.10234375 0.0625 0.0296875 0.034375
5 0.221875 0.2125 0.0578125 0.10078125
5 0.35 0.12109375 0.07109375 0.08203125
3 0.08984375 0.18125 0.04296875 0.06796875
3 0.103125 0.1375 0.03359375 0.04921875
1 0.1953125 0.26640625 0.05234375 0.09375
1 0.18203125 0.1953125 0.021875 0.06640625
1 0.11171875 0.4328125 0.10078125 0.178125
1 0.4078125 0.821875 0.20390625 0.1609375
1 0.87265625 0.2375 0.071875 0.05859375
3 0.46171875 0.31328125 0.09140625 0.11640625
3 0.1671875 0.5453125 0.11953125 0.17734375
3 0.23359375 0.67890625 0.15234375 0.24140625
3 0.321875 0.26875 0.075 0.0734375
0 0.371875 0.25 0.02421875 0.08515625
0 0.3125 0.328125 0.02734375 0.11640625
0 0.7515625 0.23203125 0.071875 0.034375
3 0.1015625 0.28125 0.0765625 0.0921875
4 0.14765625 0.2765625 0.0203125 0.09296875
4 0.053125 0.34921875 0.01796875 0.11015625
4 0.0375 0.5 0.05546875 0.14609375