3 0.12109375 0.3390625 0.07578125 0.11953125
3 0.5421875 0.40859375 0.1203125 0.16328125
3 0.2359375 0.7015625 0.19765625 0.271875
3 0.284375 0.35703125 0.0859375 0.13984375
3 0.2671875 0.2390625 0.059375 0.06484375
1 0.2125 0.2640625 0.046875 0.0875
3 0.1796875 0.54375 0.14453125 0.16640625
5 0.51796875 0.12578125 0.184375 0.1890625
3 0.1828125 0.20078125 0.04609375 0.05546875
3 0.36796875 0.2578125 0.0703125 0.0765625
2 0.91484375 0.73046875 0.1578125 0.5390625
4 0.06015625 0.35078125 0.04453125 0.159375
4 0.2171875 0.8015625 0.0734375 0.24609375
3 0.1625 0.15546875 0.02734375 0.0375
0 0.94453125 0.26796875 0.04609375 0.0703125
4 0.04140625 0.5 0.0734375 0.13359375
0 0.1296875 0.171875 0.034375 0.0484375
0 0.39921875 0.2765625 0.02265625 0.1234375
4 0.065625 0.84140625 0.059375 0.13828125
0 0.14375 0.2578125 0.0203125 0.04296875
4 0.10234375 0.25390625 0.015625 0.0390625
2 0.1234375 0.11328125 0.04609375 0.05703125
3 0.09921875 0.1421875 0.0296875 0.0421875
3 0.225 0.1875 0.0125 0.05390625