2 0.6171875 0.51796875 0.365625 0.2921875
3 0.346875 0.3265625 0.25 0.246875
3 0.6703125 0.88671875 0.10625 0.0828125
3 0.50234375 0.24140625 0.175 0.13125
3 0.28671875 0.76484375 0.284375 0.23125
1 0.6578125 0.80625 0.13125 0.08125
3 0.33671875 0.10390625 0.2953125 0.2078125
3 0.63125 0.29296875 0.109375 0.1375
3 0.8046875 0.784375 0.0578125 0.0734375
3 0.7828125 0.6703125 0.075 0.053125
0 0.7375 0.72734375 0.1078125 0.0359375
3 0.4484375 0.81953125 0.171875 0.15625
1 0.87890625 0.8515625 0.0625 0.0375
0 0.76484375 0.79609375 0.0625 0.0359375
4 0.1203125 0.93828125 0.15625 0.0625
0 0.13203125 0.209375 0.2640625 0.125
4 0.4953125 0.9703125 0.13125 0.059375
3 0.853125 0.7796875 0.03125 0.0515625
0 0.796875 0.903125 0.090625 0.021875
0 0.80625 0.8796875 0.075 0.028125
0 0.56796875 0.11640625 0.1453125 0.065625
4 0.2078125 0.5078125 0.2515625 0.071875
5 0.7625 0.08046875 0.084375 0.1609375
0 0.78984375 0.21953125 0.0375 0.0296875
3 0.77890625 0.1625 0.0671875 0.0703125
4 0.04375 0.515625 0.0875 0.1
4 0.5859375 0.959375 0.175 0.0328125
4 0.703125 0.96640625 0.059375 0.034375
3 0.73671875 0.9296875 0.0875 0.046875
3 0.84296875 0.83125 0.065625 0.03125
0 0.85 0.93125 0.0546875 0.015625
0 0.8625 0.90703125 0.028125 0.0125
3 0.88828125 0.88203125 0.0421875 0.0296875
5 0.92578125 0.9109375 0.053125 0.034375
5 0.8828125 0.809375 0.021875 0.0328125
1 0.8640625 0.55859375 0.03125 0.03125
5 0.79140625 0.43828125 0.065625 0.11875
1 0.8421875 0.4546875 0.03125 0.0328125
0 0.62578125 0.246875 0.053125 0.034375
0 0.540625 0.32265625 0.115625 0.034375