4 0.18203125 0.95 0.225 0.1
4 0.1375 0.96171875 0.153125 0.0765625
4 0.059375 0.55 0.11875 0.096875
0 0.1515625 0.10234375 0.303125 0.2046875
3 0.2859375 0.78359375 0.325 0.2390625
3 0.44375 0.840625 0.2453125 0.1921875
3 0.4875 0.4046875 0.234375 0.203125
0 0.44375 0.15234375 0.25 0.1078125
0 0.55078125 0.22109375 0.2 0.08125
0 0.66796875 0.2375 0.1609375 0.0625
0 0.61171875 0.1875 0.1796875 0.06875
3 0.56875 0.65078125 0.240625 0.175
4 0.51484375 0.98828125 0.1765625 0.0234375
4 0.57109375 0.98828125 0.1375 0.0234375
3 0.69296875 0.90625 0.134375 0.1078125
3 0.72265625 0.96484375 0.1234375 0.0703125
4 0.70390625 0.9828125 0.1046875 0.034375
4 0.68828125 0.934375 0.128125 0.040625
0 0.63671875 0.90078125 0.16875 0.05625
3 0.67109375 0.43203125 0.178125 0.13125
0 0.63046875 0.39921875 0.08125 0.0625
0 0.70546875 0.578125 0.13125 0.046875
3 0.77734375 0.65546875 0.1421875 0.071875
0 0.7328125 0.615625 0.13125 0.0390625
0 0.73671875 0.56953125 0.11875 0.0359375
3 0.8265625 0.91640625 0.090625 0.059375
3 0.82890625 0.97578125 0.075 0.0484375
1 0.80078125 0.83984375 0.115625 0.0625
0 0.77890625 0.82734375 0.125 0.03125
1 0.6453125 0.75703125 0.19375 0.1015625
1 0.740625 0.734375 0.10625 0.08125
0 0.80625 0.80234375 0.0921875 0.0265625
0 0.78671875 0.7828125 0.1046875 0.025
3 0.83359375 0.75859375 0.0609375 0.046875
0 0.825 0.7625 0.075 0.03125
3 0.846875 0.68984375 0.0671875 0.0578125
5 0.8671875 0.7296875 0.075 0.059375
1 0.84765625 0.86640625 0.06875 0.034375
1 0.8734375 0.94765625 0.075 0.0421875
3 0.89296875 0.859375 0.040625 0.0375
3 0.87265625 0.7890625 0.053125 0.0390625
3 0.91640625 0.96171875 0.0390625 0.0359375
3 0.90546875 0.9359375 0.05 0.0296875
3 0.928125 0.9 0.0453125 0.0359375
5 0.89375 0.39765625 0.1328125 0.1859375
3 0.884375 0.51875 0.0484375 0.053125
5 0.92109375 0.6546875 0.0734375 0.0625
3 0.91328125 0.6109375 0.046875 0.0359375
3 0.8171875 0.265625 0.059375 0.071875
3 0.81015625 0.1875 0.065625 0.078125
3 0.82578125 0.13671875 0.08125 0.0625
0 0.80625 0.10390625 0.046875 0.034375
3 0.80546875 0.04375 0.1015625 0.0875