3 0.73828125 0.26015625 0.2875 0.21875
3 0.57734375 0.19296875 0.1890625 0.15
0 0.3 0.2953125 0.1140625 0.04375
2 0.5796875 0.71953125 0.584375 0.5609375
5 0.21328125 0.41484375 0.1609375 0.121875
3 0.3390625 0.1328125 0.0953125 0.065625
2 0.8265625 0.9234375 0.346875 0.153125
5 0.23046875 0.521875 0.16875 0.1015625
4 0.8703125 0.51796875 0.259375 0.075
4 0.884375 0.61953125 0.23125 0.0765625
4 0.74609375 0.6140625 0.15625 0.0671875
4 0.8875 0.0703125 0.225 0.096875
4 0.41796875 0.15078125 0.159375 0.0421875
4 0.42265625 0.20078125 0.1265625 0.0390625
4 0.4859375 0.08203125 0.190625 0.0421875
4 0.49453125 0.05 0.2171875 0.046875
0 0.28984375 0.19375 0.121875 0.040625
3 0.32890625 0.4734375 0.1296875 0.1125
3 0.23125 0.89765625 0.096875 0.08125
0 0.215625 0.734375 0.0546875 0.025
3 0.19140625 0.62265625 0.0625 0.06875
5 0.1109375 0.35234375 0.096875 0.084375
5 0.0640625 0.1671875 0.075 0.0453125
5 0.17578125 0.2046875 0.13125 0.059375
0 0.20859375 0.16015625 0.08125 0.021875
1 0.16640625 0.0734375 0.0546875 0.0328125
3 0.23984375 0.078125 0.0625 0.065625
0 0.17890625 0.11875 0.0625 0.01875
0 0.17578125 0.09609375 0.0625 0.0171875
0 0.17578125 0.14375 0.0625 0.015625
0 0.1546875 0.1140625 0.053125 0.015625
0 0.16171875 0.159375 0.0421875 0.0125
3 0.128125 0.14296875 0.025 0.03125