1 0.0984375 0.4796875 0.196875 0.253125
0 0.34375 0.50859375 0.20625 0.071875
1 0.521875 0.48671875 0.1859375 0.1234375
1 0.73125 0.77265625 0.125 0.071875
1 0.55546875 0.9078125 0.171875 0.1078125
3 0.6828125 0.53515625 0.09375 0.0875
2 0.846875 0.5046875 0.128125 0.125
1 0.296875 0.2171875 0.3 0.209375
0 0.32421875 0.05234375 0.2453125 0.1046875
3 0.7109375 0.65 0.096875 0.084375
0 0.60078125 0.64375 0.1375 0.04375
0 0.653125 0.8140625 0.13125 0.04375
0 0.71328125 0.86640625 0.109375 0.034375
0 0.70625 0.7140625 0.096875 0.03125
3 0.2328125 0.77421875 0.30625 0.2234375
3 0.40390625 0.83515625 0.178125 0.165625
4 0.45390625 0.98359375 0.1453125 0.0328125
3 0.81796875 0.86875 0.0625 0.05
5 0.8421875 0.71484375 0.1484375 0.1296875
4 0.61875 0.98125 0.1421875 0.0359375
4 0.134375 0.75234375 0.26875 0.0890625
0 0.7640625 0.25078125 0.059375 0.0234375
1 0.78984375 0.40625 0.05 0.04375
0 0.67109375 0.4515625 0.1078125 0.0375
3 0.69609375 0.9640625 0.090625 0.065625
0 0.7421875 0.90234375 0.08125 0.025
0 0.78359375 0.83125 0.0640625 0.021875
5 0.85078125 0.8125 0.115625 0.065625
3 0.80234375 0.9265625 0.046875 0.0421875
0 0.6609375 0.6859375 0.109375 0.028125