5 0.734375 0.63046875 0.190625 0.1140625
3 0.29296875 0.7890625 0.2859375 0.23125
3 0.52578125 0.42109375 0.21875 0.190625
5 0.76484375 0.39296875 0.2890625 0.24375
5 0.6046875 0.13125 0.359375 0.2625
0 0.77734375 0.7625 0.06875 0.04375
3 0.67109375 0.903125 0.090625 0.0859375
3 0.83515625 0.8453125 0.04375 0.046875
0 0.684375 0.7296875 0.1125 0.0375
1 0.7984375 0.91484375 0.08125 0.053125
3 0.57578125 0.83515625 0.1125 0.1390625
0 0.5078125 0.5796875 0.184375 0.065625
4 0.08515625 0.965625 0.16875 0.0625
0 0.78515625 0.84765625 0.059375 0.034375
3 0.4484375 0.84140625 0.165625 0.153125
4 0.490625 0.97890625 0.1375 0.0421875
4 0.21796875 0.94296875 0.071875 0.0484375
4 0.596875 0.99296875 0.1375 0.0140625
3 0.89140625 0.92421875 0.0359375 0.034375
3 0.87109375 0.89140625 0.0421875 0.028125
3 0.7015625 0.95234375 0.096875 0.065625
5 0.95078125 0.92421875 0.0375 0.0203125