3 0.3671875 0.365625 0.1125 0.10078125
1 0.11875 0.41015625 0.10078125 0.15390625
3 0.25390625 0.209375 0.053125 0.0578125
1 0.18515625 0.2046875 0.0375 0.07265625
0 0.459375 0.32890625 0.04765625 0.103125
4 0.26953125 0.78203125 0.0625 0.2015625
1 0.625 0.6796875 0.196875 0.3546875
3 0.2984375 0.2890625 0.06171875 0.08984375
3 0.18125 0.54609375 0.15234375 0.15859375
4 0.1984375 0.89453125 0.09453125 0.1765625
0 0.35390625 0.27265625 0.03515625 0.075
1 0.10703125 0.14921875 0.03046875 0.06015625
1 0.93984375 0.82890625 0.1078125 0.34140625
3 0.46015625 0.17421875 0.05078125 0.04296875
0 0.38203125 0.27578125 0.0421875 0.07109375
0 0.1453125 0.20546875 0.02265625 0.059375
0 0.4234375 0.47265625 0.0640625 0.1609375
4 0.0359375 0.51484375 0.0640625 0.11171875
0 0.121875 0.22421875 0.0234375 0.08125
4 0.05078125 0.3453125 0.0375 0.1140625
0 0.75078125 0.65 0.0578125 0.27421875
3 0.18671875 0.6640625 0.078125 0.2515625
3 0.1453125 0.16640625 0.03046875 0.03984375
3 0.165625 0.1484375 0.02734375 0.0375
3 0.2125 0.17890625 0.02265625 0.05
3 0.234375 0.18515625 0.01796875 0.034375
0 0.61171875 0.20546875 0.01484375 0.0296875
0 0.55703125 0.19453125 0.01171875 0.02265625
5 0.765625 0.2359375 0.0875 0.065625
0 0.83046875 0.23828125 0.02109375 0.0484375