3 0.671875 0.54609375 0.17734375 0.18671875
3 0.4375 0.3 0.103125 0.10625
1 0.1171875 0.4140625 0.0953125 0.1546875
3 0.2375 0.6921875 0.2078125 0.2546875
3 0.18828125 0.54296875 0.14765625 0.15234375
0 0.4828125 0.53203125 0.05625 0.1953125
1 0.22890625 0.290625 0.06328125 0.096875
0 0.39765625 0.54453125 0.0578125 0.18984375
0 0.39375 0.4 0.03984375 0.13046875
1 0.1671875 0.246875 0.0484375 0.08359375
0 0.4671875 0.37578125 0.03828125 0.1203125
0 0.51953125 0.371875 0.04453125 0.1234375
3 0.84765625 0.47265625 0.16484375 0.1625
0 0.3078125 0.28984375 0.02265625 0.09140625
5 0.3234375 0.24921875 0.06328125 0.11640625
0 0.31796875 0.29453125 0.04609375 0.0796875
3 0.1234375 0.2390625 0.046875 0.0671875
0 0.0703125 0.2109375 0.0171875 0.05625
3 0.0953125 0.18046875 0.04375 0.05234375
3 0.159375 0.15859375 0.0375 0.034375
4 0.0390625 0.5140625 0.05859375 0.11171875
1 0.98203125 0.2859375 0.0359375 0.06328125
0 0.37578125 0.26875 0.02890625 0.08046875
3 0.39609375 0.234375 0.053125 0.03203125
4 0.26015625 0.82109375 0.06015625 0.35703125
0 0.7296875 0.7640625 0.09375 0.29609375
4 0.04921875 0.359375 0.025 0.1421875
5 0.47578125 0.15234375 0.0828125 0.09609375
3 0.6734375 0.20625 0.065625 0.07109375
3 0.1890625 0.178125 0.0421875 0.05234375
5 0.19375 0.1421875 0.03359375 0.0625
3 0.07578125 0.28359375 0.046875 0.0890625
0 0.90390625 0.253125 0.0546875 0.0765625
3 0.09453125 0.14296875 0.02265625 0.02578125
3 0.10546875 0.1171875 0.01796875 0.03671875
2 0.115625 0.06875 0.0296875 0.04765625
2 0.28515625 0.128125 0.03203125 0.04296875
0 0.11953125 0.1671875 0.01171875 0.05390625
0 0.0765625 0.1296875 0.0109375 0.03671875
1 0.2375 0.225 0.034375 0.0625