0 0.27265625 0.35390625 0.02578125 0.1234375
3 0.27578125 0.3046875 0.053125 0.0796875
1 0.1171875 0.40546875 0.09921875 0.15859375
1 0.11484375 0.3921875 0.09921875 0.1421875
1 0.50703125 0.3734375 0.08046875 0.14609375
1 0.36171875 0.39375 0.06484375 0.1390625
1 0.26796875 0.234375 0.04140625 0.05390625
1 0.79765625 0.234375 0.03671875 0.05390625
1 0.98046875 0.265625 0.0390625 0.08125
3 0.10078125 0.2703125 0.06875 0.09609375
3 0.1796875 0.3015625 0.0640625 0.08671875
3 0.19375 0.23359375 0.05234375 0.0484375
3 0.0796875 0.1421875 0.02578125 0.05
0 0.453125 0.40859375 0.03828125 0.146875
0 0.4046875 0.49140625 0.04140625 0.18203125
0 0.68984375 0.40546875 0.07109375 0.17421875
0 0.8015625 0.5390625 0.08125 0.23046875
0 0.1125 0.140625 0.009375 0.04140625
0 0.14453125 0.1515625 0.01796875 0.04921875
4 0.0375 0.4953125 0.05703125 0.14296875
4 0.025 0.34453125 0.05 0.14453125
0 0.32109375 0.346875 0.02109375 0.11171875
5 0.3578125 0.25546875 0.090625 0.12109375
5 0.28828125 0.16796875 0.0859375 0.10859375
5 0.2078125 0.0921875 0.04921875 0.07890625
2 0.25546875 0.1046875 0.03984375 0.05
2 0.553125 0.17578125 0.11171875 0.0859375
4 0.1953125 0.3890625 0.0390625 0.14921875
3 0.184375 0.5546875 0.146875 0.16484375
3 0.2375 0.684375 0.18046875 0.23515625