5 0.51640625 0.8046875 0.290625 0.21875
3 0.40703125 0.6359375 0.13125 0.140625
3 0.7328125 0.16953125 0.2859375 0.2453125
5 0.16953125 0.259375 0.1359375 0.1125
3 0.2828125 0.253125 0.0875 0.08125
0 0.39375 0.2734375 0.14375 0.05625
3 0.25234375 0.9140625 0.0953125 0.10625
3 0.5671875 0.1171875 0.1703125 0.1625
1 0.296875 0.13203125 0.1140625 0.0625
5 0.2515625 0.45390625 0.1890625 0.178125
3 0.34140625 0.05546875 0.096875 0.084375
4 0.9171875 0.0203125 0.146875 0.040625
3 0.190625 0.18515625 0.05625 0.053125
4 0.975 0.46015625 0.05 0.1015625
3 0.9515625 0.9015625 0.096875 0.190625
0 0.4109375 0.4046875 0.14375 0.040625
0 0.44140625 0.509375 0.1625 0.05
3 0.24453125 0.06640625 0.06875 0.06875
0 0.28203125 0.1828125 0.096875 0.0296875
0 0.71796875 0.9734375 0.2390625 0.053125
0 0.38203125 0.07578125 0.10625 0.05625
4 0.803125 0.0171875 0.075 0.034375
0 0.30390625 0.3296875 0.1125 0.021875
0 0.40859375 0.3484375 0.1625 0.0375
0 0.53203125 0.46640625 0.209375 0.05625
3 0.359375 0.4546875 0.13125 0.040625
0 0.75546875 0.59140625 0.3140625 0.0875
3 0.4703125 0.94765625 0.184375 0.0453125
1 0.1890625 0.5734375 0.0421875 0.025
3 0.23046875 0.81171875 0.065625 0.065625
3 0.1609375 0.134375 0.04375 0.021875
0 0.16796875 0.1546875 0.0453125 0.0125
0 0.21484375 0.14609375 0.034375 0.028125
0 0.1765625 0.05546875 0.05625 0.015625
1 0.1671875 0.078125 0.059375 0.028125
3 0.1984375 0.1140625 0.0546875 0.0328125
0 0.1453125 0.10390625 0.046875 0.0234375
0 0.1546875 0.02890625 0.090625 0.0375