3 0.80859375 0.23828125 0.340625 0.3625
3 0.30234375 0.69140625 0.109375 0.0765625
3 0.74296875 0.76171875 0.29375 0.2375
3 0.4734375 0.22890625 0.1625 0.1625
1 0.2390625 0.8640625 0.09375 0.06875
0 0.40390625 0.609375 0.146875 0.065625
3 0.1734375 0.78515625 0.053125 0.0421875
3 0.575 0.81171875 0.171875 0.159375
0 0.29140625 0.79140625 0.109375 0.040625
3 0.3421875 0.87578125 0.0875 0.084375
0 0.40625 0.86484375 0.1421875 0.05625
3 0.21796875 0.70390625 0.0453125 0.0609375
4 0.915625 0.58359375 0.16875 0.096875
4 0.92890625 0.9296875 0.134375 0.0828125
3 0.2515625 0.02734375 0.09375 0.0546875
3 0.37109375 0.3109375 0.153125 0.1421875
4 0.49296875 0.96015625 0.2265625 0.05
4 0.82734375 0.93046875 0.1046875 0.0625
0 0.2375 0.13046875 0.0265625 0.01875
3 0.23359375 0.09765625 0.06875 0.04375
3 0.29375 0.93046875 0.096875 0.0671875
0 0.15703125 0.90546875 0.0625 0.01875
0 0.14375 0.8765625 0.053125 0.0140625
0 0.12890625 0.86328125 0.040625 0.0125
0 0.15 0.84375 0.0671875 0.0125
0 0.13984375 0.82265625 0.046875 0.0125
2 0.10859375 0.92734375 0.0703125 0.0375