3 0.59296875 0.2765625 0.115625 0.065625
2 0.71796875 0.646875 0.5640625 0.70625
3 0.8828125 0.3671875 0.146875 0.128125
3 0.21015625 0.66875 0.225 0.3
5 0.3796875 0.07890625 0.1 0.1109375
3 0.38125 0.278125 0.0890625 0.10625
3 0.1609375 0.54921875 0.16875 0.2171875
3 0.46171875 0.25390625 0.08125 0.1125
5 0.09296875 0.37578125 0.1 0.159375
5 0.3484375 0.20390625 0.06875 0.090625
2 0.96015625 0.24609375 0.078125 0.0609375
3 0.23828125 0.240625 0.08125 0.115625
4 0.84140625 0.2046875 0.025 0.04375
3 0.2265625 0.153125 0.05 0.06875
3 0.2578125 0.1796875 0.05 0.0421875
3 0.0609375 0.1421875 0.040625 0.040625
4 0.01796875 0.47578125 0.0359375 0.1703125
4 0.01484375 0.28984375 0.0296875 0.1515625
0 0.06875 0.17109375 0.0171875 0.0640625
0 0.15078125 0.178125 0.015625 0.078125
0 0.16796875 0.1734375 0.015625 0.065625
0 0.3375 0.3375 0.0375 0.15
5 0.178125 0.034375 0.0609375 0.06875
1 0.6203125 0.16171875 0.040625 0.0328125
1 0.52578125 0.1375 0.03125 0.05