1 0.1640625 0.228125 0.03984375 0.071875
1 0.48515625 0.353125 0.084375 0.1375
3 0.240625 0.69375 0.19453125 0.265625
3 0.8625 0.55 0.23828125 0.23984375
1 0.2109375 0.2734375 0.05390625 0.09375
3 0.59609375 0.43046875 0.16015625 0.10546875
3 0.1828125 0.54375 0.13671875 0.16640625
3 0.8140625 0.41328125 0.190625 0.146875
3 0.91796875 0.240625 0.1125 0.0703125
3 0.96015625 0.79296875 0.06953125 0.246875
1 0.228125 0.21796875 0.06015625 0.05859375
3 0.30390625 0.240625 0.05546875 0.0625
0 0.26875 0.30078125 0.059375 0.13359375
0 0.2640625 0.27265625 0.03828125 0.0859375
3 0.575 0.3375 0.10078125 0.1
3 0.36953125 0.325 0.08203125 0.13125
0 0.35234375 0.34765625 0.04375 0.10859375
0 0.2375 0.30859375 0.0375 0.12265625
0 0.13125 0.39765625 0.05390625 0.1546875
3 0.084375 0.159375 0.03984375 0.06875
4 0.05703125 0.42421875 0.04296875 0.159375
0 0.3984375 0.94296875 0.0625 0.1046875
3 0.82109375 0.23125 0.05234375 0.06484375
4 0.0390625 0.51015625 0.06875 0.1171875
3 0.33515625 0.2234375 0.03984375 0.0484375
1 0.271875 0.203125 0.0359375 0.04921875
3 0.5875 0.53671875 0.16953125 0.1734375
1 0.65 0.6984375 0.19765625 0.35703125
1 0.21796875 0.20625 0.0375 0.0328125
4 0.0734375 0.81484375 0.09609375 0.171875
3 0.1234375 0.34765625 0.0875 0.12265625
0 0.10859375 0.1921875 0.01328125 0.06015625
0 0.12578125 0.20234375 0.0171875 0.06875
5 0.1859375 0.115625 0.07421875 0.11875