3 0.68671875 0.8734375 0.1078125 0.0921875
3 0.8484375 0.70625 0.0625 0.0421875
3 0.70859375 0.634375 0.1 0.0953125
3 0.3109375 0.74609375 0.278125 0.209375
3 0.45859375 0.81171875 0.184375 0.15625
0 0.684375 0.7078125 0.1140625 0.0375
3 0.7671875 0.7453125 0.053125 0.053125
3 0.86015625 0.75625 0.040625 0.0328125
3 0.78671875 0.6125 0.0625 0.0890625
0 0.72421875 0.7859375 0.115625 0.0296875
0 0.76484375 0.70234375 0.0625 0.021875
4 0.49765625 0.93984375 0.209375 0.028125
0 0.68203125 0.74921875 0.1328125 0.040625
2 0.41015625 0.2828125 0.8203125 0.565625
5 0.86796875 0.36171875 0.1078125 0.10625
3 0.7859375 0.0390625 0.096875 0.078125
2 0.85078125 0.85390625 0.121875 0.08125
0 0.7390625 0.8140625 0.0875 0.0296875
0 0.82421875 0.7609375 0.05 0.0203125
4 0.1109375 0.7890625 0.221875 0.0625
4 0.03671875 0.61328125 0.0734375 0.0640625
4 0.16328125 0.9328125 0.134375 0.059375
4 0.51796875 0.97265625 0.09375 0.0375
4 0.64375 0.9515625 0.05625 0.021875
4 0.7140625 0.953125 0.059375 0.0234375
4 0.75546875 0.98203125 0.075 0.0234375
3 0.73671875 0.92265625 0.078125 0.0375
0 0.78203125 0.86953125 0.0609375 0.025
0 0.8203125 0.87421875 0.04375 0.01875
3 0.7671875 0.67421875 0.0734375 0.021875
3 0.7640625 0.5578125 0.0875 0.015625
0 0.82421875 0.73828125 0.046875 0.015625
1 0.80703125 0.7984375 0.040625 0.0453125
3 0.853125 0.8078125 0.0390625 0.0203125
0 0.8484375 0.79296875 0.040625 0.0140625
3 0.87734375 0.79609375 0.0375 0.0296875
3 0.88046875 0.9265625 0.04375 0.03125
3 0.91015625 0.90625 0.0375 0.025
0 0.87265625 0.90234375 0.05625 0.0125
3 0.85703125 0.7953125 0.0078125 0.003125
3 0.8125 0.66015625 0.03125 0.040625
3 0.55234375 0.575 0.146875 0.021875