1 0.47890625 0.56484375 0.221875 0.125
3 0.5453125 0.23515625 0.21875 0.2015625
0 0.32734375 0.64140625 0.10625 0.040625
3 0.71015625 0.7625 0.228125 0.2046875
3 0.5734375 0.809375 0.178125 0.165625
5 0.20234375 0.18984375 0.121875 0.125
3 0.40390625 0.2828125 0.125 0.165625
1 0.3359375 0.55625 0.0953125 0.0984375
0 0.40859375 0.7 0.1375 0.04375
1 0.43359375 0.88359375 0.1859375 0.1125
3 0.33125 0.74609375 0.103125 0.065625
0 0.25078125 0.72890625 0.05 0.034375
3 0.28359375 0.94453125 0.090625 0.0875
1 0.74140625 0.27734375 0.371875 0.209375
0 0.16640625 0.92265625 0.04375 0.021875
1 0.15625 0.8515625 0.0765625 0.034375
4 0.359375 0.96015625 0.1234375 0.021875
4 0.54140625 0.965625 0.13125 0.06875
5 0.278125 0.41875 0.2265625 0.125
4 0.85390625 0.721875 0.25 0.0546875
4 0.296875 0.975 0.053125 0.0171875
0 0.23203125 0.8796875 0.084375 0.015625
0 0.15703125 0.875 0.05 0.015625
0 0.19765625 0.80546875 0.065625 0.0140625
3 0.24609375 0.7640625 0.0640625 0.028125
3 0.22734375 0.778125 0.0734375 0.040625
3 0.15859375 0.78359375 0.059375 0.0328125
3 0.14296875 0.82578125 0.040625 0.025
3 0.1390625 0.8921875 0.0453125 0.0234375
5 0.10234375 0.71796875 0.0609375 0.05