2 0.46328125 0.38828125 0.27109375 0.33828125
3 0.640625 0.6390625 0.228125 0.23125
3 0.12109375 0.3390625 0.07734375 0.0984375
3 0.71953125 0.4953125 0.1203125 0.1625
3 0.234375 0.6953125 0.21328125 0.2625
1 0.1953125 0.3515625 0.07578125 0.12265625
3 0.87421875 0.64921875 0.24765625 0.27265625
3 0.67109375 0.375 0.1265625 0.1015625
3 0.215625 0.21484375 0.06796875 0.05390625
3 0.321875 0.23515625 0.05 0.06875
0 0.26875 0.27734375 0.03359375 0.1
3 0.18359375 0.54453125 0.14609375 0.159375
1 0.15390625 0.14609375 0.034375 0.0578125
0 0.20546875 0.2515625 0.0328125 0.05703125
4 0.0734375 0.8484375 0.05703125 0.1453125
0 0.75 0.85078125 0.11484375 0.265625
4 0.0390625 0.503125 0.065625 0.12109375
3 0.2203125 0.1703125 0.04765625 0.02890625
0 0.10625 0.22265625 0.0203125 0.08359375
0 0.12734375 0.21328125 0.025 0.06875
3 0.97890625 0.5109375 0.0421875 0.134375
0 0.8359375 0.434375 0.0609375 0.134375
4 0.47265625 0.76796875 0.06640625 0.2328125
5 0.8734375 0.2546875 0.1578125 0.07890625
0 0.73984375 0.22890625 0.028125 0.03515625
3 0.79296875 0.2390625 0.065625 0.0625
3 0.959375 0.2671875 0.03046875 0.0703125
4 0.46484375 0.934375 0.09375 0.10859375
4 0.05390625 0.4171875 0.0296875 0.16171875
4 0.04765625 0.309375 0.03203125 0.05546875
3 0.08125 0.278125 0.04296875 0.08125
3 0.17265625 0.1796875 0.02890625 0.0609375
0 0.0796875 0.1734375 0.01484375 0.05078125
0 0.10234375 0.16171875 0.0109375 0.0265625
3 0.125 0.1375 0.028125 0.0390625
5 0.0984375 0.103125 0.0328125 0.04921875
5 0.19296875 0.14296875 0.03125 0.0203125
1 0.42578125 0.16015625 0.028125 0.0296875
5 0.5375 0.22734375 0.109375 0.06015625
1 0.52109375 0.18046875 0.03046875 0.02890625
0 0.7140625 0.38046875 0.0328125 0.04921875
0 0.64453125 0.459375 0.03125 0.1078125