2 0.1234375 0.18125 0.08359375 0.11796875
2 0.26171875 0.12109375 0.04609375 0.05234375
5 0.11796875 0.09765625 0.05390625 0.03828125
2 0.10859375 0.06171875 0.028125 0.028125
2 0.15546875 0.08046875 0.0296875 0.05390625
5 0.759375 0.2296875 0.1015625 0.08984375
3 0.65078125 0.540625 0.18046875 0.21171875
3 0.48828125 0.41875 0.09453125 0.12578125
3 0.33125 0.428125 0.1671875 0.18828125
3 0.24375 0.6640625 0.18359375 0.21328125
3 0.17421875 0.5375 0.14765625 0.140625
3 0.271875 0.259375 0.06875 0.08203125
1 0.20625 0.2171875 0.04140625 0.06953125
4 0.3046875 0.23515625 0.0421875 0.08203125
1 0.1203125 0.39921875 0.1078125 0.1625
0 0.5515625 0.465625 0.04921875 0.15859375
0 0.37421875 0.284375 0.0390625 0.08125
0 0.22734375 0.275 0.02109375 0.1078125
0 0.1171875 0.23359375 0.02265625 0.08125
0 0.2296875 0.20703125 0.0171875 0.0546875
4 0.17421875 0.92109375 0.096875 0.1578125