1 0.790625 0.625 0.15 0.2703125
4 0.04296875 0.51953125 0.04765625 0.12421875
1 0.115625 0.40703125 0.0953125 0.1453125
1 0.19140625 0.3015625 0.06640625 0.10859375
4 0.16953125 0.79609375 0.05390625 0.21640625
4 0.04921875 0.35234375 0.028125 0.12421875
3 0.246875 0.7015625 0.1734375 0.25390625
3 0.1859375 0.5625 0.16328125 0.22265625
3 0.4890625 0.59609375 0.17890625 0.25390625
0 0.23515625 0.334375 0.03359375 0.09921875
0 0.259375 0.30859375 0.02421875 0.0890625
0 0.3015625 0.31875 0.0234375 0.09296875
3 0.32734375 0.29921875 0.06875 0.0828125
3 0.16171875 0.24609375 0.0453125 0.07890625
3 0.20625 0.1734375 0.03984375 0.05
0 0.8453125 0.4640625 0.05390625 0.1734375
3 0.884375 0.27421875 0.08828125 0.0578125
0 0.6046875 0.43671875 0.03984375 0.15546875
0 0.78515625 0.44296875 0.0375 0.06953125
0 0.4125 0.43046875 0.034375 0.15234375
2 0.453125 0.15703125 0.1046875 0.10234375
3 0.38203125 0.26640625 0.0640625 0.07421875
3 0.06640625 0.2796875 0.065625 0.06015625
5 0.9671875 0.24453125 0.065625 0.1640625
5 0.146875 0.13671875 0.06875 0.11640625
1 0.4109375 0.371875 0.0796875 0.1296875