1 0.58203125 0.3296875 0.165625 0.096875
1 0.553125 0.48671875 0.1796875 0.1140625
0 0.48984375 0.690625 0.1984375 0.090625
3 0.2046875 0.9203125 0.3109375 0.159375
3 0.64921875 0.546875 0.115625 0.109375
5 0.67109375 0.18984375 0.165625 0.084375
1 0.72265625 0.06796875 0.1203125 0.0515625
4 0.63359375 0.00703125 0.13125 0.0140625
3 0.81796875 0.09609375 0.053125 0.0515625
3 0.7046875 0.3046875 0.08125 0.084375
3 0.2453125 0.18828125 0.30625 0.246875
0 0.2453125 0.7078125 0.2921875 0.1
1 0.73046875 0.3890625 0.103125 0.09375
3 0.83359375 0.409375 0.05 0.090625
4 0.15 0.225 0.24375 0.071875
0 0.72734375 0.140625 0.090625 0.0375
4 0.09140625 0.03125 0.18125 0.0625
3 0.4421875 0.1390625 0.11875 0.165625
3 0.77890625 0.271875 0.05 0.05625
3 0.75390625 0.71328125 0.04375 0.0625
3 0.78046875 0.653125 0.046875 0.05625
3 0.7796875 0.60234375 0.0390625 0.05625
1 0.80859375 0.534375 0.059375 0.059375
3 0.778125 0.01875 0.06875 0.0375
5 0.85546875 0.15703125 0.1203125 0.078125