4 0.18984375 0.83671875 0.1390625 0.1421875
4 0.03984375 0.50859375 0.07734375 0.17421875
4 0.05859375 0.3609375 0.02890625 0.15703125
0 0.14375 0.259375 0.046875 0.08671875
0 0.271875 0.30703125 0.0421875 0.1265625
0 0.4796875 0.346875 0.059375 0.1203125
3 0.23828125 0.68125 0.1625 0.21796875
3 0.17578125 0.54453125 0.165625 0.18828125
1 0.11953125 0.4046875 0.10703125 0.15703125
1 0.23125 0.2390625 0.04921875 0.1109375
0 0.271875 0.21640625 0.0390625 0.08359375
1 0.3578125 0.25234375 0.05234375 0.08515625
3 0.321875 0.29375 0.07890625 0.125
0 0.43984375 0.2640625 0.03359375 0.08984375
0 0.4515625 0.3015625 0.0328125 0.109375
2 0.14375 0.190625 0.09296875 0.153125
3 0.190625 0.175 0.034375 0.06953125
3 0.4234375 0.5328125 0.18671875 0.2515625
3 0.65546875 0.47890625 0.2046875 0.20546875
0 0.70625 0.54375 0.07890625 0.2234375
3 0.8328125 0.6734375 0.265625 0.2765625
3 0.2171875 0.215625 0.04453125 0.06640625
3 0.2359375 0.19140625 0.0328125 0.04296875
3 0.0921875 0.11640625 0.021875 0.03828125
3 0.97734375 0.26796875 0.0453125 0.1078125
3 0.73046875 0.2203125 0.0875 0.07109375
5 0.65 0.18515625 0.09140625 0.07109375
1 0.52109375 0.1828125 0.03203125 0.05703125
1 0.57109375 0.19375 0.03984375 0.04765625
0 0.5953125 0.1859375 0.02109375 0.04453125
1 0.40390625 0.82109375 0.209375 0.17578125
3 0.45078125 0.1703125 0.0390625 0.03203125
1 0.49609375 0.16796875 0.021875 0.03984375
5 0.39140625 0.15 0.0390625 0.04609375
2 0.2484375 0.11015625 0.04609375 0.05390625
5 0.10703125 0.053125 0.03046875 0.04140625
5 0.13125 0.1046875 0.046875 0.05859375
2 0.14765625 0.07265625 0.03671875 0.05546875