3 0.24296875 0.68671875 0.165625 0.240625
3 0.17890625 0.56640625 0.1421875 0.20703125
3 0.36640625 0.34375 0.1078125 0.15703125
3 0.384375 0.2671875 0.07578125 0.09296875
3 0.309375 0.21953125 0.0609375 0.09375
3 0.7421875 0.3921875 0.140625 0.16640625
3 0.5640625 0.40390625 0.128125 0.140625
3 0.46015625 0.16796875 0.0421875 0.03671875
0 0.1890625 0.20078125 0.02890625 0.08359375
3 0.21796875 0.21640625 0.0421875 0.07421875
3 0.10859375 0.19765625 0.040625 0.06171875
3 0.9828125 0.25 0.03359375 0.1015625
2 0.8390625 0.73671875 0.321875 0.5265625
3 0.93046875 0.44609375 0.1390625 0.1015625
1 0.12265625 0.41171875 0.10234375 0.1515625
1 0.15546875 0.1828125 0.03203125 0.07578125
0 0.0453125 0.18984375 0.03125 0.05859375
0 0.08359375 0.18125 0.01875 0.05078125
1 0.11640625 0.15390625 0.0296875 0.05390625
5 0.5125 0.29453125 0.103125 0.1453125
1 0.5203125 0.1828125 0.0546875 0.04765625
0 0.1375 0.24765625 0.0328125 0.08828125
0 0.24140625 0.259375 0.0234375 0.08984375
0 0.26015625 0.23671875 0.0203125 0.07890625
0 0.56796875 0.5234375 0.0796875 0.25625
5 0.1921875 0.125 0.06953125 0.07109375
5 0.18515625 0.06484375 0.05390625 0.06484375
5 0.34609375 0.10625 0.0796875 0.0984375
4 0.03046875 0.496875 0.0609375 0.16015625
4 0.05703125 0.4421875 0.03203125 0.18359375
4 0.034375 0.30390625 0.01875 0.06796875
4 0.05390625 0.31484375 0.0296875 0.06796875