1 0.11015625 0.44921875 0.1109375 0.203125
3 0.1953125 0.59609375 0.175 0.2
3 0.24453125 0.74296875 0.2 0.2890625
0 0.09296875 0.190625 0.015625 0.065625
1 0.13125 0.165625 0.0296875 0.05625
0 0.1515625 0.2734375 0.025 0.0921875
1 0.175 0.20390625 0.04375 0.078125
0 0.30390625 0.3125 0.0328125 0.10625
3 0.2515625 0.24609375 0.059375 0.065625
0 0.31171875 0.26328125 0.0234375 0.06875
0 0.80078125 0.67421875 0.0796875 0.2578125
3 0.478125 0.43515625 0.11875 0.175
3 0.49375 0.30859375 0.0875 0.084375
3 0.36796875 0.2546875 0.0703125 0.103125
3 0.25625 0.18984375 0.04375 0.0578125
3 0.73046875 0.49765625 0.171875 0.178125
3 0.95390625 0.5265625 0.090625 0.2375
0 0.984375 0.2640625 0.03125 0.071875
5 0.66328125 0.353125 0.121875 0.1875
4 0.02578125 0.52265625 0.0515625 0.1609375
4 0.021875 0.3171875 0.0234375 0.08125
5 0.3390625 0.10546875 0.084375 0.115625
5 0.209375 0.1296875 0.084375 0.1
5 0.16953125 0.05546875 0.05 0.0625
5 0.08828125 0.10546875 0.05 0.059375