3 0.46875 0.40390625 0.14375 0.175
3 0.29765625 0.33515625 0.13125 0.1390625
5 0.06953125 0.76484375 0.1390625 0.46875
3 0.80625 0.53046875 0.15 0.1703125
3 0.125 0.19921875 0.084375 0.06875
3 0.75 0.66796875 0.2078125 0.225
0 0.15078125 0.4515625 0.0671875 0.196875
1 0.228125 0.490625 0.13125 0.228125
0 0.5671875 0.2796875 0.05 0.1109375
0 0.79609375 0.2390625 0.021875 0.0734375
0 0.73984375 0.24921875 0.021875 0.103125
1 0.73671875 0.17890625 0.04375 0.0640625
0 0.08671875 0.5890625 0.0875 0.1203125
3 0.81484375 0.17734375 0.0484375 0.05
1 0.64921875 0.178125 0.0625 0.1203125
3 0.48125 0.275 0.1 0.0859375
1 0.34609375 0.8703125 0.3328125 0.259375
3 0.7640625 0.2109375 0.053125 0.071875
3 0.76796875 0.14453125 0.04375 0.046875
3 0.87421875 0.30546875 0.084375 0.1109375
1 0.3421875 0.5328125 0.128125 0.2515625
4 0.72265625 0.81953125 0.0875 0.359375
4 0.915625 0.8421875 0.078125 0.215625
4 0.96015625 0.49140625 0.05 0.140625
4 0.93671875 0.303125 0.025 0.0828125
0 0.85625 0.37265625 0.046875 0.146875
0 0.63671875 0.3390625 0.0359375 0.134375
0 0.7109375 0.3203125 0.03125 0.121875
0 0.67890625 0.2734375 0.028125 0.1109375
0 0.753125 0.27578125 0.025 0.1125
0 0.86484375 0.16015625 0.01875 0.05625
0 0.2875 0.18125 0.0234375 0.04375
3 0.0375 0.21796875 0.075 0.0890625
1 0.4359375 0.15546875 0.03125 0.046875
3 0.525 0.1484375 0.040625 0.040625
2 0.525 0.10703125 0.034375 0.046875
5 0.57734375 0.21015625 0.0859375 0.125
3 0.5609375 0.1296875 0.03125 0.0375
3 0.83828125 0.24296875 0.06875 0.090625
5 0.721875 0.06875 0.05625 0.08125
2 0.83203125 0.04140625 0.046875 0.059375
5 0.9 0.08125 0.028125 0.04375
3 0.92421875 0.13515625 0.03125 0.0421875
0 0.8953125 0.19140625 0.0171875 0.0765625
3 0.91796875 0.26796875 0.0625 0.05625
3 0.82734375 0.14296875 0.0375 0.0375
3 0.8578125 0.11796875 0.0265625 0.03125
3 0.81796875 0.11328125 0.0265625 0.025