3 0.8875 0.3296875 0.08125 0.1
3 0.7859375 0.32265625 0.084375 0.109375
2 0.428125 0.23359375 0.265625 0.309375
3 0.77421875 0.696875 0.240625 0.2765625
3 0.07578125 0.67421875 0.1515625 0.2609375
0 0.66875 0.3578125 0.040625 0.11875
0 0.47578125 0.440625 0.05 0.1625
3 0.5078125 0.3703125 0.125 0.13125
2 0.06328125 0.8984375 0.1265625 0.203125
0 0.41484375 0.43125 0.05 0.1546875
0 0.61328125 0.3859375 0.040625 0.140625
3 0.8296875 0.5328125 0.1515625 0.1546875
3 0.85703125 0.1484375 0.05 0.053125
0 0.86875 0.19296875 0.028125 0.0625
3 0.05390625 0.2234375 0.1078125 0.06875
0 0.7390625 0.20390625 0.025 0.071875
4 0.703125 0.896875 0.06875 0.125
1 0.69296875 0.29375 0.0625 0.11875
4 0.93671875 0.87109375 0.08125 0.134375
4 0.66328125 0.5796875 0.053125 0.21875
0 0.0359375 0.48515625 0.071875 0.128125
4 0.96875 0.43671875 0.034375 0.228125
3 0.89375 0.12578125 0.04375 0.05625
4 0.93125 0.76171875 0.046875 0.0734375
3 0.12578125 0.43359375 0.1390625 0.134375
5 0.78984375 0.18828125 0.09375 0.14375
0 0.34765625 0.7546875 0.103125 0.3015625
0 0.19296875 0.50390625 0.0625 0.190625
0 0.26328125 0.44765625 0.05 0.2125
0 0.175 0.21875 0.021875 0.034375
4 0.93671875 0.44140625 0.021875 0.19375
4 0.97578125 0.2984375 0.021875 0.046875
4 0.95625 0.303125 0.0203125 0.0421875
3 0.94296875 0.2078125 0.03125 0.06875
0 0.94140625 0.1515625 0.015625 0.0390625
0 0.9203125 0.1296875 0.009375 0.040625
0 0.70703125 0.20234375 0.01875 0.0625
3 0.66171875 0.253125 0.05625 0.078125
3 0.6234375 0.2359375 0.046875 0.0875
0 0.6078125 0.13125 0.009375 0.01875
0 0.64609375 0.125 0.009375 0.021875
5 0.30625 0.15546875 0.034375 0.1125
3 0.15859375 0.20859375 0.075 0.0578125
3 0.03046875 0.2765625 0.0609375 0.075
0 0.0515625 0.2328125 0.0125 0.0296875