2 0.6828125 0.1953125 0.14765625 0.11640625
1 0.121875 0.4015625 0.10703125 0.15546875
0 0.54921875 0.56953125 0.06875 0.2203125
0 0.69921875 0.421875 0.075 0.13125
3 0.38125 0.25703125 0.0703125 0.0703125
3 0.834375 0.50703125 0.2171875 0.240625
3 0.18359375 0.540625 0.14921875 0.146875
3 0.31484375 0.28671875 0.07421875 0.0671875
0 0.22109375 0.275 0.04375 0.06484375
0 0.25078125 0.36484375 0.0484375 0.1234375
4 0.26484375 0.79765625 0.0671875 0.21640625
3 0.19765625 0.22734375 0.0703125 0.05234375
3 0.23125 0.70703125 0.21171875 0.275
0 0.36015625 0.41328125 0.06171875 0.140625
0 0.1140625 0.228125 0.01640625 0.0625
0 0.1390625 0.20234375 0.0171875 0.06953125
0 0.1421875 0.20234375 0.025 0.06171875
4 0.03671875 0.4921875 0.0578125 0.14140625
1 0.27109375 0.2328125 0.0375 0.0625
3 0.31484375 0.2140625 0.046875 0.0328125
4 0.10390625 0.28125 0.0265625 0.0875
0 0.39375 0.36015625 0.0359375 0.11171875
4 0.04765625 0.3453125 0.034375 0.11328125
1 0.178125 0.18046875 0.04453125 0.04921875
3 0.95234375 0.2765625 0.0953125 0.07890625
5 0.49765625 0.16484375 0.0921875 0.0859375
0 0.2375 0.2046875 0.015625 0.0609375
0 0.44921875 0.32578125 0.02890625 0.12734375
1 0.51796875 0.37578125 0.09609375 0.14765625
0 0.096875 0.19765625 0.0140625 0.05703125
1 0.1265625 0.171875 0.0203125 0.053125
1 0.07578125 0.14140625 0.0234375 0.0265625
5 0.11171875 0.10546875 0.0390625 0.08515625
0 0.71796875 0.79140625 0.09375 0.27734375