3 0.46640625 0.85 0.1734375 0.1546875
3 0.559375 0.39921875 0.1734375 0.171875
2 0.103125 0.06953125 0.20625 0.1390625
2 0.74453125 0.334375 0.33125 0.3203125
3 0.66640625 0.80390625 0.13125 0.096875
0 0.47578125 0.3828125 0.215625 0.0703125
3 0.30546875 0.79375 0.271875 0.2296875
1 0.6796875 0.67265625 0.125 0.08125
3 0.678125 0.90703125 0.103125 0.0796875
0 0.46640625 0.2765625 0.215625 0.084375
3 0.84140625 0.859375 0.053125 0.05
0 0.465625 0.009375 0.121875 0.01875
0 0.528125 0.5515625 0.1984375 0.071875
3 0.73828125 0.6171875 0.08125 0.1171875
3 0.8859375 0.87265625 0.03125 0.0359375
3 0.76171875 0.07109375 0.1125 0.125
3 0.87421875 0.865625 0.03125 0.040625
4 0.178125 0.9453125 0.1796875 0.078125
0 0.79375 0.8484375 0.071875 0.025
5 0.79921875 0.78515625 0.165625 0.10625
4 0.384375 0.97890625 0.234375 0.0421875
4 0.559375 0.9859375 0.13125 0.0265625
4 0.553125 0.95546875 0.171875 0.0265625
4 0.71484375 0.9875 0.04375 0.025
3 0.73359375 0.95546875 0.0734375 0.05
0 0.8484375 0.953125 0.053125 0.0203125
0 0.865625 0.92578125 0.05 0.01875
3 0.8703125 0.8984375 0.0546875 0.028125
0 0.78125 0.7015625 0.0625 0.01875
3 0.815625 0.74140625 0.078125 0.03125