2 0.596875 0.69609375 0.640625 0.540625
2 0.14609375 0.47734375 0.1265625 0.11875
1 0.19765625 0.1328125 0.0625 0.0375
1 0.4171875 0.1125 0.165625 0.084375
0 0.29921875 0.228125 0.10625 0.028125
0 0.26328125 0.1734375 0.0890625 0.01875
0 0.22578125 0.16171875 0.065625 0.0125
0 0.20234375 0.15078125 0.0390625 0.015625
0 0.16875 0.19296875 0.025 0.03125
0 0.309375 0.30234375 0.115625 0.028125
0 0.27109375 0.3234375 0.078125 0.015625
0 0.27578125 0.32265625 0.0828125 0.0328125
0 0.2546875 0.2921875 0.04375 0.0171875
0 0.22890625 0.30546875 0.0578125 0.015625
0 0.31015625 0.36796875 0.1109375 0.0234375
0 0.28125 0.3859375 0.084375 0.01875
0 0.3 0.415625 0.103125 0.01875
0 0.27265625 0.44375 0.0875 0.03125
3 0.55703125 0.1765625 0.184375 0.11875
3 0.69453125 0.24140625 0.2875 0.18125
4 0.51875 0.03359375 0.14375 0.065625
4 0.34296875 0.046875 0.103125 0.021875
3 0.24453125 0.84921875 0.0375 0.0640625
3 0.2453125 0.78359375 0.0375 0.0578125
3 0.2234375 0.6890625 0.053125 0.0734375
3 0.26484375 0.9640625 0.075 0.05625
1 0.209375 0.75 0.034375 0.053125