5 0.24140625 0.66015625 0.2 0.225
3 0.52578125 0.1609375 0.1765625 0.1484375
2 0.63203125 0.734375 0.6390625 0.53125
2 0.8453125 0.91484375 0.309375 0.1703125
3 0.6875 0.21875 0.275 0.2125
0 0.184375 0.153125 0.08125 0.0171875
0 0.18125 0.1734375 0.078125 0.0203125
5 0.1921875 0.2796875 0.190625 0.1015625
4 0.29453125 0.02265625 0.09375 0.0328125
0 0.36953125 0.22421875 0.159375 0.046875
0 0.1515625 0.5296875 0.05 0.015625
0 0.17734375 0.09765625 0.06875 0.0203125
0 0.128125 0.0515625 0.05625 0.01875
0 0.17578125 0.23984375 0.06875 0.01875
0 0.25234375 0.2734375 0.10625 0.0203125
4 0.38125 0.171875 0.1125 0.03125
4 0.371875 0.0984375 0.1234375 0.021875
4 0.434375 0.06171875 0.190625 0.034375
4 0.4578125 0.02734375 0.196875 0.0421875
4 0.81953125 0.04609375 0.21875 0.078125
4 0.7796875 0.41484375 0.31875 0.0671875
4 0.896875 0.565625 0.20625 0.053125
4 0.81875 0.5859375 0.2625 0.0625
3 0.1921875 0.83125 0.075 0.0625
3 0.134375 0.44375 0.04375 0.040625
5 0.06328125 0.240625 0.06875 0.0578125
5 0.02265625 0.10390625 0.0453125 0.0328125
3 0.12734375 0.15390625 0.0390625 0.0296875
3 0.10078125 0.08203125 0.0375 0.034375
1 0.14921875 0.09375 0.05625 0.034375
3 0.1109375 0.1421875 0.034375 0.028125
0 0.103125 0.1109375 0.040625 0.0125
3 0.09453125 0.1171875 0.0296875 0.025
3 0.303125 0.10703125 0.109375 0.075
3 0.18984375 0.03359375 0.071875 0.04375
3 0.20859375 0.89609375 0.0578125 0.0828125
5 0.32578125 0.94921875 0.1625 0.1015625