3 0.2375 0.68984375 0.19140625 0.26640625
1 0.22421875 0.26484375 0.059375 0.096875
2 0.5234375 0.53125 0.3828125 0.5609375
3 0.19765625 0.51953125 0.1328125 0.10625
0 0.26953125 0.36171875 0.0359375 0.13984375
3 0.14140625 0.16484375 0.03125 0.03515625
3 0.225 0.1140625 0.0296875 0.02265625
4 0.13984375 0.60625 0.053125 0.17890625
1 0.13984375 0.22734375 0.04453125 0.08046875
3 0.14140625 0.13671875 0.025 0.02421875
3 0.2359375 0.196875 0.04921875 0.0421875
0 0.31484375 0.28203125 0.0671875 0.16875
0 0.78125 0.60234375 0.0859375 0.26171875
0 0.775 0.43671875 0.0671875 0.134375
4 0.04140625 0.48671875 0.0734375 0.1640625
4 0.04375 0.35 0.05 0.17421875
0 0.0859375 0.1796875 0.0609375 0.06796875
5 0.58984375 0.2625 0.26328125 0.25078125
5 0.30625 0.096875 0.08984375 0.13359375
1 0.7640625 0.23671875 0.07890625 0.0640625
3 0.403125 0.15390625 0.11328125 0.0453125