1 0.63203125 0.46875 0.146875 0.20625
3 0.16484375 0.7125 0.2390625 0.29375
2 0.21875 0.22265625 0.13125 0.215625
5 0.41171875 0.24921875 0.1046875 0.140625
1 0.034375 0.153125 0.0484375 0.0703125
0 0.81953125 0.4578125 0.0796875 0.1109375
1 0.71328125 0.20390625 0.078125 0.0515625
3 0.05546875 0.32265625 0.084375 0.1
0 0.409375 0.55703125 0.05625 0.2171875
0 0.3234375 0.28828125 0.05 0.109375
3 0.1125 0.5453125 0.15 0.165625
4 0.20546875 0.36484375 0.05 0.109375
0 0.06875 0.140625 0.01875 0.053125
4 0.09375 0.403125 0.0390625 0.1296875
0 0.403125 0.8375 0.0953125 0.325
3 0.921875 0.2765625 0.1265625 0.10625
3 0.52265625 0.17578125 0.0625 0.065625
5 0.2796875 0.0796875 0.0875 0.096875
5 0.1296875 0.16640625 0.0625 0.175
5 0.13984375 0.0453125 0.059375 0.0734375