3 0.71171875 0.65234375 0.125 0.1
3 0.77734375 0.725 0.0875 0.0609375
3 0.31484375 0.7875 0.271875 0.203125
3 0.46484375 0.85 0.1828125 0.1390625
2 0.4453125 0.35625 0.559375 0.509375
0 0.746875 0.765625 0.090625 0.034375
4 0.6171875 0.85078125 0.1265625 0.046875
2 0.28828125 0.0390625 0.5765625 0.075
0 0.796875 0.80390625 0.071875 0.0328125
3 0.78671875 0.94140625 0.053125 0.09375
5 0.87734375 0.4484375 0.146875 0.1484375
3 0.8234375 0.80234375 0.0546875 0.046875
5 0.865625 0.803125 0.0875 0.0515625
3 0.7890625 0.18125 0.084375 0.078125
3 0.79296875 0.3359375 0.0875 0.078125
4 0.13984375 0.77265625 0.234375 0.0640625
4 0.171875 0.96015625 0.234375 0.0796875
4 0.61640625 0.90625 0.140625 0.0484375
4 0.57421875 0.95234375 0.15 0.0359375
4 0.5640625 0.9828125 0.1796875 0.034375
5 0.83046875 0.6375 0.1 0.0640625
0 0.79765625 0.88203125 0.0796875 0.0203125
0 0.809375 0.85625 0.071875 0.021875
3 0.759375 0.08125 0.071875 0.034375