3 0.25390625 0.715625 0.209375 0.28125
3 0.19609375 0.584375 0.171875 0.25625
0 0.74765625 0.87890625 0.1109375 0.2421875
1 0.12265625 0.4296875 0.103125 0.2
1 0.95625 0.23359375 0.0796875 0.134375
1 0.90859375 0.684375 0.1828125 0.340625
0 0.2015625 0.2421875 0.034375 0.103125
0 0.35546875 0.29921875 0.025 0.1203125
0 0.38046875 0.32578125 0.034375 0.140625
0 0.065625 0.16875 0.03125 0.071875
0 0.1125 0.1515625 0.021875 0.06875
0 0.13359375 0.15 0.0234375 0.0625
3 0.2828125 0.22109375 0.0640625 0.08125
3 0.39765625 0.21953125 0.0625 0.103125
3 0.471875 0.2578125 0.0890625 0.084375
3 0.84375 0.41953125 0.146875 0.1796875
2 0.6109375 0.56796875 0.4625 0.63125
3 0.6390625 0.30390625 0.09375 0.1
3 0.1828125 0.20546875 0.06875 0.084375
3 0.31171875 0.18671875 0.053125 0.0625
3 0.14609375 0.12265625 0.025 0.0453125
3 0.190625 0.1296875 0.046875 0.0671875
3 0.3390625 0.26015625 0.0765625 0.09375
5 0.540625 0.1265625 0.14375 0.175
5 0.24453125 0.0703125 0.06875 0.121875
1 0.09453125 0.11953125 0.028125 0.0546875
5 0.12578125 0.0734375 0.05625 0.05625
4 0.0390625 0.5 0.0625 0.153125
4 0.0625 0.44140625 0.0375 0.19375
4 0.034375 0.29921875 0.0359375 0.103125
4 0.0625 0.3234375 0.028125 0.11875
4 0.665625 0.16953125 0.015625 0.059375
0 0.67421875 0.18671875 0.01875 0.034375
1 0.4234375 0.13515625 0.028125 0.0453125