3 0.6015625 0.73984375 0.178125 0.1578125
2 0.8796875 0.20703125 0.0734375 0.0796875
3 0.609375 0.57890625 0.1359375 0.134375
0 0.5078125 0.41796875 0.190625 0.0734375
0 0.56875 0.52265625 0.153125 0.059375
3 0.70625 0.48203125 0.0875 0.071875
0 0.346875 0.52421875 0.2546875 0.078125
3 0.74375 0.3203125 0.075 0.078125
1 0.76171875 0.94609375 0.090625 0.10625
3 0.2953125 0.20859375 0.2890625 0.246875
1 0.821875 0.5953125 0.0484375 0.0828125
3 0.46015625 0.16328125 0.1671875 0.1625
0 0.76015625 0.115625 0.0890625 0.0421875
4 0.15 0.03515625 0.175 0.0703125
4 0.5109375 0.01953125 0.140625 0.0390625
0 0.74296875 0.15390625 0.0921875 0.028125
4 0.65703125 0.01875 0.14375 0.034375
0 0.73125 0.19140625 0.1 0.034375
0 0.603125 0.40859375 0.09375 0.0609375
3 0.67734375 0.38671875 0.1390625 0.1140625
3 0.771875 0.40234375 0.05625 0.0734375
3 0.7828125 0.25 0.096875 0.04375
4 0.821875 0.04921875 0.09375 0.025
0 0.83515625 0.09921875 0.065625 0.025
3 0.85546875 0.14453125 0.053125 0.0484375
0 0.3140625 0.68515625 0.2984375 0.109375
4 0.1984375 0.23125 0.29375 0.0875
5 0.86015625 0.47578125 0.0796875 0.071875
5 0.890625 0.08359375 0.08125 0.05
1 0.765625 0.21640625 0.096875 0.046875
5 0.959375 0.07421875 0.05625 0.05