3 0.7328125 0.59453125 0.22109375 0.23828125
2 0.746875 0.2015625 0.2015625 0.128125
1 0.2765625 0.2609375 0.0515625 0.0796875
3 0.24140625 0.69609375 0.2046875 0.26875
1 0.11953125 0.4125 0.1015625 0.15078125
2 0.515625 0.16328125 0.11171875 0.096875
3 0.375 0.2765625 0.08515625 0.08671875
0 0.4546875 0.58359375 0.05546875 0.21640625
0 0.353125 0.3359375 0.0484375 0.08828125
0 0.28515625 0.3296875 0.04609375 0.0859375
3 0.18671875 0.54375 0.13671875 0.15390625
0 0.46171875 0.328125 0.04921875 0.07109375
3 0.1921875 0.2453125 0.07578125 0.11484375
3 0.54296875 0.340625 0.07578125 0.08984375
3 0.85078125 0.44296875 0.19921875 0.17890625
5 0.16484375 0.1203125 0.11640625 0.08984375
0 0.41796875 0.35 0.040625 0.08671875
4 0.040625 0.52421875 0.05625 0.0921875
3 0.6203125 0.20625 0.06171875 0.03515625
3 0.4703125 0.43984375 0.1390625 0.1546875
2 0.4 0.14375 0.0859375 0.06875
3 0.97578125 0.5859375 0.04765625 0.19921875
0 0.60859375 0.446875 0.040625 0.1546875
0 0.5875 0.3875 0.03671875 0.11953125
5 0.29765625 0.125 0.06328125 0.06875
0 0.32109375 0.2453125 0.01953125 0.08203125
0 0.13125 0.215625 0.01796875 0.075
0 0.15703125 0.22578125 0.015625 0.07265625
1 0.1828125 0.20078125 0.03515625 0.05
0 0.23359375 0.2203125 0.01484375 0.06640625
0 0.21328125 0.190625 0.01875 0.04296875
4 0.1109375 0.28203125 0.01796875 0.084375
4 0.0484375 0.340625 0.0171875 0.109375
4 0.0328125 0.2859375 0.01328125 0.04296875
4 0.26328125 0.79375 0.0484375 0.23046875