3 0.296875 0.74609375 0.26875 0.1859375
3 0.44296875 0.81171875 0.16875 0.1359375
3 0.59609375 0.5171875 0.13125 0.10625
3 0.4734375 0.1765625 0.175 0.1875
3 0.66328125 0.6078125 0.0875 0.0875
3 0.74765625 0.58828125 0.08125 0.0828125
1 0.71015625 0.8171875 0.10625 0.05625
1 0.8171875 0.8859375 0.0625 0.034375
1 0.78984375 0.85625 0.0625 0.0375
3 0.79296875 0.78203125 0.05625 0.0421875
3 0.80546875 0.7296875 0.05625 0.053125
3 0.81484375 0.4625 0.034375 0.0546875
4 0.48828125 0.96796875 0.153125 0.0625
4 0.65 0.94765625 0.125 0.021875
4 0.153125 0.7296875 0.30625 0.05625
1 0.6015625 0.8796875 0.128125 0.096875
4 0.68671875 0.92734375 0.071875 0.0203125
0 0.6875 0.7 0.090625 0.0484375
0 0.4890625 0.45546875 0.21875 0.0703125
0 0.6078125 0.39296875 0.153125 0.0375
0 0.21953125 0.25078125 0.296875 0.0828125
0 0.2875 0.175 0.25625 0.071875
1 0.76328125 0.69921875 0.0609375 0.0578125
1 0.759375 0.2171875 0.053125 0.0578125
3 0.7078125 0.00859375 0.0625 0.015625
5 0.8875 0.83203125 0.103125 0.05
5 0.91640625 0.90625 0.065625 0.05