3 0.29921875 0.3734375 0.0828125 0.0875
3 0.646875 0.88515625 0.225 0.2296875
3 0.478125 0.88515625 0.165625 0.2296875
3 0.66953125 0.22265625 0.203125 0.18125
1 0.17890625 0.153125 0.078125 0.034375
1 0.3640625 0.490625 0.103125 0.1015625
1 0.5359375 0.49375 0.253125 0.1515625
3 0.55859375 0.17890625 0.16875 0.146875
5 0.35703125 0.68125 0.20625 0.159375
1 0.41796875 0.10703125 0.171875 0.1046875
0 0.84453125 0.8859375 0.3109375 0.228125
3 0.27421875 0.2546875 0.06875 0.071875
3 0.16875 0.21328125 0.053125 0.046875
0 0.2390625 0.13203125 0.078125 0.034375
3 0.27890625 0.0484375 0.078125 0.0765625
4 0.51171875 0.0328125 0.128125 0.065625
0 0.17890625 0.0859375 0.0484375 0.021875
3 0.2453125 0.85 0.04375 0.071875
3 0.35625 0.29140625 0.1140625 0.084375
3 0.15390625 0.17265625 0.0390625 0.03125
4 0.34140625 0.03515625 0.115625 0.04375
0 0.1640625 0.115625 0.046875 0.0375
0 0.25078125 0.92109375 0.06875 0.0359375
0 0.17734375 0.05703125 0.05 0.021875
0 0.2109375 0.2109375 0.0546875 0.021875
4 0.803125 0.26171875 0.2265625 0.071875
0 0.3546875 0.38984375 0.128125 0.0375
0 0.440625 0.33359375 0.165625 0.040625
5 0.1875 0.62265625 0.078125 0.071875