3 0.4140625 0.52109375 0.15078125 0.190625
4 0.24140625 0.7765625 0.053125 0.27578125
5 0.89375 0.30234375 0.20859375 0.40078125
3 0.24140625 0.64296875 0.175 0.14609375
1 0.5390625 0.37734375 0.103125 0.15703125
3 0.78984375 0.596875 0.22265625 0.2453125
3 0.18046875 0.54765625 0.14609375 0.165625
1 0.11796875 0.41015625 0.10546875 0.15625
2 0.25546875 0.28359375 0.1484375 0.24453125
0 0.15546875 0.24296875 0.03359375 0.1015625
3 0.34921875 0.25703125 0.034375 0.075
0 0.08828125 0.19921875 0.01328125 0.06796875
4 0.04921875 0.3453125 0.01953125 0.1171875
3 0.071875 0.27890625 0.0390625 0.07578125
0 0.1015625 0.14140625 0.0125 0.034375
0 0.1296875 0.1453125 0.01171875 0.03984375
0 0.1546875 0.15078125 0.0078125 0.0390625
4 0.2046875 0.43203125 0.03671875 0.07265625
4 0.04140625 0.50703125 0.0609375 0.13125
2 0.78203125 0.1984375 0.109375 0.1234375