1 0.725 0.56328125 0.3515625 0.171875
1 0.28203125 0.81953125 0.134375 0.071875
1 0.35859375 0.953125 0.1265625 0.09375
1 0.22109375 0.84765625 0.103125 0.0578125
1 0.46015625 0.59140625 0.1390625 0.1
3 0.3578125 0.3171875 0.1625 0.159375
3 0.68359375 0.81796875 0.278125 0.19375
3 0.53984375 0.8953125 0.209375 0.159375
3 0.328125 0.57890625 0.121875 0.1140625
3 0.25859375 0.5390625 0.096875 0.08125
3 0.675 0.01640625 0.184375 0.0328125
3 0.246875 0.096875 0.078125 0.1171875
0 0.48359375 0.5078125 0.190625 0.053125
0 0.31953125 0.475 0.1328125 0.046875
0 0.52421875 0.27421875 0.2125 0.0734375
0 0.38359375 0.215625 0.146875 0.04375
0 0.80390625 0.30546875 0.3375 0.08125
0 0.31171875 0.70625 0.125 0.03125
0 0.2640625 0.73359375 0.0984375 0.028125
4 0.84140625 0.815625 0.315625 0.0390625
5 0.11640625 0.66640625 0.2265625 0.1359375
5 0.046875 0.91484375 0.09375 0.0609375
1 0.16171875 0.2859375 0.071875 0.0609375