0 0.22421875 0.7609375 0.084375 0.01875
3 0.39296875 0.25625 0.18125 0.146875
3 0.66171875 0.1296875 0.278125 0.259375
3 0.3578125 0.66796875 0.1234375 0.103125
0 0.4625 0.6484375 0.1828125 0.06875
3 0.6875 0.78046875 0.2625 0.20625
3 0.25703125 0.68515625 0.075 0.109375
3 0.53515625 0.8375 0.1703125 0.15
3 0.48984375 0.4546875 0.215625 0.178125
1 0.15078125 0.9046875 0.115625 0.084375
1 0.21171875 0.16875 0.065625 0.0765625
5 0.1421875 0.8015625 0.146875 0.10625
3 0.87421875 0.04140625 0.2515625 0.08125
3 0.32265625 0.890625 0.1015625 0.0625
4 0.4015625 0.84375 0.103125 0.0625
3 0.41796875 0.403125 0.196875 0.1421875
4 0.86015625 0.9515625 0.278125 0.0796875
5 0.14375 0.64921875 0.1546875 0.125
3 0.24609375 0.80390625 0.0703125 0.065625
0 0.64921875 0.3421875 0.234375 0.09375
0 0.4375 0.1359375 0.1640625 0.1078125
0 0.1828125 0.753125 0.06875 0.0421875
1 0.34453125 0.778125 0.15 0.0796875
0 0.5375 0.57890625 0.2234375 0.071875
1 0.25 0.00859375 0.103125 0.0171875
0 0.4328125 0.0265625 0.1796875 0.053125
4 0.84140625 0.78125 0.16875 0.08125
4 0.7015625 0.9765625 0.309375 0.046875
4 0.46328125 0.96484375 0.2 0.0453125
4 0.49296875 0.9109375 0.171875 0.0375
4 0.415625 0.871875 0.08125 0.021875
4 0.39921875 0.83515625 0.1140625 0.025
4 0.44296875 0.99375 0.20625 0.0125
4 0.3265625 0.93828125 0.0375 0.01875
4 0.465625 0.93203125 0.15 0.0171875
4 0.3125 0.978125 0.0625 0.0296875
0 0.21484375 0.84375 0.08125 0.0171875