3 0.4765625 0.52734375 0.178125 0.1515625
2 0.64921875 0.38828125 0.284375 0.2375
3 0.65703125 0.125 0.096875 0.084375
1 0.765625 0.796875 0.05625 0.053125
1 0.67578125 0.21015625 0.125 0.06875
3 0.55546875 0.62578125 0.125 0.134375
0 0.4421875 0.403125 0.196875 0.04375
3 0.29765625 0.23125 0.265625 0.21875
3 0.45390625 0.18671875 0.15625 0.15
3 0.6453125 0.690625 0.078125 0.128125
3 0.809375 0.165625 0.05 0.078125
0 0.484375 0.7890625 0.1890625 0.065625
3 0.74921875 0.9421875 0.0828125 0.115625
4 0.490625 0.0421875 0.109375 0.0640625
0 0.33046875 0.6125 0.2609375 0.071875
0 0.43203125 0.90625 0.178125 0.071875
3 0.83046875 0.19609375 0.0484375 0.028125
0 0.42734375 0.74453125 0.253125 0.078125
4 0.065625 0.4609375 0.13125 0.10625
0 0.26640625 0.85546875 0.290625 0.0796875
1 0.78515625 0.65078125 0.04375 0.0578125
0 0.52109375 0.97578125 0.1015625 0.0484375
4 0.14296875 0.09375 0.15 0.065625
0 0.85 0.09375 0.03125 0.0125
3 0.8734375 0.109375 0.0390625 0.03125
4 0.65 0.059375 0.1015625 0.040625
3 0.79765625 0.26875 0.0421875 0.0453125
1 0.87734375 0.1328125 0.034375 0.025
0 0.78125 0.140625 0.065625 0.01875
3 0.846875 0.1484375 0.0265625 0.0453125
1 0.33984375 0.965625 0.2328125 0.06875
0 0.14140625 0.98515625 0.28125 0.0296875
1 0.7265625 0.959375 0.0703125 0.071875
5 0.803125 0.43203125 0.0546875 0.0875
1 0.81015625 0.51796875 0.040625 0.028125
0 0.775 0.2046875 0.0609375 0.01875
0 0.79375 0.08828125 0.075 0.015625
5 0.85234375 0.171875 0.04375 0.021875
3 0.86640625 0.08125 0.040625 0.0171875
3 0.7265625 0.0765625 0.075 0.046875
3 0.37265625 0.3640625 0.225 0.046875
0 0.64453125 0.54765625 0.128125 0.040625
3 0.6265625 0.5015625 0.109375 0.040625
3 0.7078125 0.50390625 0.075 0.04375
3 0.7625 0.73203125 0.0265625 0.059375
3 0.8015625 0.59296875 0.04375 0.04375