3 0.7015625 0.20390625 0.2734375 0.2
0 0.53046875 0.48515625 0.209375 0.08125
3 0.5515625 0.146875 0.175 0.153125
0 0.35546875 0.225 0.140625 0.0625
1 0.24609375 0.115625 0.090625 0.0765625
3 0.37109375 0.35 0.1578125 0.1046875
3 0.20625 0.24296875 0.0625 0.059375
0 0.18046875 0.1546875 0.053125 0.015625
3 0.33359375 0.08359375 0.1 0.096875
0 0.40234375 0.09140625 0.153125 0.046875
0 0.15546875 0.1 0.04375 0.009375
3 0.1359375 0.115625 0.0375 0.0296875
0 0.1734375 0.09453125 0.046875 0.028125
4 0.93984375 0.45 0.1203125 0.125
4 0.76640625 0.0359375 0.284375 0.071875
4 0.484375 0.0125 0.20625 0.025
4 0.4359375 0.025 0.1484375 0.0265625
3 0.28125 0.3484375 0.078125 0.071875
3 0.25078125 0.36875 0.1 0.053125
0 0.16953125 0.17734375 0.065625 0.0125
0 0.15234375 0.15 0.0390625 0.0125
0 0.15078125 0.121875 0.0546875 0.0125
2 0.12578125 0.0578125 0.090625 0.05
0 0.1578125 0.040625 0.053125 0.015625
0 0.184375 0.54375 0.0328125 0.0109375
0 0.1921875 0.5875 0.025 0.0125
3 0.2265625 0.81875 0.075 0.06875
1 0.23671875 0.90546875 0.05625 0.053125
0 0.26875 0.92890625 0.071875 0.021875