1 0.6125 0.4890625 0.153125 0.1
3 0.2390625 0.22265625 0.290625 0.246875
5 0.8296875 0.94765625 0.278125 0.1046875
3 0.40703125 0.17265625 0.1734375 0.165625
3 0.63515625 0.109375 0.1078125 0.0828125
3 0.7203125 0.2875 0.0875 0.078125
4 0.14296875 0.46953125 0.2515625 0.06875
4 0.4484375 0.0234375 0.128125 0.046875
3 0.77578125 0.02734375 0.06875 0.053125
0 0.78671875 0.07421875 0.0921875 0.021875
0 0.8328125 0.1578125 0.05625 0.040625
2 0.26484375 0.93515625 0.5265625 0.1296875
0 0.61953125 0.2875 0.125 0.0484375
0 0.715625 0.21953125 0.08125 0.0359375
3 0.77890625 0.62421875 0.034375 0.0796875
0 0.52109375 0.37578125 0.178125 0.05625
4 0.60546875 0.04453125 0.1453125 0.0421875
0 0.77890625 0.2515625 0.059375 0.034375
3 0.47421875 0.8421875 0.19375 0.13125
0 0.753125 0.75703125 0.05625 0.0296875
1 0.73828125 0.86953125 0.0859375 0.05625
2 0.88046875 0.05234375 0.08125 0.05625