3 0.27578125 0.803125 0.275 0.1984375
3 0.6140625 0.49609375 0.1375 0.125
1 0.70625 0.69765625 0.1203125 0.078125
3 0.41484375 0.03828125 0.2546875 0.0765625
5 0.75859375 0.5578125 0.171875 0.08125
0 0.73046875 0.85859375 0.0859375 0.025
3 0.42421875 0.86015625 0.1828125 0.1625
1 0.5875 0.9328125 0.1640625 0.109375
3 0.71953125 0.953125 0.0953125 0.0828125
2 0.859375 0.80625 0.071875 0.0796875
5 0.7984375 0.09765625 0.24375 0.1953125
0 0.78359375 0.75859375 0.0734375 0.0171875
3 0.79375 0.74453125 0.0453125 0.0453125
3 0.80078125 0.89609375 0.0625 0.05625
1 0.79453125 0.83203125 0.071875 0.0375
3 0.60546875 0.31953125 0.15 0.15625
3 0.7859375 0.32265625 0.05625 0.078125
0 0.77578125 0.221875 0.04375 0.0375
3 0.78359375 0.94140625 0.065625 0.053125
0 0.83359375 0.9484375 0.034375 0.015625
4 0.6578125 0.99375 0.103125 0.0125
0 0.7890625 0.87265625 0.0640625 0.01875
1 0.13515625 0.33125 0.26875 0.2640625
1 0.11953125 0.61796875 0.2375 0.2265625
0 0.86328125 0.88125 0.0453125 0.0140625
3 0.82578125 0.98984375 0.0625 0.0203125
2 0.8625 0.48984375 0.1 0.103125