3 0.43671875 0.24921875 0.09375 0.115625
1 0.09140625 0.2140625 0.0765625 0.115625
3 0.23203125 0.15078125 0.0921875 0.078125
0 0.25234375 0.23828125 0.040625 0.1
1 0.1640625 0.175 0.05 0.075
3 0.0578125 0.1125 0.05 0.05625
3 0.128125 0.515625 0.171875 0.178125
0 0.33046875 0.3703125 0.0796875 0.165625
3 0.18046875 0.6828125 0.2421875 0.3
3 0.078125 0.075 0.046875 0.040625
0 0.12265625 0.11953125 0.025 0.0515625
4 0.21015625 0.7890625 0.071875 0.240625
0 0.21875 0.3078125 0.05625 0.1375
3 0.9859375 0.8375 0.028125 0.30625
1 0.72890625 0.1625 0.0625 0.0578125
5 0.97578125 0.1765625 0.0484375 0.1875
3 0.02265625 0.23359375 0.0453125 0.1046875
2 0.57890625 0.10625 0.1046875 0.10625
0 0.809375 0.1796875 0.03125 0.05625
0 0.92265625 0.184375 0.040625 0.05625
3 0.47109375 0.1109375 0.05625 0.0515625
5 0.3875 0.0734375 0.071875 0.1