3 0.40546875 0.88984375 0.16875 0.1578125
3 0.6015625 0.44453125 0.0984375 0.1078125
3 0.23515625 0.834375 0.284375 0.240625
3 0.5515625 0.56328125 0.13125 0.1234375
0 0.48515625 0.1078125 0.10625 0.0875
1 0.5890625 0.81015625 0.159375 0.0921875
0 0.440625 0.6359375 0.2015625 0.0625
0 0.39765625 0.24296875 0.203125 0.075
3 0.63359375 0.9546875 0.090625 0.090625
1 0.5921875 0.70625 0.146875 0.0828125
3 0.44765625 0.4609375 0.1984375 0.184375
2 0.71796875 0.8484375 0.2 0.115625
4 0.078125 0.98046875 0.15625 0.0390625
3 0.70390625 0.709375 0.071875 0.071875
3 0.71171875 0.61875 0.0828125 0.0671875
0 0.64296875 0.6390625 0.1125 0.0328125
1 0.82109375 0.95625 0.0484375 0.0375
3 0.78125 0.98515625 0.0640625 0.028125
3 0.715625 0.07421875 0.09375 0.1171875
3 0.678125 0.5 0.1171875 0.103125
0 0.3796875 0.515625 0.2125 0.06875
2 0.228125 0.1109375 0.45625 0.221875
0 0.1421875 0.39453125 0.28125 0.11875
3 0.53828125 0.30859375 0.2109375 0.1875
3 0.5453125 0.18671875 0.1484375 0.0890625
0 0.6625 0.590625 0.0890625 0.03125
0 0.6921875 0.7640625 0.0875 0.0296875
0 0.7625 0.9359375 0.0921875 0.0296875
0 0.74453125 0.28515625 0.06875 0.040625
0 0.77265625 0.3796875 0.05625 0.028125
1 0.73359375 0.1875 0.0578125 0.071875
3 0.8 0.5875 0.040625 0.040625
5 0.8625 0.7265625 0.071875 0.0515625
0 0.634375 0.87890625 0.11875 0.0359375
3 0.7515625 0.7046875 0.040625 0.0609375
4 0.5515625 0.93984375 0.1328125 0.034375
1 0.7859375 0.4953125 0.046875 0.0703125
3 0.81953125 0.6359375 0.0328125 0.0390625