2 0.47578125 0.4625 0.32421875 0.4921875
2 0.5828125 0.15859375 0.109375 0.0671875
2 0.90859375 0.2046875 0.18203125 0.1890625
3 0.73203125 0.41171875 0.16484375 0.10546875
3 0.75234375 0.5609375 0.20703125 0.19296875
0 0.75546875 0.65 0.06796875 0.271875
3 0.165625 0.53515625 0.1234375 0.175
3 0.22265625 0.6875 0.17109375 0.29140625
3 0.14453125 0.30703125 0.1140625 0.08984375
1 0.4171875 0.82265625 0.215625 0.16640625
1 0.11953125 0.40859375 0.096875 0.171875
4 0.17734375 0.4109375 0.025 0.11484375
4 0.03125 0.49765625 0.05234375 0.134375
4 0.04921875 0.34375 0.02421875 0.128125
0 0.28671875 0.2125 0.0203125 0.07421875
0 0.2328125 0.20859375 0.01328125 0.06796875
3 0.2392578125 0.1875 0.244140625 0.18576388906250002 0.244140625 0.17534722187500001 0.2392578125 0.1666666671875 0.2236328125 0.1666666671875 0.2197265625 0.16319444375 0.2109375 0.17534722187500001 0.20703125 0.18923611093749998 0.208984375 0.21354166718749998 0.21875 0.21354166718749998 0.228515625 0.21006944375 0.228515625 0.19618055625 0.2333984375 0.18402777812499999 0.2392578125 0.1875
0 0.2546875 0.19765625 0.01796875 0.06796875
0 0.175 0.2171875 0.01328125 0.0625
0 0.19140625 0.19765625 0.01328125 0.06015625
0 0.13828125 0.19140625 0.01484375 0.06640625
3 0.1826171875 0.18402777812499999 0.1845703125 0.18402777812499999 0.1875 0.17534722187500001 0.185546875 0.15798611093749998 0.1787109375 0.14236111093749998 0.1630859375 0.14236111093749998 0.1591796875 0.14930555625 0.1494140625 0.15277777812499999 0.14453125 0.16493055625 0.14453125 0.17534722187500001 0.1474609375 0.18055555625 0.1513671875 0.17013888906250002 0.1552734375 0.17013888906250002 0.158203125 0.17534722187500001 0.16015625 0.1927083328125 0.1630859375 0.1979166671875 0.166015625 0.19618055625 0.173828125 0.18576388906250002 0.1748046875 0.17013888906250002 0.1767578125 0.17013888906250002 0.1826171875 0.18402777812499999
0 0.15390625 0.18828125 0.01171875 0.06015625
0 0.08671875 0.203125 0.0171875 0.06484375
0 0.10234375 0.19140625 0.015625 0.05625
0 0.0796875 0.16640625 0.01328125 0.03984375
0 0.10546875 0.1640625 0.015625 0.03046875
0 0.0640625 0.17421875 0.01328125 0.06484375
3 0.12421875 0.1625 0.01640625 0.03984375
3 0.1640625 0.16015625 0.0203125 0.02734375
3 0.16875 0.15234375 0.02421875 0.025
3 0.2171875 0.184375 0.021875 0.046875