1 0.4703125 0.2890625 0.19375 0.15
3 0.3328125 0.8828125 0.1 0.0796875
5 0.15859375 0.2515625 0.2140625 0.26875
4 0.725 0.590625 0.253125 0.0765625
2 0.11328125 0.909375 0.096875 0.0703125
3 0.7046875 0.7765625 0.275 0.2296875
0 0.2484375 0.703125 0.06875 0.0359375
0 0.64453125 0.471875 0.25 0.075
3 0.546875 0.8234375 0.165625 0.153125
0 0.221875 0.76875 0.0625 0.03125
0 0.41171875 0.57421875 0.140625 0.05625
3 0.2953125 0.6125 0.09375 0.078125
4 0.5078125 0.9734375 0.11875 0.053125
0 0.165625 0.796875 0.059375 0.025
4 0.346875 0.946875 0.15 0.05
0 0.16015625 0.86171875 0.053125 0.0234375
2 0.6484375 0.053125 0.684375 0.10625
0 0.609375 0.20078125 0.178125 0.0859375
0 0.1828125 0.91171875 0.059375 0.034375
3 0.16171875 0.54453125 0.0453125 0.04375
0 0.1765625 0.42890625 0.0546875 0.028125
0 0.2671875 0.02109375 0.075 0.040625