3 0.2375 0.6890625 0.18203125 0.253125
3 0.18046875 0.31171875 0.08359375 0.103125
3 0.559375 0.4890625 0.1640625 0.18203125
2 0.80703125 0.22421875 0.203125 0.1296875
0 0.7 0.3734375 0.0421875 0.13671875
1 0.11640625 0.40390625 0.1015625 0.1484375
3 0.61796875 0.38125 0.1265625 0.1296875
3 0.18203125 0.55234375 0.15 0.16640625
1 0.19140625 0.1984375 0.03828125 0.05546875
0 0.3546875 0.31640625 0.0265625 0.11015625
0 0.44140625 0.33828125 0.02734375 0.1140625
4 0.02890625 0.3625 0.02421875 0.1046875
4 0.0375 0.50078125 0.0671875 0.1546875
0 0.2328125 0.29296875 0.025 0.08984375
0 0.4421875 0.265625 0.02265625 0.06484375
4 0.05703125 0.35625 0.021875 0.134375
4 0.29375 0.40546875 0.03125 0.14375
1 0.353125 0.278125 0.0515625 0.1
0 0.4234375 0.26171875 0.01875 0.06796875
3 0.30859375 0.2609375 0.034375 0.065625
1 0.284375 0.30390625 0.05390625 0.0921875
0 0.28515625 0.31484375 0.021875 0.05546875
3 0.19453125 0.2609375 0.0484375 0.0796875
0 0.23203125 0.23046875 0.01796875 0.0453125
3 0.1375 0.19296875 0.03671875 0.05078125
0 0.153125 0.16953125 0.00859375 0.0265625
0 0.1296875 0.21796875 0.01328125 0.059375
5 0.19296875 0.1359375 0.06015625 0.08203125
5 0.259375 0.109375 0.05 0.0671875
2 0.18203125 0.08515625 0.0359375 0.034375
0 0.1078125 0.1296875 0.01015625 0.03828125
0 0.09296875 0.1125 0.00703125 0.02421875
3 0.07734375 0.11171875 0.0140625 0.02578125
3 0.1 0.27734375 0.065625 0.09453125
3 0.35390625 0.2125 0.04453125 0.02890625
5 0.278125 0.21015625 0.0640625 0.10078125
5 0.57578125 0.19140625 0.05390625 0.046875
0 0.97109375 0.2734375 0.02734375 0.06171875
1 0.40625 0.8671875 0.2125 0.265625