4 0.02890625 0.496875 0.0578125 0.1375
4 0.05625 0.34453125 0.028125 0.146875
4 0.02890625 0.29453125 0.0234375 0.065625
1 0.91953125 0.5640625 0.1609375 0.253125
0 0.48046875 0.42265625 0.040625 0.153125
0 0.3328125 0.246875 0.01875 0.084375
3 0.57578125 0.48671875 0.128125 0.1796875
3 0.26875 0.384375 0.128125 0.1546875
3 0.42109375 0.3859375 0.08125 0.115625
0 0.3140625 0.240625 0.0171875 0.0703125
1 0.1140625 0.4015625 0.096875 0.15625
3 0.178125 0.55703125 0.15625 0.2078125
3 0.23671875 0.6859375 0.19375 0.3125
5 0.471875 0.1625 0.0578125 0.05
0 0.19375 0.2421875 0.01875 0.08125
3 0.23203125 0.23046875 0.05 0.0625
1 0.2625 0.2046875 0.0375 0.075
2 0.10390625 0.159375 0.0796875 0.109375
0 0.1 0.2125 0.01875 0.0671875
1 0.18125 0.19375 0.03125 0.0578125
5 0.92421875 0.246875 0.1375 0.109375