3 0.209375 0.70625 0.2125 0.2796875
3 0.14921875 0.5453125 0.15 0.178125
3 0.15859375 0.40703125 0.128125 0.1203125
3 0.81171875 0.48359375 0.21875 0.2265625
0 0.3796875 0.29140625 0.065625 0.125
1 0.5203125 0.27734375 0.1078125 0.153125
3 0.83828125 0.21015625 0.0828125 0.06875
5 0.275 0.2953125 0.115625 0.2796875
4 0.0453125 0.86953125 0.084375 0.21875
3 0.09296875 0.309375 0.08125 0.0859375
0 0.1203125 0.19921875 0.021875 0.0859375
0 0.2796875 0.3453125 0.0375 0.1375
0 0.24296875 0.3515625 0.05 0.1375
0 0.18046875 0.1984375 0.025 0.0765625
5 0.22421875 0.115625 0.1109375 0.1265625
3 0.14296875 0.17265625 0.0453125 0.06875
5 0.11640625 0.125 0.04375 0.071875
3 0.9390625 0.240625 0.103125 0.10625
1 0.4296875 0.14453125 0.04375 0.05
4 0.01328125 0.48203125 0.0265625 0.1828125
4 0.009375 0.29921875 0.01875 0.0640625
0 0.10625 0.32265625 0.03125 0.0359375
3 0.0375 0.29296875 0.028125 0.090625
1 0.0484375 0.17109375 0.0359375 0.05625
0 0.340625 0.12890625 0.00625 0.025
0 0.0640625 0.10703125 0.0078125 0.034375
0 0.09609375 0.1640625 0.0109375 0.05625
0 0.82890625 0.22265625 0.0234375 0.04375