3 0.6828125 0.5046875 0.1265625 0.0875
5 0.51796875 0.87734375 0.234375 0.209375
3 0.4359375 0.62265625 0.2328125 0.20625
3 0.26953125 0.17890625 0.284375 0.234375
3 0.43359375 0.1203125 0.178125 0.1640625
0 0.421875 0.39296875 0.2125 0.071875
2 0.8515625 0.153125 0.178125 0.115625
1 0.61015625 0.19765625 0.1640625 0.084375
0 0.43359375 0.98828125 0.13125 0.0234375
3 0.47734375 0.60390625 0.125 0.2046875
3 0.178125 0.96875 0.3078125 0.0625
3 0.5671875 0.34765625 0.1515625 0.115625
2 0.83359375 0.05625 0.1359375 0.0796875
3 0.66171875 0.05859375 0.103125 0.08125
3 0.725 0.1859375 0.065625 0.06875
3 0.71953125 0.28828125 0.090625 0.078125
4 0.12734375 0.0171875 0.2015625 0.034375
0 0.75078125 0.13203125 0.0875 0.028125
3 0.77890625 0.8296875 0.06875 0.078125
5 0.50546875 0.69453125 0.2390625 0.175
4 0.578125 0.125 0.1046875 0.03125
0 0.31953125 0.51171875 0.28125 0.0984375
3 0.7015625 0.33828125 0.0875 0.103125
3 0.1296875 0.9125 0.259375 0.175
0 0.746875 0.22421875 0.090625 0.015625
0 0.78828125 0.24375 0.071875 0.025
5 0.81484375 0.3671875 0.14375 0.153125
3 0.7359375 0.99609375 0.103125 0.0078125
3 0.38359375 0.978125 0.178125 0.04375
1 0.6359375 0.5578125 0.1375 0.071875
0 0.5953125 0.56328125 0.103125 0.0359375
4 0.10390625 0.18359375 0.2078125 0.075
4 0.55546875 0.0859375 0.08125 0.0328125
4 0.471875 0.04453125 0.203125 0.0328125
4 0.509375 0.0140625 0.1625 0.021875
4 0.66328125 0.0171875 0.028125 0.015625
0 0.7828125 0.1859375 0.034375 0.015625
2 0.921875 0.0375 0.034375 0.059375
5 0.86640625 0.0078125 0.078125 0.015625
3 0.7828125 0.0125 0.0796875 0.025