3 0.2625 0.34375 0.09375 0.096875
3 0.6890625 0.190625 0.30625 0.246875
2 0.10703125 0.54375 0.1046875 0.109375
2 0.17421875 0.8796875 0.203125 0.240625
1 0.48515625 0.78359375 0.2375 0.1765625
4 0.8609375 0.18984375 0.175 0.075
1 0.1734375 0.13828125 0.09375 0.0640625
4 0.8859375 0.03671875 0.134375 0.071875
2 0.7671875 0.87265625 0.465625 0.2546875
0 0.159375 0.26015625 0.071875 0.028125
4 0.89140625 0.31875 0.11875 0.0875
4 0.26328125 0.1609375 0.10625 0.0453125
3 0.28515625 0.08125 0.1 0.0875
1 0.1078125 0.165625 0.03125 0.0375
4 0.4390625 0.01171875 0.209375 0.0234375
4 0.42421875 0.03671875 0.196875 0.04375
1 0.03671875 0.2109375 0.065625 0.075
3 0.1515625 0.17734375 0.0578125 0.04375
3 0.17890625 0.22578125 0.06875 0.0625
3 0.178125 0.30234375 0.071875 0.04375
4 0.371875 0.1390625 0.109375 0.040625
3 0.36015625 0.5359375 0.1765625 0.1125
0 0.4125 0.459375 0.1875 0.0484375
5 0.121875 0.396875 0.1515625 0.153125
3 0.5234375 0.134375 0.159375 0.15625
4 0.18046875 0.0328125 0.0625 0.0546875
0 0.1328125 0.08125 0.1234375 0.053125
3 0.11328125 0.196875 0.034375 0.03125