3 0.36484375 0.3328125 0.1421875 0.14375
3 0.71484375 0.77734375 0.278125 0.209375
0 0.2890625 0.85546875 0.09375 0.0375
3 0.653125 0.26796875 0.26875 0.2453125
3 0.5640625 0.84453125 0.16875 0.15
1 0.33046875 0.46171875 0.0734375 0.0671875
1 0.240625 0.8875 0.08125 0.05
3 0.4421875 0.62578125 0.1671875 0.1421875
2 0.21796875 0.73828125 0.2375 0.159375
3 0.18359375 0.82578125 0.05625 0.0296875
3 0.4578125 0.153125 0.1703125 0.190625
3 0.44765625 0.44140625 0.153125 0.121875
3 0.33203125 0.57265625 0.0875 0.10625
0 0.19375 0.86328125 0.059375 0.028125
3 0.25859375 0.12890625 0.1 0.096875
3 0.5078125 0.23125 0.15 0.2296875
4 0.428125 0.90625 0.153125 0.0453125
4 0.521875 0.97734375 0.15 0.0453125
3 0.2703125 0.61015625 0.040625 0.053125
4 0.37890625 0.9453125 0.153125 0.0328125
3 0.92109375 0.021875 0.1578125 0.040625
1 0.2765625 0.01015625 0.125 0.0203125
3 0.17109375 0.8828125 0.0390625 0.0453125
4 0.4234375 0.97734375 0.1953125 0.0453125
3 0.35703125 0.89765625 0.1359375 0.0796875
3 0.18984375 0.91640625 0.0578125 0.0375
1 0.159375 0.940625 0.0546875 0.0375
0 0.603125 0.6015625 0.2265625 0.0734375
0 0.5453125 0.5 0.2015625 0.05625
0 0.36953125 0.5671875 0.146875 0.0390625
0 0.78515625 0.34296875 0.225 0.103125
3 0.2375 0.25625 0.075 0.0828125