3 0.68515625 0.1015625 0.0890625 0.078125
3 0.69375 0.33828125 0.1125 0.084375
3 0.73203125 0.4328125 0.103125 0.078125
3 0.59765625 0.16640625 0.128125 0.13125
3 0.44765625 0.15390625 0.178125 0.1515625
0 0.584375 0.51484375 0.146875 0.053125
3 0.30234375 0.209375 0.28125 0.2015625
3 0.6546875 0.571875 0.121875 0.115625
3 0.75390625 0.30625 0.078125 0.06875
3 0.7890625 0.82421875 0.0609375 0.0859375
3 0.7921875 0.2671875 0.06875 0.059375
5 0.821875 0.1359375 0.1078125 0.06875
1 0.4828125 0.62734375 0.246875 0.146875
5 0.90859375 0.11171875 0.134375 0.0625
1 0.82578125 0.2390625 0.08125 0.04375
3 0.765625 0.92578125 0.0984375 0.1125
4 0.140625 0.046875 0.28125 0.09375
0 0.7734375 0.1546875 0.0796875 0.0265625
0 0.7734375 0.11328125 0.0921875 0.028125
0 0.83828125 0.1875 0.06875 0.0203125
5 0.92265625 0.18515625 0.0625 0.03125
4 0.5296875 0.0125 0.221875 0.025
4 0.53828125 0.0390625 0.2 0.0328125
0 0.6546875 0.09375 0.0875 0.040625
0 0.85078125 0.059375 0.053125 0.0109375