2 0.403125 0.40625 0.2359375 0.3625
0 0.76640625 0.528125 0.06953125 0.19765625
3 0.63828125 0.38359375 0.109375 0.1265625
1 0.153125 0.209375 0.04921875 0.08046875
3 0.9234375 0.24609375 0.1125 0.09296875
0 0.62109375 0.48671875 0.04921875 0.1359375
4 0.1765625 0.8171875 0.06875 0.20703125
0 0.2359375 0.29375 0.03828125 0.0875
1 0.540625 0.41796875 0.05625 0.1703125
3 0.2328125 0.66796875 0.203125 0.225
0 0.1203125 0.18125 0.02578125 0.05625
4 0.13125 0.43125 0.04453125 0.084375
3 0.134375 0.33828125 0.06953125 0.10078125
4 0.084375 0.36640625 0.03125 0.13125
0 0.21875 0.24375 0.03515625 0.065625
2 0.134375 0.12109375 0.065625 0.07265625
4 0.03515625 0.4953125 0.06328125 0.14453125
4 0.28515625 0.8828125 0.0703125 0.2234375
3 0.58203125 0.20546875 0.07421875 0.0375
3 0.18828125 0.5375 0.15859375 0.14609375
4 0.01484375 0.82734375 0.0296875 0.328125
4 0.0796875 0.89453125 0.05390625 0.19453125
4 0.084375 0.7578125 0.040625 0.07109375
0 0.24921875 0.2171875 0.04609375 0.08203125
1 0.6390625 0.83203125 0.2703125 0.3359375
1 0.7484375 0.2203125 0.053125 0.0609375
5 0.2265625 0.0875 0.06796875 0.0859375
3 0.828125 0.22421875 0.05625 0.06328125
1 0.434375 0.16484375 0.0296875 0.034375
0 0.078125 0.17890625 0.0171875 0.04609375
0 0.09140625 0.15859375 0.0140625 0.0421875
0 0.075 0.1390625 0.01171875 0.04296875
5 0.465625 0.15078125 0.05390625 0.04453125
3 0.4984375 0.19609375 0.0375 0.04140625
3 0.28671875 0.1328125 0.02109375 0.0234375
3 0.18515625 0.1921875 0.03359375 0.06328125