3 0.5 0.57265625 0.16015625 0.2015625
3 0.2421875 0.6921875 0.1953125 0.265625
3 0.7390625 0.540625 0.22890625 0.2234375
3 0.18125 0.54453125 0.13984375 0.1640625
0 0.76875 0.37734375 0.059375 0.11171875
1 0.33046875 0.4078125 0.07890625 0.1609375
1 0.25390625 0.34296875 0.06484375 0.1453125
3 0.5515625 0.3328125 0.10078125 0.10703125
1 0.2640625 0.23828125 0.05 0.05859375
3 0.19609375 0.17890625 0.040625 0.04140625
1 0.09453125 0.17265625 0.02890625 0.0546875
0 0.16875 0.2125 0.025 0.05546875
4 0.0390625 0.51171875 0.06953125 0.12265625
4 0.0546875 0.4171875 0.0296875 0.16640625
0 0.13828125 0.40234375 0.05 0.1640625
3 0.63203125 0.3921875 0.14609375 0.1234375
5 0.125 0.10078125 0.065625 0.08828125
3 0.32421875 0.2921875 0.0671875 0.078125
1 0.128125 0.20546875 0.0375 0.059375
3 0.44375 0.3578125 0.10859375 0.14375
3 0.4375 0.28828125 0.08828125 0.0578125
1 0.56484375 0.85234375 0.23125 0.29453125
3 0.090625 0.2515625 0.07734375 0.05625
3 0.11953125 0.33125 0.08046875 0.09609375
3 0.22109375 0.21953125 0.0453125 0.04375
0 0.5828125 0.44140625 0.053125 0.14609375
3 0.41328125 0.26015625 0.078125 0.084375
0 0.24140625 0.17890625 0.01875 0.02890625
4 0.0703125 0.821875 0.09765625 0.1734375
3 0.33515625 0.24609375 0.05703125 0.0796875
0 0.45 0.4046875 0.04609375 0.17421875
0 0.85546875 0.684375 0.11484375 0.24453125
3 0.92109375 0.240625 0.08515625 0.08671875