5 0.540625 0.0375 0.246875 0.075
3 0.69765625 0.38515625 0.134375 0.121875
3 0.77109375 0.61015625 0.096875 0.084375
4 0.1921875 0.75390625 0.253125 0.0734375
2 0.91171875 0.7625 0.1078125 0.0859375
3 0.678125 0.51015625 0.1890625 0.14375
0 0.14609375 0.2421875 0.2921875 0.125
3 0.8171875 0.71015625 0.109375 0.0671875
5 0.93828125 0.89609375 0.084375 0.053125
3 0.784375 0.4921875 0.0671875 0.08125
3 0.81171875 0.5703125 0.0734375 0.06875
3 0.553125 0.234375 0.2 0.19375
4 0.70625 0.98046875 0.125 0.0328125
5 0.88671875 0.8328125 0.05625 0.0421875
3 0.384375 0.79609375 0.41875 0.25625
0 0.33359375 0.2828125 0.259375 0.121875
4 0.55390625 0.9796875 0.1953125 0.040625
3 0.80859375 0.0296875 0.0859375 0.059375
4 0.1171875 0.9609375 0.234375 0.078125
3 0.48359375 0.83203125 0.2125 0.1703125
0 0.50078125 0.4296875 0.221875 0.0703125
0 0.496875 0.26328125 0.196875 0.084375
0 0.0453125 0.215625 0.090625 0.09375
3 0.82890625 0.82109375 0.0578125 0.0609375
5 0.9296875 0.56328125 0.0609375 0.05625
0 0.77109375 0.80859375 0.109375 0.0296875
0 0.7453125 0.7703125 0.128125 0.03125
3 0.78203125 0.96328125 0.10625 0.0734375
1 0.8453125 0.14453125 0.065625 0.06875
1 0.88984375 0.453125 0.05 0.04375