3 0.740625 0.14296875 0.228125 0.221875
3 0.60390625 0.09609375 0.1921875 0.16875
1 0.44609375 0.0390625 0.16875 0.078125
5 0.27265625 0.95390625 0.078125 0.090625
0 0.775 0.5203125 0.259375 0.10625
0 0.3609375 0.3875 0.11875 0.046875
1 0.17421875 0.040625 0.046875 0.04375
1 0.215625 0.04453125 0.05625 0.053125
1 0.20078125 0.1015625 0.065625 0.05
2 0.215625 0.6890625 0.1359375 0.165625
0 0.86875 0.8203125 0.203125 0.165625
5 0.3890625 0.5984375 0.3890625 0.2875
0 0.48984375 0.28671875 0.184375 0.0625
1 0.24921875 0.8453125 0.0625 0.065625
0 0.10625 0.01015625 0.1125 0.0203125
1 0.90625 0.328125 0.1875 0.2046875
0 0.265625 0.1828125 0.0640625 0.0421875
0 0.35546875 0.16484375 0.121875 0.0984375
4 0.9140625 0.1734375 0.171875 0.0765625
0 0.5921875 0.590625 0.21875 0.08125
0 0.85859375 0.6 0.28125 0.1
4 0.8953125 0.07265625 0.209375 0.084375