3 0.62578125 0.3546875 0.115625 0.125
3 0.2328125 0.70703125 0.2 0.26875
3 0.4546875 0.34375 0.0984375 0.121875
3 0.17421875 0.55 0.15 0.165625
5 0.19921875 0.11953125 0.0640625 0.096875
5 0.2484375 0.27734375 0.1 0.2109375
3 0.1296875 0.2015625 0.0484375 0.06875
5 0.95625 0.55390625 0.0875 0.24375
0 0.5453125 0.4015625 0.053125 0.146875
1 0.175 0.18125 0.0421875 0.040625
1 0.078125 0.153125 0.0296875 0.05625
4 0.1328125 0.38671875 0.04375 0.175
3 0.18203125 0.2296875 0.0515625 0.071875
3 0.11328125 0.1578125 0.0375 0.0578125
0 0.2859375 0.38984375 0.0390625 0.1453125
4 0.046875 0.33671875 0.0375 0.090625
4 0.05703125 0.85703125 0.103125 0.1625
4 0.0296875 0.49609375 0.059375 0.1828125
3 0.1140625 0.33671875 0.096875 0.128125
0 0.3625 0.41953125 0.046875 0.159375
0 0.34375 0.32890625 0.0328125 0.109375
0 0.42265625 0.3875 0.04375 0.1546875
0 0.40390625 0.2875 0.028125 0.1
3 0.334375 0.2734375 0.0921875 0.1140625
5 0.36640625 0.1765625 0.125 0.175