0 0.0296875 0.63203125 0.059375 0.2671875
3 0.84296875 0.55546875 0.1546875 0.1875
3 0.7734375 0.715625 0.2125 0.2828125
0 0.63515625 0.5828125 0.078125 0.240625
5 0.26171875 0.353125 0.23125 0.3296875
3 0.75 0.19765625 0.05 0.05625
0 0.671875 0.3359375 0.046875 0.11875
2 0.053125 0.87265625 0.10625 0.2546875
1 0.803125 0.21796875 0.05 0.084375
0 0.73046875 0.2765625 0.0375 0.10625
0 0.83359375 0.1703125 0.034375 0.0859375
0 0.68671875 0.2390625 0.0578125 0.0953125
0 0.77578125 0.29140625 0.034375 0.1078125
3 0.90859375 0.31171875 0.0953125 0.11875
0 0.921875 0.1359375 0.0734375 0.084375
0 0.88671875 0.184375 0.0328125 0.0640625
0 0.83359375 0.1453125 0.0375 0.065625
0 0.69296875 0.21484375 0.04375 0.046875
0 0.8703125 0.16796875 0.0625 0.08125
4 0.83671875 0.403125 0.0796875 0.14375
3 0.78984375 0.15546875 0.05 0.034375
3 0.15234375 0.20625 0.1 0.0484375
4 0.9796875 0.46796875 0.0265625 0.240625
4 0.98203125 0.309375 0.03125 0.0765625
0 0.8390625 0.14375 0.025 0.04375
4 0.48515625 0.79921875 0.046875 0.240625
4 0.4765625 0.92421875 0.059375 0.15
4 0.38828125 0.87109375 0.078125 0.2578125
4 0.97109375 0.8703125 0.0578125 0.221875
4 0.95703125 0.87890625 0.0625 0.134375
4 0.95390625 0.45703125 0.028125 0.2109375
4 0.99453125 0.29921875 0.009375 0.0421875
0 0.54140625 0.28046875 0.0375 0.115625
0 0.49609375 0.29140625 0.034375 0.134375
5 0.8265625 0.05703125 0.04375 0.059375