3 0.61171875 0.2796875 0.13125 0.1125
3 0.5984375 0.540625 0.11875 0.1375
3 0.29453125 0.23125 0.278125 0.228125
3 0.55859375 0.7859375 0.1625 0.184375
0 0.49453125 0.775 0.178125 0.0734375
3 0.721875 0.29609375 0.071875 0.071875
3 0.653125 0.41796875 0.09375 0.084375
0 0.45546875 0.47890625 0.196875 0.05625
3 0.44921875 0.184375 0.1625 0.15
0 0.61953125 0.12109375 0.15625 0.05
1 0.790625 0.1234375 0.078125 0.0515625
0 0.11875 0.884375 0.2375 0.115625
0 0.6234375 0.375 0.11875 0.0328125
3 0.66328125 0.121875 0.096875 0.08125
4 0.15234375 0.071875 0.221875 0.0765625
3 0.7484375 0.94375 0.084375 0.1
0 0.42578125 0.99296875 0.16875 0.0140625
0 0.15625 0.684375 0.284375 0.0921875
0 0.36328125 0.6921875 0.196875 0.0640625
4 0.66484375 0.05703125 0.0875 0.0375
0 0.7359375 0.19765625 0.078125 0.0390625
0 0.55 0.43359375 0.13125 0.046875
4 0.484375 0.03828125 0.1171875 0.0625
0 0.7421875 0.9890625 0.090625 0.021875
0 0.809375 0.1703125 0.0765625 0.0421875
2 0.790625 0.3515625 0.11875 0.078125
3 0.86015625 0.39921875 0.0609375 0.071875
0 0.19765625 0.54296875 0.334375 0.090625
4 0.059375 0.50390625 0.11875 0.075
1 0.69140625 0.6203125 0.178125 0.11875
5 0.75390625 0.43984375 0.1421875 0.08125
1 0.76484375 0.8265625 0.0875 0.071875
5 0.778125 0.24453125 0.0921875 0.046875
5 0.86484375 0.22421875 0.0859375 0.06875
5 0.88203125 0.15078125 0.071875 0.0453125
4 0.21171875 0.0125 0.2890625 0.025
4 0.76015625 0.0734375 0.034375 0.0125
0 0.83125 0.08828125 0.0546875 0.0109375
3 0.8515625 0.10859375 0.0390625 0.0296875
3 0.87421875 0.11875 0.0265625 0.021875
5 0.8359375 0.5109375 0.0890625 0.059375