3 0.184375 0.54921875 0.1546875 0.17578125
3 0.3453125 0.27734375 0.06640625 0.1015625
3 0.2375 0.7 0.2015625 0.25546875
3 0.46484375 0.28671875 0.08671875 0.0921875
1 0.26328125 0.4203125 0.10859375 0.1515625
5 0.29921875 0.228125 0.05625 0.109375
0 0.71640625 0.55390625 0.09296875 0.22734375
3 0.66484375 0.43359375 0.14609375 0.18671875
3 0.93203125 0.26640625 0.0859375 0.0734375
3 0.81640625 0.440625 0.1671875 0.15859375
5 0.11171875 0.11640625 0.053125 0.09375
0 0.22265625 0.28359375 0.025 0.09140625
4 0.06875 0.8703125 0.0640625 0.22578125
3 0.51640625 0.36171875 0.1203125 0.128125
3 0.846875 0.253125 0.0671875 0.0484375
3 0.7171875 0.2171875 0.05546875 0.059375
1 0.74921875 0.23203125 0.0515625 0.0390625
5 0.47890625 0.16015625 0.08984375 0.09765625
5 0.37734375 0.24140625 0.06015625 0.1046875
0 0.1609375 0.26640625 0.0203125 0.0953125
0 0.19609375 0.32890625 0.02109375 0.1296875
3 0.225 0.2546875 0.05 0.0703125
1 0.21484375 0.2046875 0.03515625 0.03203125
3 0.18125 0.1953125 0.0296875 0.0484375
5 0.65546875 0.18984375 0.08203125 0.078125
5 0.19765625 0.13828125 0.0390625 0.0671875
4 0.4484375 0.93125 0.0828125 0.1375
4 0.03671875 0.51953125 0.0609375 0.1125
4 0.05078125 0.41484375 0.01953125 0.165625
4 0.07578125 0.35859375 0.0140625 0.1265625
4 0.12421875 0.39296875 0.02890625 0.15234375
4 0.0484375 0.3046875 0.021875 0.03359375
3 0.1234375 0.33671875 0.0765625 0.1171875
0 0.075 0.16953125 0.01171875 0.04765625
0 0.09375 0.175 0.01015625 0.0515625
0 0.10546875 0.1640625 0.0109375 0.0421875
0 0.1296875 0.21796875 0.01328125 0.071875
0 0.246875 0.20625 0.0140625 0.06875
0 0.26796875 0.1984375 0.0109375 0.05859375