3 0.72734375 0.796875 0.2921875 0.225
5 0.24140625 0.6890625 0.0890625 0.0640625
0 0.87109375 0.26953125 0.2578125 0.103125
3 0.5921875 0.84765625 0.209375 0.171875
2 0.60703125 0.44375 0.66875 0.453125
0 0.2609375 0.8171875 0.1109375 0.0421875
3 0.23203125 0.77890625 0.0625 0.053125
5 0.265625 0.60546875 0.0625 0.075
0 0.2921875 0.03125 0.06875 0.03125
4 0.53515625 0.984375 0.1296875 0.03125
0 0.29375 0.73046875 0.1390625 0.0375
3 0.21015625 0.73515625 0.05625 0.04375
0 0.85 0.0609375 0.3 0.121875
3 0.18359375 0.90390625 0.0328125 0.04375
0 0.73515625 0.146875 0.29375 0.0875
5 0.153125 0.34765625 0.2 0.209375
5 0.09140625 0.78359375 0.1125 0.0796875
0 0.221875 0.8984375 0.078125 0.021875
0 0.24609375 0.15703125 0.040625 0.034375