3 0.72109375 0.790625 0.2625 0.1984375
1 0.5359375 0.36875 0.25625 0.159375
3 0.36015625 0.465625 0.128125 0.115625
3 0.25859375 0.06015625 0.096875 0.115625
1 0.42734375 0.921875 0.18125 0.1109375
1 0.34765625 0.80625 0.175 0.0953125
3 0.55703125 0.85234375 0.165625 0.1609375
0 0.27421875 0.76328125 0.0765625 0.028125
0 0.72734375 0.20234375 0.278125 0.1140625
0 0.20859375 0.87265625 0.0828125 0.025
3 0.23125 0.26796875 0.0453125 0.06875
4 0.34375 0.98828125 0.125 0.0234375
5 0.203125 0.61328125 0.23125 0.1515625
4 0.525 0.98515625 0.1375 0.0296875
0 0.43125 0.60078125 0.140625 0.04375
2 0.92578125 0.13203125 0.1484375 0.2640625
0 0.10078125 0.95625 0.04375 0.040625
3 0.28046875 0.96328125 0.0859375 0.0734375
1 0.1828125 0.775 0.059375 0.05625
3 0.22421875 0.17265625 0.059375 0.078125
0 0.4 0.6703125 0.134375 0.04375
0 0.4234375 0.7421875 0.1671875 0.0359375
0 0.32734375 0.7109375 0.11875 0.04375
0 0.2765625 0.7265625 0.0890625 0.0125
0 0.20546875 0.8375 0.065625 0.01875
4 0.83984375 0.8734375 0.20625 0.06875