0 0.58203125 0.84609375 0.171875 0.0625
0 0.47265625 0.8328125 0.2125 0.0875
3 0.28984375 0.2625 0.284375 0.2125
0 0.65 0.65 0.134375 0.046875
3 0.44921875 0.19609375 0.1875 0.159375
1 0.8578125 0.19765625 0.053125 0.0375
3 0.67734375 0.1375 0.1234375 0.090625
3 0.56953125 0.71953125 0.1953125 0.1625
2 0.83125 0.87890625 0.10625 0.1734375
0 0.8046875 0.20546875 0.075 0.03125
4 0.490625 0.04140625 0.1515625 0.078125
2 0.884375 0.13125 0.1140625 0.078125
0 0.809375 0.24296875 0.065625 0.025
0 0.79375 0.32890625 0.084375 0.034375
4 0.3421875 0.41640625 0.30625 0.075
4 0.65546875 0.0703125 0.15625 0.0453125
4 0.66953125 0.1921875 0.140625 0.0328125
0 0.8171875 0.1390625 0.084375 0.015625
0 0.69453125 0.42265625 0.15 0.0328125
5 0.903125 0.53984375 0.16875 0.1421875
1 0.83671875 0.63125 0.040625 0.040625