5 0.6828125 0.28125 0.2 0.175
3 0.35859375 0.78125 0.1765625 0.1875
0 0.59765625 0.44375 0.159375 0.059375
5 0.7703125 0.54765625 0.1375 0.096875
3 0.46640625 0.8328125 0.190625 0.1609375
1 0.8734375 0.8703125 0.0671875 0.034375
4 0.215625 0.7265625 0.296875 0.1109375
0 0.66328125 0.69375 0.128125 0.0515625
0 0.7921875 0.853125 0.0765625 0.0328125
4 0.690625 0.97421875 0.1375 0.025
0 0.80078125 0.71640625 0.08125 0.0234375
1 0.4140625 0.28046875 0.3 0.18125
3 0.69921875 0.80546875 0.128125 0.0890625
0 0.82265625 0.81015625 0.0671875 0.028125
4 0.1203125 0.95390625 0.240625 0.0890625
4 0.4984375 0.97890625 0.125 0.0421875
0 0.784375 0.7734375 0.0875 0.028125
0 0.76796875 0.69375 0.08125 0.03125
3 0.87421875 0.78046875 0.0546875 0.0484375
3 0.88984375 0.8328125 0.05 0.034375
3 0.8875 0.8078125 0.05 0.0265625
5 0.94921875 0.70625 0.1015625 0.08125
2 0.9328125 0.58984375 0.0984375 0.0890625
3 0.7546875 0.9359375 0.103125 0.0453125
0 0.8640625 0.9171875 0.0625 0.0171875
0 0.88515625 0.9265625 0.053125 0.015625
4 0.7171875 0.9609375 0.1125 0.01875