3 0.58125 0.8984375 0.2296875 0.203125
0 0.57109375 0.61015625 0.225 0.084375
3 0.41875 0.83125 0.128125 0.2109375
3 0.70234375 0.2171875 0.278125 0.209375
3 0.5375 0.16328125 0.1375 0.134375
0 0.40390625 0.60390625 0.13125 0.0640625
5 0.19296875 0.2984375 0.159375 0.125
0 0.309375 0.41328125 0.103125 0.053125
0 0.340625 0.50859375 0.1125 0.071875
1 0.45546875 0.38984375 0.20625 0.1078125
0 0.24296875 0.1828125 0.08125 0.03125
3 0.3328125 0.2953125 0.121875 0.0890625
3 0.3359375 0.096875 0.09375 0.084375
1 0.178125 0.09375 0.059375 0.046875
3 0.153125 0.1578125 0.0375 0.034375
4 0.87734375 0.04609375 0.2375 0.08125
4 0.6578125 0.07890625 0.2625 0.046875
4 0.46796875 0.01328125 0.184375 0.025
4 0.55078125 0.0375 0.246875 0.03125
0 0.2890625 0.228125 0.09375 0.028125
0 0.2265625 0.10390625 0.071875 0.0203125
0 0.24140625 0.12734375 0.08125 0.025
0 0.3953125 0.48046875 0.1328125 0.04375
3 0.4171875 0.1546875 0.1296875 0.1421875
3 0.20625 0.18046875 0.05 0.046875
3 0.1328125 0.0609375 0.040625 0.0296875
0 0.16015625 0.121875 0.046875 0.015625
0 0.2828125 0.34140625 0.0984375 0.0296875
5 0.1125 0.37578125 0.121875 0.109375
5 0.071875 0.11015625 0.0453125 0.034375
3 0.278125 0.9296875 0.0765625 0.090625
3 0.2421875 0.93203125 0.0875 0.096875
3 0.22734375 0.82578125 0.08125 0.0734375
3 0.18984375 0.496875 0.046875 0.0484375
3 0.30078125 0.0546875 0.0671875 0.0484375
3 0.22734375 0.0359375 0.0734375 0.05