3 0.290625 0.890625 0.1140625 0.09375
3 0.51328125 0.8265625 0.1734375 0.1671875
3 0.67890625 0.76171875 0.2875 0.21875
3 0.43125 0.3359375 0.209375 0.1796875
1 0.22421875 0.74375 0.0765625 0.05625
0 0.26171875 0.47578125 0.1125 0.053125
3 0.265625 0.684375 0.1265625 0.1109375
0 0.284375 0.55703125 0.1125 0.0375
2 0.12890625 0.80078125 0.234375 0.1125
0 0.6125 0.0484375 0.25625 0.096875
3 0.42265625 0.66640625 0.196875 0.1328125
2 0.25546875 0.125 0.5109375 0.25
3 0.1828125 0.56015625 0.05625 0.0703125
0 0.315625 0.5125 0.15625 0.0453125
0 0.22578125 0.521875 0.0734375 0.0390625
3 0.19921875 0.628125 0.0421875 0.04375
3 0.2578125 0.58125 0.08125 0.075
4 0.84453125 0.7640625 0.184375 0.0671875
4 0.80390625 0.9484375 0.215625 0.0640625
0 0.55078125 0.49296875 0.2546875 0.059375
3 0.33046875 0.39375 0.15 0.1234375
4 0.4703125 0.978125 0.134375 0.04375
4 0.37421875 0.9734375 0.171875 0.0296875
4 0.25703125 0.96953125 0.0546875 0.021875
4 0.20234375 0.9078125 0.0484375 0.01875
0 0.13203125 0.93828125 0.065625 0.015625
0 0.1359375 0.915625 0.059375 0.015625
0 0.1234375 0.88359375 0.0640625 0.015625
0 0.17421875 0.65 0.04375 0.015625
3 0.17109375 0.69453125 0.03125 0.0578125
4 0.953125 0.5875 0.09375 0.04375