0 0.49140625 0.63203125 0.14375 0.0734375
3 0.715625 0.178125 0.2875 0.240625
3 0.32734375 0.075 0.109375 0.06875
0 0.2625 0.34453125 0.10625 0.03125
1 0.2046875 0.1328125 0.06875 0.0359375
2 0.89140625 0.91875 0.215625 0.159375
3 0.265625 0.96015625 0.1 0.0796875
0 0.26484375 0.15703125 0.084375 0.034375
0 0.28046875 0.23046875 0.1015625 0.025
3 0.1875 0.596875 0.05 0.040625
3 0.1875 0.1859375 0.046875 0.04375
0 0.25234375 0.196875 0.0875 0.034375
4 0.76640625 0.46953125 0.16875 0.05625
3 0.553125 0.1296875 0.171875 0.165625
4 0.88515625 0.0296875 0.14375 0.059375
0 0.17421875 0.05234375 0.065625 0.015625
4 0.47109375 0.00703125 0.1953125 0.0140625
0 0.2125 0.21484375 0.075 0.01875
5 0.296875 0.54375 0.24375 0.1625
4 0.321875 0.003125 0.08125 0.00625
4 0.9078125 0.4671875 0.184375 0.053125
4 0.82109375 0.57421875 0.3578125 0.0546875
4 0.76796875 0.02265625 0.065625 0.04375
4 0.46796875 0.02421875 0.2015625 0.028125
4 0.41484375 0.13828125 0.09375 0.025
1 0.2203125 0.8671875 0.0515625 0.05625
0 0.234375 0.82890625 0.0390625 0.01875
0 0.21328125 0.75703125 0.0328125 0.0203125
0 0.2078125 0.7234375 0.046875 0.01875
0 0.20078125 0.69140625 0.0484375 0.021875
0 0.1625 0.55703125 0.0234375 0.015625
3 0.19921875 0.634375 0.034375 0.05625
0 0.1578125 0.4828125 0.028125 0.015625
0 0.1453125 0.40078125 0.0265625 0.009375
0 0.2515625 0.37421875 0.10625 0.01875
0 0.2109375 0.2375 0.0453125 0.021875
0 0.1734375 0.10859375 0.0625 0.0125
0 0.1421875 0.140625 0.04375 0.009375
0 0.1390625 0.115625 0.0359375 0.0125
0 0.15703125 0.071875 0.05 0.00625
3 0.146875 0.0875 0.046875 0.021875
0 0.16328125 0.0625 0.05625 0.009375
0 0.146875 0.0296875 0.059375 0.0109375
0 0.14921875 0.00546875 0.046875 0.0109375
3 0.209375 0.01015625 0.0765625 0.0203125
3 0.11015625 0.09765625 0.025 0.01875
3 0.134375 0.125 0.0375 0.0125
3 0.1296875 0.04921875 0.05 0.0234375
0 0.52890625 0.28359375 0.2078125 0.06875