5 0.78828125 0.203125 0.18515625 0.13125
3 0.2 0.34375 0.1046875 0.1109375
2 0.93046875 0.4109375 0.1328125 0.42265625
3 0.70546875 0.5 0.21015625 0.24921875
3 0.1796875 0.5703125 0.16640625 0.21796875
3 0.2359375 0.7046875 0.2 0.28828125
3 0.35546875 0.37578125 0.10703125 0.1484375
3 0.4671875 0.5546875 0.1859375 0.21640625
0 0.17734375 0.2109375 0.02734375 0.06640625
3 0.26484375 0.24296875 0.0609375 0.07421875
0 0.371875 0.2796875 0.03203125 0.06640625
0 0.43671875 0.30625 0.03125 0.0953125
0 0.9546875 0.6765625 0.090625 0.23125
3 0.13125 0.20546875 0.0390625 0.05390625
3 0.184375 0.16015625 0.040625 0.0421875
3 0.153125 0.15390625 0.0265625 0.04453125
4 0.27578125 0.778125 0.1109375 0.28046875
4 0.0625 0.80625 0.1140625 0.2171875
4 0.0375 0.50078125 0.06953125 0.15234375
4 0.06328125 0.35703125 0.0328125 0.1390625
4 0.10390625 0.3546875 0.03515625 0.1578125
4 0.14453125 0.35703125 0.0296875 0.1421875
0 0.0890625 0.2125 0.021875 0.07265625
0 0.1 0.1734375 0.01796875 0.0546875
3 0.11953125 0.15234375 0.0359375 0.04140625
5 0.10703125 0.10546875 0.04765625 0.07578125
5 0.14921875 0.0671875 0.04609375 0.07578125
0 0.32890625 0.23046875 0.0203125 0.08046875
0 0.30234375 0.29453125 0.02421875 0.0984375
0 0.403125 0.34140625 0.03125 0.125
0 0.759375 0.68984375 0.09140625 0.29765625