1 0.10390625 0.3546875 0.115625 0.16875
3 0.17109375 0.51328125 0.165625 0.1890625
3 0.33359375 0.15234375 0.0625 0.071875
0 0.85625 0.67109375 0.109375 0.24375
0 0.1875 0.23125 0.040625 0.10625
3 0.13671875 0.15234375 0.06875 0.071875
5 0.440625 0.1859375 0.15625 0.253125
0 0.2578125 0.3328125 0.05625 0.146875
0 0.253125 0.16484375 0.040625 0.071875
1 0.4171875 0.828125 0.215625 0.34375
1 0.115625 0.075 0.0421875 0.0484375
0 0.334375 0.2921875 0.040625 0.08125
4 0.02421875 0.471875 0.0484375 0.125
0 0.303125 0.2765625 0.040625 0.115625
4 0.2671875 0.8875 0.0640625 0.0625
4 0.02109375 0.2765625 0.040625 0.121875
0 0.33046875 0.4046875 0.059375 0.1609375
3 0.03984375 0.215625 0.0796875 0.09375
0 0.5140625 0.54375 0.06875 0.228125
3 0.0828125 0.090625 0.0484375 0.053125
4 0.14921875 0.80078125 0.046875 0.2125
0 0.79453125 0.86015625 0.1078125 0.2796875
5 0.8109375 0.38515625 0.378125 0.5625
5 0.84140625 0.1875 0.3171875 0.25
3 0.234375 0.65234375 0.184375 0.275
0 0.14609375 0.10625 0.01875 0.0328125
0 0.17265625 0.10234375 0.0125 0.05625
5 0.2234375 0.0265625 0.0421875 0.053125
5 0.1015625 0.0203125 0.0484375 0.040625
1 0.06640625 0.0640625 0.01875 0.046875