3 0.22109375 0.353125 0.09921875 0.11640625
3 0.22890625 0.69140625 0.23046875 0.26796875
3 0.12421875 0.340625 0.07578125 0.09375
0 0.44609375 0.4984375 0.05390625 0.18125
0 0.81875 0.6390625 0.09140625 0.20390625
1 0.39765625 0.37890625 0.0875 0.1328125
2 0.80703125 0.3125 0.3859375 0.390625
3 0.19453125 0.20546875 0.05390625 0.053125
0 0.615625 0.60859375 0.07578125 0.2296875
3 0.82734375 0.565625 0.26484375 0.20703125
2 0.26875 0.23671875 0.1171875 0.171875
3 0.32109375 0.215625 0.04609375 0.040625
3 0.18515625 0.53984375 0.15 0.15
0 0.40078125 0.27421875 0.071875 0.0734375
0 0.33125 0.26953125 0.028125 0.0765625
3 0.4984375 0.31015625 0.075 0.0890625
4 0.07578125 0.825 0.05 0.19765625
4 0.078125 0.8765625 0.08671875 0.14765625
4 0.04765625 0.38828125 0.0296875 0.109375
4 0.36875 0.665625 0.0625 0.325
4 0.88515625 0.98359375 0.08828125 0.03125
4 0.08125 0.63125 0.071875 0.30390625
4 0.053125 0.48515625 0.03515625 0.1234375
0 0.09140625 0.1953125 0.02734375 0.05703125
5 0.48125 0.1578125 0.09765625 0.09375
0 0.1140625 0.17109375 0.01875 0.04765625
3 0.14921875 0.1640625 0.0390625 0.06171875
5 0.09453125 0.09453125 0.0421875 0.06015625
3 0.1125 0.1484375 0.028125 0.0375
3 0.18046875 0.16640625 0.034375 0.0421875