3 0.46328125 0.77421875 0.228125 0.215625
3 0.4453125 0.16953125 0.171875 0.153125
2 0.81328125 0.284375 0.140625 0.1078125
3 0.3171875 0.240625 0.20625 0.1953125
3 0.7390625 0.3875 0.0875 0.071875
3 0.63359375 0.159375 0.13125 0.1125
3 0.76015625 0.1078125 0.06875 0.0734375
0 0.759375 0.928125 0.0703125 0.0359375
3 0.8203125 0.1546875 0.0625 0.046875
0 0.75 0.2875 0.10625 0.040625
0 0.73359375 0.33125 0.0828125 0.03125
3 0.134375 0.72578125 0.26875 0.3171875
4 0.63671875 0.04140625 0.159375 0.05625
1 0.8015625 0.6375 0.053125 0.04375
3 0.6953125 0.0828125 0.084375 0.046875
0 0.8578125 0.0859375 0.0765625 0.053125
1 0.44921875 0.45234375 0.2484375 0.1234375
0 0.76640625 0.178125 0.084375 0.025
4 0.1828125 0.22890625 0.2453125 0.046875
4 0.146875 0.0578125 0.175 0.0578125
4 0.46875 0.025 0.1234375 0.05
4 0.71953125 0.125 0.0375 0.01875
3 0.7953125 0.21015625 0.090625 0.04375
3 0.8765625 0.0796875 0.0375 0.0125
3 0.68828125 0.4921875 0.1390625 0.1