3 0.87890625 0.46796875 0.19765625 0.1671875
3 0.37890625 0.2765625 0.0765625 0.11796875
5 0.6296875 0.346875 0.16484375 0.2046875
3 0.18671875 0.53671875 0.14375 0.1421875
0 0.540625 0.52734375 0.059375 0.178125
1 0.721875 0.9171875 0.403125 0.1546875
5 0.49921875 0.27890625 0.0984375 0.16171875
3 0.23046875 0.69765625 0.2140625 0.2640625
0 0.2546875 0.37734375 0.0515625 0.128125
0 0.37890625 0.4046875 0.053125 0.13359375
3 0.184375 0.29375 0.0703125 0.0765625
3 0.31015625 0.30859375 0.07734375 0.08984375
3 0.128125 0.33046875 0.07578125 0.08203125
4 0.03828125 0.5109375 0.0640625 0.11171875
0 0.8734375 0.79453125 0.065625 0.20078125
0 0.309375 0.434375 0.040625 0.13828125
0 0.1375 0.38515625 0.04765625 0.11875
4 0.0796875 0.87109375 0.06875 0.1296875
4 0.32109375 0.84609375 0.0875 0.15859375
4 0.06171875 0.328125 0.03671875 0.0765625
3 0.2640625 0.26640625 0.0640625 0.0640625
5 0.96875 0.23984375 0.06171875 0.17421875
4 0.08203125 0.76328125 0.0453125 0.071875
0 0.1390625 0.19140625 0.0328125 0.05859375
0 0.2875 0.33828125 0.0328125 0.0890625
3 0.31875 0.225 0.04140625 0.0625
3 0.228125 0.2296875 0.03671875 0.065625
0 0.1828125 0.2078125 0.03203125 0.07578125
0 0.2140625 0.18359375 0.0109375 0.04921875
3 0.23125 0.17734375 0.028125 0.0375
0 0.4515625 0.15390625 0.03828125 0.06875
5 0.20625 0.09453125 0.0484375 0.06328125
5 0.11953125 0.07109375 0.03984375 0.04921875
3 0.08671875 0.18671875 0.025 0.05234375
0 0.1046875 0.16796875 0.02421875 0.0640625
1 0.79375 0.228125 0.04921875 0.06796875