3 0.63515625 0.66015625 0.1421875 0.1390625
5 0.73046875 0.37734375 0.1265625 0.075
3 0.6578125 0.4421875 0.134375 0.09375
3 0.4171875 0.1703125 0.1875 0.15625
1 0.4625 0.3921875 0.24375 0.1453125
0 0.765625 0.31171875 0.075 0.034375
3 0.5046875 0.76640625 0.190625 0.209375
3 0.27421875 0.228125 0.2796875 0.20625
4 0.603125 0.11171875 0.1640625 0.071875
5 0.78359375 0.18515625 0.1265625 0.0796875
3 0.77578125 0.70234375 0.059375 0.0625
4 0.6484375 0.03203125 0.1234375 0.053125
0 0.61328125 0.2265625 0.175 0.0375
0 0.65625 0.2578125 0.11875 0.025
3 0.70234375 0.27265625 0.0921875 0.071875
0 0.634375 0.3671875 0.103125 0.0375
5 0.72578125 0.50234375 0.1375 0.0984375
4 0.46640625 0.02421875 0.1046875 0.0484375
4 0.14140625 0.0484375 0.1484375 0.071875
4 0.05078125 0.4546875 0.1015625 0.059375
2 0.8640625 0.11640625 0.084375 0.0625
0 0.8078125 0.078125 0.0578125 0.015625
0 0.8 0.10546875 0.05625 0.01875
0 0.809375 0.12421875 0.0640625 0.0140625
0 0.73671875 0.32578125 0.09375 0.0171875
3 0.759375 0.8015625 0.06875 0.071875