3 0.5078125 0.60625 0.209375 0.190625
5 0.821875 0.35234375 0.234375 0.128125
3 0.325 0.234375 0.203125 0.190625
3 0.53359375 0.85390625 0.18125 0.1921875
3 0.44765625 0.18203125 0.1625 0.15
4 0.6640625 0.05078125 0.121875 0.0375
0 0.69140625 0.265625 0.109375 0.025
3 0.65 0.58671875 0.1015625 0.11875
4 0.209375 0.26171875 0.271875 0.06875
0 0.71953125 0.22421875 0.084375 0.0296875
1 0.84921875 0.09609375 0.059375 0.0375
0 0.40859375 0.5828125 0.221875 0.059375
4 0.53359375 0.04140625 0.1359375 0.05625
5 0.79453125 0.525 0.26875 0.20625
1 0.7796875 0.2046875 0.0875 0.0453125
5 0.903125 0.09921875 0.078125 0.040625
1 0.77109375 0.11328125 0.0875 0.0296875
1 0.78828125 0.6609375 0.0453125 0.0453125
0 0.72265625 0.2890625 0.090625 0.025
3 0.75625 0.25625 0.0609375 0.04375
5 0.771875 0.1625 0.1 0.05
1 0.80546875 0.1359375 0.053125 0.034375
3 0.83515625 0.20078125 0.028125 0.040625
5 0.8671875 0.146875 0.040625 0.03125
3 0.7828125 0.06953125 0.0625 0.0421875
3 0.71171875 0.05234375 0.0890625 0.078125
4 0.15625 0.07265625 0.15 0.053125
0 0.31875 0.5578125 0.2625 0.059375
0 0.46171875 0.415625 0.2078125 0.0546875
0 0.54609375 0.3515625 0.16875 0.0546875
3 0.65859375 0.36328125 0.109375 0.0875
0 0.68828125 0.42109375 0.121875 0.03125
3 0.75703125 0.81640625 0.053125 0.0640625
3 0.753125 0.8765625 0.040625 0.0578125
3 0.73203125 0.97109375 0.071875 0.0578125