0 0.75 0.39375 0.0890625 0.0359375
3 0.31796875 0.21640625 0.2671875 0.23125
3 0.8171875 0.10859375 0.05625 0.0484375
0 0.74921875 0.2625 0.08125 0.046875
4 0.12734375 0.23515625 0.2546875 0.078125
3 0.68359375 0.11484375 0.090625 0.0703125
0 0.125 0.9796875 0.25 0.0375
1 0.72734375 0.20546875 0.06875 0.071875
2 0.4109375 0.64921875 0.590625 0.496875
4 0.5875 0.1671875 0.08125 0.0359375
3 0.46640625 0.16953125 0.15625 0.153125
4 0.5515625 0.03359375 0.1859375 0.05625
4 0.1125 0.06171875 0.178125 0.0984375
4 0.54765625 0.0921875 0.18125 0.040625
1 0.81796875 0.2515625 0.0390625 0.065625
4 0.23515625 0.065625 0.1125 0.05
1 0.8265625 0.61796875 0.05 0.04375
3 0.809375 0.18671875 0.0625 0.0484375
1 0.7875 0.1453125 0.0875 0.04375
3 0.87421875 0.08671875 0.04375 0.034375