3 0.66953125 0.60625 0.1296875 0.1390625
3 0.52734375 0.940625 0.215625 0.11875
1 0.80078125 0.21796875 0.084375 0.0453125
3 0.4703125 0.165625 0.171875 0.15625
3 0.53671875 0.69921875 0.184375 0.1890625
3 0.309375 0.2203125 0.2765625 0.2203125
0 0.7828125 0.278125 0.08125 0.025
0 0.36796875 0.62578125 0.2609375 0.09375
0 0.34375 0.509375 0.2875 0.0921875
3 0.7921875 0.14453125 0.078125 0.071875
0 0.859375 0.128125 0.05625 0.0140625
4 0.675 0.03125 0.13125 0.0171875
1 0.8671875 0.08515625 0.05625 0.034375
0 0.7078125 0.265625 0.121875 0.03125
4 0.4953125 0.025 0.11875 0.05
4 0.584375 0.01875 0.046875 0.0375
4 0.7046875 0.0390625 0.0890625 0.015625
3 0.73359375 0.0421875 0.0875 0.071875
4 0.75546875 0.034375 0.00625 0.0015625
4 0.1671875 0.06328125 0.15 0.059375
4 0.2 0.2484375 0.2578125 0.05625
3 0.7875 0.0640625 0.0625 0.046875
3 0.83359375 0.03984375 0.040625 0.0375
3 0.87890625 0.12890625 0.0390625 0.028125
0 0.859375 0.14609375 0.04375 0.0125
0 0.89765625 0.06015625 0.040625 0.009375
5 0.91953125 0.09375 0.0375 0.025
5 0.9234375 0.0734375 0.034375 0.0171875
5 0.85234375 0.2625 0.1375 0.1015625
1 0.5703125 0.2625 0.190625 0.0703125
1 0.684375 0.3609375 0.146875 0.0640625
1 0.78671875 0.8859375 0.053125 0.059375