3 0.690625 0.11640625 0.284375 0.2328125
1 0.509375 0.5890625 0.209375 0.115625
5 0.246875 0.353125 0.3296875 0.275
1 0.41953125 0.8953125 0.1703125 0.1125
1 0.28515625 0.7015625 0.10625 0.0734375
1 0.87265625 0.4984375 0.2546875 0.228125
0 0.43125 0.48125 0.1421875 0.053125
3 0.5578125 0.828125 0.159375 0.1578125
3 0.7125 0.7671875 0.2703125 0.2
0 0.4484375 0.3015625 0.15625 0.075
5 0.12421875 0.80234375 0.109375 0.1140625
1 0.390625 0.64375 0.14375 0.090625
0 0.43359375 0.38125 0.153125 0.0625
0 0.3453125 0.759375 0.115625 0.040625
3 0.21171875 0.7046875 0.0484375 0.0625
4 0.353125 0.96328125 0.13125 0.0390625
1 0.21015625 0.83671875 0.09375 0.046875
4 0.82109375 0.74765625 0.2203125 0.059375
0 0.29140625 0.59765625 0.071875 0.059375
4 0.51171875 0.97578125 0.1390625 0.0484375
0 0.25234375 0.7625 0.078125 0.0375
0 0.21875 0.89140625 0.078125 0.03125
0 0.60390625 0.40078125 0.353125 0.08125
5 0.15234375 0.56171875 0.0828125 0.05
2 0.18203125 0.175 0.178125 0.0875
0 0.25390625 0.06640625 0.08125 0.040625
0 0.2015625 0.93125 0.0625 0.021875
3 0.1609375 0.9203125 0.040625 0.034375
3 0.19765625 0.7875 0.0640625 0.05
3 0.121875 0.92578125 0.03125 0.01875
3 0.1296875 0.8890625 0.034375 0.0234375
5 0.12109375 0.7328125 0.05 0.0234375
0 0.275 0.8734375 0.1 0.0234375
4 0.29921875 0.925 0.065625 0.028125
0 0.2328125 0.6640625 0.078125 0.0203125