4 0.80625 0.05078125 0.228125 0.0875
4 0.80703125 0.26328125 0.3265625 0.096875
0 0.5890625 0.46953125 0.2609375 0.0671875
0 0.3609375 0.3125 0.165625 0.053125
4 0.51484375 0.028125 0.1578125 0.05625
4 0.44140625 0.0296875 0.109375 0.059375
3 0.303125 0.05859375 0.146875 0.096875
4 0.33515625 0.0421875 0.125 0.03125
4 0.3140625 0.05234375 0.084375 0.0296875
3 0.56953125 0.1734375 0.203125 0.140625
3 0.703125 0.23984375 0.265625 0.184375
3 0.6296875 0.6984375 0.3359375 0.2203125
3 0.32265625 0.3671875 0.109375 0.090625
0 0.42421875 0.51796875 0.16875 0.0703125
0 0.54375 0.8078125 0.225 0.071875
5 0.1984375 0.51875 0.3125 0.2015625
5 0.353125 0.8828125 0.471875 0.234375
1 0.25390625 0.23671875 0.125 0.05625
1 0.2625 0.296875 0.11875 0.0625
3 0.20234375 0.0625 0.0671875 0.053125
3 0.19921875 0.20078125 0.0765625 0.034375
3 0.2 0.271875 0.06875 0.0375
3 0.1546875 0.17734375 0.0546875 0.0296875
1 0.18046875 0.1234375 0.071875 0.034375
0 0.14765625 0.09140625 0.053125 0.0203125
5 0.10390625 0.1234375 0.06875 0.04375
3 0.12734375 0.06640625 0.040625 0.028125
3 0.20390625 0.6703125 0.0703125 0.053125