3 0.18046875 0.54140625 0.14453125 0.1609375
3 0.2421875 0.70078125 0.20234375 0.271875
1 0.853125 0.2484375 0.09140625 0.05625
1 0.428125 0.2765625 0.05859375 0.09609375
0 0.446875 0.4375 0.04375 0.15859375
1 0.73671875 0.8453125 0.26796875 0.30703125
3 0.66953125 0.49375 0.16171875 0.19453125
4 0.053125 0.34765625 0.0359375 0.12265625
3 0.640625 0.35078125 0.134375 0.12890625
3 0.85703125 0.45 0.1828125 0.16796875
3 0.3234375 0.25859375 0.06328125 0.06796875
0 0.15078125 0.234375 0.01953125 0.0703125
0 0.33984375 0.2640625 0.01953125 0.0625
1 0.12578125 0.16875 0.028125 0.05234375
3 0.22109375 0.228125 0.0578125 0.06328125
1 0.14453125 0.30234375 0.05859375 0.1140625
0 0.1375 0.1953125 0.01484375 0.05234375
3 0.05859375 0.19453125 0.07578125 0.071875
5 0.33828125 0.40703125 0.1078125 0.2234375
3 0.21484375 0.1796875 0.0421875 0.03359375
0 0.5875 0.37421875 0.04453125 0.13125
0 0.3265625 0.165625 0.1140625 0.12265625
5 0.975 0.55390625 0.05 0.2828125
4 0.265625 0.7984375 0.05546875 0.2140625
4 0.07578125 0.821875 0.07890625 0.13984375
4 0.03671875 0.51875 0.06015625 0.11015625
3 0.0640625 0.28125 0.078125 0.08046875
4 0.06015625 0.3 0.0171875 0.05390625
0 0.15859375 0.184375 0.0125 0.0453125
3 0.15078125 0.1515625 0.02265625 0.0359375
5 0.11484375 0.1046875 0.04609375 0.06796875
3 0.4109375 0.37890625 0.05234375 0.1234375
0 0.6546875 0.3625 0.02734375 0.05703125