3 0.73515625 0.51796875 0.2390625 0.228125
3 0.215625 0.2109375 0.04609375 0.0546875
0 0.778125 0.71171875 0.09609375 0.29140625
3 0.228125 0.6546875 0.1828125 0.1734375
0 0.17734375 0.29453125 0.0203125 0.1078125
3 0.184375 0.54296875 0.1453125 0.1578125
1 0.115625 0.40390625 0.103125 0.15
3 0.140625 0.2296875 0.05625 0.06015625
3 0.190625 0.1578125 0.03046875 0.05546875
4 0.05234375 0.3578125 0.01796875 0.134375
4 0.26953125 0.74765625 0.09765625 0.1953125
5 0.4828125 0.21953125 0.19609375 0.2625
0 0.315625 0.4671875 0.06484375 0.1875
0 0.9125 0.24140625 0.0421875 0.06484375
3 0.25625 0.24609375 0.04921875 0.065625
0 0.42109375 0.4734375 0.06015625 0.15234375
0 0.27578125 0.2796875 0.0265625 0.07890625
5 0.140625 0.165625 0.0390625 0.06953125
1 0.62890625 0.95859375 0.2015625 0.0703125
1 0.309375 0.16953125 0.1 0.1546875
4 0.040625 0.50546875 0.06875 0.15078125
0 0.54140625 0.50703125 0.0515625 0.2015625
5 0.39765625 0.35859375 0.1140625 0.15546875
0 0.34375 0.2921875 0.02421875 0.09609375
0 0.215625 0.33046875 0.0328125 0.11796875
0 0.0890625 0.2078125 0.0140625 0.0578125
0 0.10390625 0.20234375 0.01640625 0.053125
0 0.17265625 0.16875 0.01171875 0.04765625
0 0.146875 0.18515625 0.01328125 0.03125
0 0.0921875 0.15234375 0.009375 0.03203125
0 0.1015625 0.16484375 0.0125 0.021875
3 0.06875 0.1796875 0.02890625 0.04296875
4 0.0359375 0.30078125 0.0140625 0.06640625
0 0.3140625 0.37578125 0.02734375 0.06953125