3 0.4234375 0.284375 0.07109375 0.09453125
3 0.375 0.34140625 0.09375 0.1015625
3 0.12578125 0.34375 0.0828125 0.10546875
3 0.24140625 0.6953125 0.190625 0.26875
3 0.29765625 0.203125 0.0515625 0.0765625
3 0.18125 0.54296875 0.14453125 0.16171875
3 0.20390625 0.1984375 0.025 0.04453125
2 0.15703125 0.196875 0.08359375 0.115625
3 0.29375 0.284375 0.01953125 0.07578125
0 0.31796875 0.28515625 0.025 0.06015625
0 0.3109375 0.3578125 0.03125 0.1265625
4 0.0390625 0.50703125 0.06875 0.13203125
3 0.91875 0.2390625 0.0796875 0.06875
0 0.2125 0.2953125 0.03046875 0.07265625
3 0.3640625 0.253125 0.053125 0.0546875
1 0.2078125 0.28125 0.05 0.12578125
1 0.25859375 0.29609375 0.0546875 0.1234375
0 0.25234375 0.2140625 0.01640625 0.065625
3 0.26015625 0.19375 0.0375 0.05859375
4 0.05625 0.3375 0.0421875 0.1046875
4 0.0734375 0.8375 0.06328125 0.14609375
4 0.08359375 0.49921875 0.04609375 0.21640625
0 0.2734375 0.3890625 0.0390625 0.13984375
3 0.07734375 0.16328125 0.03359375 0.04921875
0 0.109375 0.17578125 0.01328125 0.05859375
0 0.1390625 0.2421875 0.03125 0.0546875
2 0.7109375 0.63515625 0.575 0.7296875
0 0.2578125 0.30078125 0.01796875 0.059375
0 0.22421875 0.20390625 0.0109375 0.03671875
3 0.21640625 0.165625 0.02734375 0.01953125
0 0.10234375 0.1359375 0.0265625 0.0296875
0 0.24453125 0.1203125 0.02265625 0.03203125
5 0.5375 0.1703125 0.05390625 0.0921875
0 0.7875 0.23046875 0.01328125 0.021875
1 0.96015625 0.26171875 0.0796875 0.07578125
1 0.190625 0.90859375 0.0625 0.15546875
1 0.3625 0.94921875 0.06328125 0.1015625