2 0.38203125 0.2546875 0.7640625 0.509375
2 0.85625 0.3859375 0.11875 0.15625
0 0.85 0.91484375 0.0703125 0.0140625
3 0.88125 0.90703125 0.05625 0.03125
2 0.9515625 0.9 0.0375 0.0328125
2 0.9765625 0.95703125 0.0375 0.03125
5 0.81484375 0.82734375 0.109375 0.0625
5 0.91328125 0.68984375 0.0890625 0.078125
3 0.84765625 0.9703125 0.0734375 0.046875
3 0.8953125 0.95625 0.053125 0.0359375
1 0.75625 0.85703125 0.1015625 0.05625
1 0.83359375 0.87109375 0.071875 0.0234375
1 0.57734375 0.946875 0.1921875 0.10625
1 0.15625 0.62734375 0.1734375 0.21875
1 0.7875 0.1265625 0.0625 0.078125
3 0.70546875 0.56875 0.125 0.1
3 0.4546875 0.88671875 0.190625 0.128125
3 0.3109375 0.81484375 0.2609375 0.165625
3 0.75390625 0.7203125 0.0796875 0.08125
0 0.77421875 0.66640625 0.0921875 0.0265625
0 0.6890625 0.7296875 0.125 0.028125
0 0.79375 0.25625 0.0375 0.078125
3 0.740625 0.9578125 0.1 0.0828125
4 0.7453125 0.9078125 0.1 0.021875