0 0.35546875 0.7390625 0.125 0.0265625
3 0.30546875 0.7359375 0.08125 0.053125
1 0.40859375 0.89765625 0.1625 0.1015625
1 0.39453125 0.9 0.14375 0.1015625
1 0.37578125 0.5 0.15 0.08125
1 0.39609375 0.64765625 0.1421875 0.065625
1 0.23359375 0.74375 0.05625 0.0421875
1 0.23359375 0.203125 0.05625 0.0375
1 0.2640625 0.01875 0.08125 0.0375
3 0.26953125 0.9140625 0.096875 0.0703125
3 0.3015625 0.834375 0.0890625 0.065625
3 0.2328125 0.81953125 0.05 0.053125
3 0.1390625 0.9359375 0.05 0.0265625
0 0.4109375 0.55546875 0.15 0.0390625
0 0.4953125 0.6046875 0.184375 0.04375
0 0.40859375 0.31328125 0.178125 0.071875
0 0.54453125 0.19921875 0.234375 0.0828125
0 0.13828125 0.903125 0.0421875 0.009375
0 0.14921875 0.8703125 0.05 0.01875
4 0.49921875 0.975 0.146875 0.05
4 0.3453125 0.98359375 0.146875 0.0328125
0 0.3484375 0.68984375 0.1140625 0.021875
5 0.2546875 0.6515625 0.1234375 0.09375
5 0.165625 0.7234375 0.1109375 0.0875
5 0.0890625 0.80546875 0.08125 0.05
2 0.1015625 0.75703125 0.05 0.040625
2 0.17421875 0.45234375 0.0875 0.1140625
4 0.39140625 0.81796875 0.153125 0.040625
3 0.5609375 0.8296875 0.16875 0.15
3 0.69296875 0.775 0.240625 0.184375