3 0.70703125 0.49921875 0.1625 0.17421875
3 0.70625 0.36640625 0.15 0.1078125
2 0.3171875 0.1734375 0.11953125 0.13671875
3 0.21015625 0.31484375 0.0828125 0.09921875
3 0.521875 0.49375 0.16484375 0.18203125
0 0.8859375 0.56875 0.0828125 0.14765625
3 0.22890625 0.69375 0.215625 0.271875
3 0.125 0.33203125 0.0734375 0.09140625
4 0.296875 0.79609375 0.0671875 0.19765625
3 0.228125 0.19140625 0.04296875 0.046875
3 0.1859375 0.5421875 0.1515625 0.15
5 0.1421875 0.18125 0.075 0.11875
3 0.925 0.2515625 0.1046875 0.08515625
0 0.38046875 0.2984375 0.03671875 0.08359375
0 0.325 0.28671875 0.04296875 0.07421875
4 0.059375 0.4640625 0.0390625 0.18359375
3 0.3 0.25859375 0.06640625 0.0640625
4 0.30546875 0.5015625 0.04921875 0.1734375
4 0.0640625 0.8046875 0.071875 0.171875
4 0.075 0.88984375 0.0625 0.2203125
0 0.896875 0.49921875 0.09296875 0.11953125
3 0.98125 0.553125 0.0375 0.175
0 0.3265625 0.34765625 0.0390625 0.075
0 0.4171875 0.37734375 0.04609375 0.1203125
1 0.2140625 0.2265625 0.04921875 0.065625
3 0.4765625 0.34453125 0.08046875 0.1015625
0 0.5578125 0.33515625 0.0375 0.12890625
3 0.82734375 0.2328125 0.0578125 0.06171875
1 0.7671875 0.2296875 0.06015625 0.0578125
0 0.6265625 0.2046875 0.01796875 0.03984375
0 0.08515625 0.153125 0.015625 0.040625
3 0.078125 0.11953125 0.0265625 0.03828125
3 0.43515625 0.2671875 0.0625 0.06875
0 0.42578125 0.28125 0.02265625 0.075
3 0.0640625 0.22734375 0.03515625 0.07265625