0 0.33359375 0.328125 0.0421875 0.1
1 0.23515625 0.271875 0.05546875 0.10625
0 0.1609375 0.228125 0.02421875 0.08671875
4 0.08125 0.865625 0.0703125 0.12890625
0 0.3734375 0.29296875 0.02734375 0.1015625
3 0.23359375 0.690625 0.20234375 0.253125
3 0.184375 0.54296875 0.1375 0.15625
2 0.6640625 0.67734375 0.50078125 0.6296875
0 0.31484375 0.28125 0.02109375 0.0921875
0 0.34453125 0.2546875 0.0296875 0.0703125
0 0.1359375 0.39375 0.05 0.1375
3 0.12578125 0.32421875 0.06640625 0.0796875
4 0.0359375 0.5046875 0.071875 0.12578125
2 0.18359375 0.13671875 0.0796875 0.08828125
0 0.371875 0.2359375 0.03046875 0.05078125
4 0.18984375 0.778125 0.05859375 0.25
1 0.95 0.75078125 0.1 0.33046875
0 0.1125 0.1875 0.025 0.07109375
3 0.203125 0.21484375 0.04453125 0.05390625
5 0.8453125 0.17890625 0.23046875 0.1609375
0 0.41015625 0.34296875 0.025 0.1109375
3 0.26875 0.23515625 0.02109375 0.07421875
0 0.1296875 0.18203125 0.02109375 0.0671875
5 0.1796875 0.06953125 0.059375 0.06015625
4 0.059375 0.35546875 0.0421875 0.12890625
4 0.0703125 0.23671875 0.01640625 0.0515625
0 0.10859375 0.1359375 0.01328125 0.03125
3 0.12578125 0.1390625 0.01171875 0.0328125
0 0.2171875 0.17890625 0.0140625 0.046875
0 0.2828125 0.21796875 0.01328125 0.065625
1 0.50078125 0.17578125 0.021875 0.02890625
0 0.50625 0.18125 0.00703125 0.0328125
1 0.565625 0.18828125 0.0375 0.0515625
0 0.63671875 0.21015625 0.04453125 0.0390625