5 0.45390625 0.21171875 0.18671875 0.24375
3 0.8984375 0.5015625 0.20234375 0.21875
1 0.12109375 0.4078125 0.103125 0.1421875
1 0.27890625 0.3671875 0.09296875 0.140625
3 0.6125 0.36328125 0.12578125 0.11875
0 0.71640625 0.44921875 0.05859375 0.14453125
1 0.23515625 0.2359375 0.05390625 0.0859375
3 0.18515625 0.54453125 0.146875 0.1515625
0 0.19765625 0.27109375 0.03046875 0.08125
0 0.328125 0.3125 0.0328125 0.09140625
0 0.60625 0.49453125 0.0578125 0.09140625
2 0.95 0.20234375 0.08828125 0.22578125
3 0.24453125 0.7046875 0.1984375 0.2703125
3 0.55546875 0.42578125 0.14296875 0.11484375
0 0.7984375 0.765625 0.0953125 0.28359375
0 0.42578125 0.31015625 0.0390625 0.09375
0 0.39921875 0.4046875 0.05 0.15
1 0.59375 0.67421875 0.1359375 0.28359375
1 0.471875 0.834375 0.16328125 0.3203125
5 0.17421875 0.11171875 0.0984375 0.0875
4 0.0359375 0.50390625 0.06015625 0.121875
5 0.259375 0.96171875 0.2140625 0.07578125
1 0.66953125 0.20859375 0.04609375 0.06484375
4 0.05 0.35234375 0.0234375 0.134375
0 0.11171875 0.24140625 0.02265625 0.06796875
0 0.29375 0.2609375 0.0234375 0.059375
0 0.178125 0.225 0.0234375 0.07890625
3 0.2296875 0.18046875 0.0375 0.03984375
1 0.13671875 0.18828125 0.040625 0.071875