3 0.578125 0.20390625 0.190625 0.165625
3 0.7421875 0.26484375 0.29375 0.221875
2 0.715625 0.8265625 0.56875 0.346875
5 0.3140625 0.8953125 0.240625 0.209375
0 0.22890625 0.3328125 0.084375 0.040625
5 0.24453125 0.4078125 0.1984375 0.115625
3 0.34609375 0.1484375 0.109375 0.0703125
0 0.475 0.30859375 0.18125 0.0625
1 0.1921875 0.15546875 0.0875 0.040625
0 0.23125 0.22890625 0.06875 0.0234375
4 0.84140625 0.49296875 0.3171875 0.078125
4 0.85390625 0.62421875 0.2921875 0.08125
4 0.92578125 0.5703125 0.1484375 0.053125
4 0.8890625 0.08046875 0.221875 0.09375
4 0.49140625 0.05859375 0.215625 0.040625
4 0.478125 0.09765625 0.190625 0.03125
4 0.43203125 0.1203125 0.165625 0.0265625
4 0.425 0.2140625 0.1109375 0.0375
0 0.32578125 0.40078125 0.1375 0.040625
0 0.22421875 0.1625 0.09375 0.0234375
3 0.14921875 0.196875 0.04375 0.03125
3 0.13515625 0.13125 0.04375 0.03125
3 0.159375 0.215625 0.0375 0.04375
5 0.084375 0.26875 0.071875 0.053125
5 0.04296875 0.13359375 0.05 0.0328125
1 0.12421875 0.3625 0.034375 0.028125
0 0.2015625 0.72578125 0.0609375 0.021875
0 0.1875 0.66171875 0.0453125 0.028125
0 0.16796875 0.55078125 0.0359375 0.015625