1 0.28125 0.778125 0.1 0.0671875
1 0.421875 0.2953125 0.1484375 0.15625
3 0.7140625 0.77421875 0.284375 0.209375
3 0.56875 0.8328125 0.190625 0.1734375
2 0.42109375 0.534375 0.4453125 0.284375
3 0.34609375 0.90390625 0.1109375 0.09375
3 0.4859375 0.01953125 0.1109375 0.0390625
0 0.1875 0.78515625 0.0515625 0.028125
4 0.528125 0.97578125 0.1390625 0.0484375
3 0.57421875 0.0375 0.2625 0.075
1 0.17265625 0.83359375 0.053125 0.0328125
0 0.5796875 0.25859375 0.2265625 0.0625
0 0.75390625 0.040625 0.309375 0.08125
0 0.471875 0.76953125 0.16875 0.059375
0 0.8328125 0.45546875 0.334375 0.0703125
1 0.2234375 0.2515625 0.05625 0.05625
5 0.07890625 0.7984375 0.071875 0.046875
5 0.0484375 0.8859375 0.05625 0.0484375