5 0.18515625 0.5421875 0.196875 0.1921875
1 0.34921875 0.275 0.153125 0.115625
3 0.2484375 0.7015625 0.1 0.0875
1 0.3984375 0.4171875 0.18125 0.1171875
0 0.6515625 0.26875 0.278125 0.084375
3 0.228125 0.04453125 0.08125 0.0890625
1 0.290625 0.85234375 0.1578125 0.0765625
3 0.16796875 0.72109375 0.06875 0.065625
4 0.309375 0.97734375 0.128125 0.0453125
5 0.4921875 0.5671875 0.3 0.159375
3 0.16171875 0.9625 0.0828125 0.075
3 0.5375 0.83203125 0.209375 0.184375
3 0.54453125 0.3234375 0.2078125 0.190625
0 0.2375 0.8234375 0.09375 0.059375
4 0.47890625 0.98046875 0.153125 0.0390625
3 0.1375 0.80703125 0.065625 0.0546875
1 0.13671875 0.85390625 0.05625 0.046875
4 0.79921875 0.753125 0.228125 0.071875
4 0.396875 0.9765625 0.1109375 0.046875
0 0.1734375 0.85546875 0.059375 0.0359375
0 0.16796875 0.8171875 0.053125 0.0375
3 0.76796875 0.02265625 0.35 0.0453125
4 0.865625 0.96171875 0.26875 0.0703125
1 0.165625 0.26328125 0.0796875 0.05
0 0.109375 0.91171875 0.0546875 0.01875
5 0.06015625 0.8828125 0.09375 0.0671875
3 0.69453125 0.76953125 0.29375 0.203125