3 0.60234375 0.4875 0.18828125 0.20703125
5 0.35078125 0.1765625 0.1265625 0.23203125
3 0.23359375 0.66875 0.18828125 0.2
3 0.846875 0.4625 0.190625 0.1796875
3 0.18203125 0.54765625 0.14921875 0.16171875
4 0.05234375 0.3328125 0.0375 0.12109375
0 0.26484375 0.30625 0.02421875 0.10703125
3 0.5828125 0.34765625 0.11875 0.1
4 0.2609375 0.7828125 0.06796875 0.26796875
0 0.2234375 0.278125 0.0296875 0.084375
1 0.09765625 0.15 0.0375 0.059375
0 0.57890625 0.5859375 0.059375 0.21953125
4 0.04296875 0.4625 0.05703125 0.134375
5 0.52109375 0.20390625 0.20390625 0.26640625
1 0.2046875 0.21953125 0.04453125 0.0875
5 0.10078125 0.09609375 0.040625 0.07734375
1 0.1140625 0.22734375 0.0296875 0.0859375
1 0.65625 0.21015625 0.04453125 0.0453125
0 0.28828125 0.275 0.025 0.090625
3 0.25546875 0.2421875 0.04296875 0.0609375
5 0.16328125 0.2265625 0.05 0.09765625
1 0.13671875 0.19296875 0.03359375 0.05234375
3 0.20078125 0.1640625 0.03984375 0.02890625
5 0.14765625 0.13203125 0.03203125 0.04140625
3 0.07109375 0.215625 0.0421875 0.0625
3 0.05390625 0.2859375 0.078125 0.0875
4 0.07421875 0.83515625 0.05234375 0.14921875
0 0.55390625 0.67421875 0.06015625 0.25859375
0 0.41328125 0.53359375 0.05390625 0.20546875
0 0.35 0.45 0.05390625 0.16640625
3 0.36171875 0.33828125 0.08515625 0.1078125
0 0.41875 0.309375 0.03203125 0.11953125
3 0.81015625 0.240625 0.06328125 0.05234375
3 0.86953125 0.24453125 0.05703125 0.040625
3 0.9671875 0.26640625 0.065625 0.07109375