5 0.41015625 0.19140625 0.13515625 0.1875
4 0.034375 0.5046875 0.05703125 0.140625
4 0.05546875 0.36328125 0.021875 0.140625
4 0.121875 0.39765625 0.08359375 0.11953125
0 0.18125 0.3 0.02109375 0.0875
0 0.15 0.2625 0.01953125 0.0703125
0 0.2296875 0.253125 0.02109375 0.0640625
3 0.225 0.221875 0.04453125 0.0515625
3 0.20078125 0.1828125 0.03046875 0.04375
5 0.2765625 0.16640625 0.0828125 0.13828125
3 0.90546875 0.5390625 0.1765625 0.2453125
0 0.5578125 0.52578125 0.0484375 0.19765625
3 0.5765625 0.4171875 0.14765625 0.1546875
3 0.2546875 0.703125 0.17265625 0.225
3 0.17265625 0.55703125 0.14296875 0.17109375
0 0.27109375 0.4296875 0.0359375 0.125
0 0.34375 0.41171875 0.0359375 0.12265625
3 0.346875 0.33203125 0.078125 0.115625
3 0.07265625 0.2859375 0.0609375 0.06015625
3 0.13125 0.21796875 0.0609375 0.04765625
3 0.9453125 0.27890625 0.07734375 0.08125
0 0.7328125 0.734375 0.090625 0.27421875
0 0.44921875 0.415625 0.03984375 0.15859375
0 0.2453125 0.36796875 0.03828125 0.1
1 0.58515625 0.91640625 0.27421875 0.14453125
4 0.25625 0.8484375 0.0375 0.29296875