3 0.9015625 0.50078125 0.1921875 0.19921875
1 0.1625 0.3109375 0.06796875 0.11015625
3 0.43828125 0.28046875 0.06796875 0.08828125
5 0.6828125 0.203125 0.0984375 0.10625
2 0.90859375 0.2328125 0.1765625 0.16328125
3 0.3671875 0.2796875 0.06953125 0.1109375
3 0.16484375 0.2140625 0.05234375 0.05390625
1 0.3015625 0.29765625 0.053125 0.09375
3 0.1859375 0.54453125 0.15390625 0.159375
2 0.475 0.1625 0.0875 0.0765625
0 0.23828125 0.2265625 0.03359375 0.0640625
0 0.440625 0.41796875 0.05625 0.13828125
0 0.3390625 0.43671875 0.0578125 0.1515625
4 0.0390625 0.51953125 0.059375 0.09609375
3 0.1625 0.15390625 0.0390625 0.0390625
0 0.62734375 0.64765625 0.0875 0.24609375
3 0.18828125 0.1765625 0.04375 0.04296875
3 0.225 0.69921875 0.20625 0.265625
4 0.04765625 0.34921875 0.03203125 0.1125
4 0.03984375 0.84921875 0.078125 0.16640625
4 0.2609375 0.7890625 0.0671875 0.22890625
1 0.60234375 0.20234375 0.0578125 0.04296875
2 0.1859375 0.0796875 0.03828125 0.06171875
3 0.09765625 0.1421875 0.02421875 0.034375
5 0.128125 0.06875 0.034375 0.05546875
5 0.353125 0.1375 0.053125 0.06015625
0 0.7625 0.228125 0.0265625 0.0375
2 0.0734375 0.09375 0.01640625 0.05546875
4 0.05546875 0.28359375 0.0171875 0.03359375