1 0.28125 0.3265625 0.1109375 0.0890625
3 0.7171875 0.21484375 0.28125 0.2390625
4 0.371875 0.0515625 0.134375 0.034375
3 0.3375 0.10703125 0.103125 0.08125
3 0.21171875 0.19765625 0.0703125 0.0625
3 0.33515625 0.5375 0.125 0.115625
3 0.553125 0.16484375 0.1640625 0.153125
0 0.31328125 0.203125 0.109375 0.0484375
0 0.2 0.14375 0.090625 0.034375
4 0.5125 0.02578125 0.13125 0.0515625
0 0.32890625 0.28671875 0.10625 0.0515625
4 0.903125 0.54296875 0.19375 0.0953125
0 0.1796875 0.15078125 0.08125 0.046875
2 0.7265625 0.9015625 0.546875 0.196875
3 0.23828125 0.8375 0.09375 0.096875
0 0.1515625 0.1078125 0.0515625 0.021875
0 0.16484375 0.47578125 0.0609375 0.021875