3 0.48984375 0.090625 0.2328125 0.18125
3 0.7046875 0.66953125 0.09375 0.08125
3 0.3046875 0.765625 0.271875 0.1984375
3 0.459375 0.82578125 0.159375 0.14375
3 0.5453125 0.37578125 0.159375 0.159375
0 0.71953125 0.79296875 0.090625 0.0390625
3 0.603125 0.5234375 0.1375 0.1125
3 0.5875 0.7078125 0.14375 0.1265625
0 0.7875 0.8171875 0.075 0.0390625
5 0.7703125 0.73359375 0.090625 0.075
1 0.77421875 0.87421875 0.05625 0.040625
5 0.78125 0.6109375 0.109375 0.096875
5 0.8671875 0.7578125 0.096875 0.0734375
3 0.09375 0.04375 0.1875 0.0875
4 0.58671875 0.95625 0.175 0.0171875
4 0.66796875 0.94765625 0.0875 0.0359375
0 0.58671875 0.5890625 0.165625 0.046875
3 0.71328125 0.58828125 0.09375 0.06875
5 0.6328125 0.2671875 0.225 0.1609375
1 0.81015625 0.87421875 0.034375 0.0375
0 0.07109375 0.27734375 0.1421875 0.090625
4 0.06015625 0.53359375 0.1203125 0.0765625
0 0.34921875 0.421875 0.2609375 0.059375
0 0.375 0.35390625 0.26875 0.05
0 0.471875 0.46015625 0.184375 0.06875
5 0.7296875 0.49296875 0.14375 0.1
1 0.61015625 0.875 0.15 0.0375
3 0.66953125 0.878125 0.10625 0.084375
4 0.478125 0.96796875 0.121875 0.0640625
4 0.25546875 0.98828125 0.2375 0.0234375
4 0.1484375 0.934375 0.1125 0.0609375
4 0.2234375 0.9234375 0.0984375 0.04375