3 0.66328125 0.61328125 0.18125 0.221875
3 0.23203125 0.64140625 0.1625 0.1546875
3 0.134375 0.34453125 0.1015625 0.11796875
3 0.4375 0.4453125 0.1359375 0.159375
3 0.17890625 0.540625 0.140625 0.16015625
3 0.3390625 0.3015625 0.0828125 0.09296875
0 0.29140625 0.38125 0.053125 0.13359375
5 0.734375 0.321875 0.32734375 0.29375
1 0.1296875 0.21015625 0.04140625 0.065625
0 0.5390625 0.67265625 0.0796875 0.26796875
3 0.159375 0.153125 0.0359375 0.04296875
3 0.23046875 0.20234375 0.04296875 0.05546875
5 0.40703125 0.14609375 0.04140625 0.05390625
0 0.17109375 0.1890625 0.0234375 0.0484375
1 0.1359375 0.1625 0.0328125 0.0359375
3 0.27109375 0.23984375 0.05703125 0.06953125
1 0.08125 0.1484375 0.02578125 0.046875
3 0.95625 0.53359375 0.0875 0.2640625
0 0.18359375 0.21796875 0.02421875 0.05546875
5 0.88671875 0.2171875 0.1890625 0.165625
5 0.27890625 0.11015625 0.06484375 0.05546875
5 0.1796875 0.096875 0.034375 0.03984375
0 0.42734375 0.31875 0.03515625 0.07890625
0 0.671875 0.43828125 0.0578125 0.13046875
4 0.23515625 0.453125 0.02578125 0.071875
4 0.03671875 0.5140625 0.05625 0.10703125
4 0.04765625 0.3609375 0.015625 0.12734375
4 0.0671875 0.3828125 0.01953125 0.11328125
4 0.07890625 0.8296875 0.046875 0.14140625
4 0.2609375 0.8125 0.05234375 0.2125
3 0.059375 0.28046875 0.0671875 0.05546875
3 0.05390625 0.2046875 0.03984375 0.05859375
1 0.1078125 0.17734375 0.02265625 0.04609375
3 0.12890625 0.12890625 0.01640625 0.028125
3 0.10859375 0.13828125 0.02265625 0.03046875
3 0.2875 0.20546875 0.04765625 0.0546875
3 0.3453125 0.225 0.04921875 0.06875