3 0.5203125 0.1671875 0.2375 0.228125
3 0.7015625 0.75390625 0.265625 0.1984375
3 0.5484375 0.81640625 0.1671875 0.14375
3 0.41640625 0.80625 0.11875 0.1125
0 0.33359375 0.50859375 0.1109375 0.0390625
1 0.2015625 0.89375 0.0734375 0.0515625
3 0.27421875 0.7046875 0.103125 0.0828125
5 0.2609375 0.5359375 0.1375 0.128125
5 0.47578125 0.378125 0.3625 0.20625
5 0.209375 0.56875 0.228125 0.2015625
0 0.63984375 0.51875 0.265625 0.071875
0 0.7546875 0.3015625 0.284375 0.1
3 0.3328125 0.8640625 0.103125 0.0984375
0 0.23984375 0.796875 0.078125 0.0359375
3 0.2984375 0.925 0.08125 0.0578125
3 0.25859375 0.0578125 0.103125 0.115625
4 0.82421875 0.91953125 0.1625 0.071875
4 0.96484375 0.74921875 0.0703125 0.053125
4 0.47578125 0.94765625 0.178125 0.0375
0 0.296875 0.7515625 0.103125 0.028125
5 0.18515625 0.73984375 0.078125 0.071875
0 0.17421875 0.8390625 0.05625 0.0140625
3 0.12734375 0.89609375 0.05625 0.071875
3 0.2296875 0.1625 0.0640625 0.059375