1 0.19921875 0.1421875 0.0515625 0.03125
3 0.71171875 0.22578125 0.290625 0.196875
3 0.5796875 0.17890625 0.2265625 0.171875
3 0.3421875 0.109375 0.10625 0.084375
0 0.36015625 0.62265625 0.11875 0.046875
0 0.38671875 0.48125 0.140625 0.053125
2 0.590625 0.8203125 0.5265625 0.359375
3 0.25078125 0.28203125 0.0890625 0.05625
3 0.1734375 0.1984375 0.046875 0.046875
3 0.1453125 0.0875 0.046875 0.0375
4 0.35 0.040625 0.153125 0.059375
1 0.2875 0.36640625 0.11875 0.0546875
3 0.21640625 0.08984375 0.0625 0.0625
3 0.25 0.17578125 0.0890625 0.053125
3 0.15625 0.1265625 0.028125 0.0359375
4 0.81328125 0.05703125 0.2015625 0.1125
4 0.50078125 0.02734375 0.1796875 0.0546875
0 0.33515625 0.184375 0.14375 0.0375
0 0.1515625 0.15234375 0.0484375 0.015625
0 0.359375 0.5546875 0.146875 0.0421875
5 0.15546875 0.86484375 0.296875 0.2671875