1 0.3546875 0.33125 0.0640625 0.11171875
0 0.3765625 0.50390625 0.059375 0.18125
0 0.54453125 0.521875 0.06953125 0.18515625
3 0.23359375 0.67109375 0.19921875 0.21484375
3 0.4578125 0.33046875 0.09921875 0.13984375
3 0.17890625 0.54921875 0.15078125 0.1734375
0 0.27421875 0.25 0.0375 0.07734375
1 0.17421875 0.328125 0.08203125 0.12734375
3 0.54765625 0.32578125 0.07890625 0.11484375
2 0.8453125 0.2203125 0.17265625 0.1375
2 0.43515625 0.15546875 0.07734375 0.08046875
3 0.1890625 0.2296875 0.05078125 0.05390625
3 0.22265625 0.1984375 0.04921875 0.053125
4 0.04765625 0.34609375 0.02421875 0.12578125
0 0.94296875 0.88203125 0.10703125 0.23203125
0 0.71796875 0.221875 0.01640625 0.04609375
5 0.5921875 0.1796875 0.0828125 0.09296875
3 0.17734375 0.16484375 0.03359375 0.04921875
2 0.1765625 0.0875 0.03125 0.0625
4 0.0640625 0.86953125 0.0671875 0.23515625
4 0.25703125 0.80234375 0.04453125 0.2359375
4 0.0375 0.52578125 0.059375 0.11328125
4 0.059375 0.3078125 0.0171875 0.0796875
4 0.02421875 0.3125 0.02578125 0.03046875
3 0.10859375 0.15078125 0.03046875 0.03828125