3 0.525 0.525 0.15625 0.209375
3 0.13828125 0.8 0.2765625 0.4
3 0.5921875 0.325 0.0875 0.1015625
2 0.87578125 0.1984375 0.078125 0.1390625
3 0.7734375 0.68984375 0.2125 0.2828125
4 0.76796875 0.88671875 0.078125 0.225
3 0.29375 0.39140625 0.115625 0.13125
3 0.82265625 0.56953125 0.1640625 0.20625
1 0.71640625 0.44296875 0.090625 0.18125
3 0.696875 0.3265625 0.0828125 0.078125
4 0.94453125 0.86875 0.0765625 0.2625
0 0.34921875 0.85546875 0.1046875 0.2890625
3 0.87890625 0.33671875 0.071875 0.1078125
4 0.87109375 0.47109375 0.1125 0.165625
3 0.5 0.3453125 0.10625 0.078125
5 0.7640625 0.2015625 0.11875 0.19375
5 0.525 0.21796875 0.159375 0.18125
0 0.39921875 0.45 0.053125 0.159375
0 0.43671875 0.35390625 0.028125 0.140625
1 0.21328125 0.46953125 0.1203125 0.2
0 0.23125 0.52265625 0.05625 0.171875
0 0.7578125 0.29140625 0.0296875 0.0953125
1 0.06640625 0.27265625 0.0875 0.090625
3 0.16953125 0.24140625 0.065625 0.090625
1 0.2328125 0.23515625 0.053125 0.0859375
2 0.68984375 0.12421875 0.046875 0.0671875
2 0.8890625 0.109375 0.06875 0.0578125
2 0.8421875 0.11484375 0.0328125 0.075
3 0.70078125 0.23828125 0.04375 0.090625
0 0.66640625 0.253125 0.028125 0.0796875
3 0.08046875 0.5671875 0.1609375 0.15625
3 0.94453125 0.2203125 0.05 0.0703125