0 0.26015625 0.80234375 0.090625 0.021875
3 0.43984375 0.265625 0.1921875 0.15625
3 0.7265625 0.134375 0.296875 0.26875
3 0.403125 0.703125 0.13125 0.109375
0 0.5140625 0.68203125 0.1953125 0.071875
3 0.75390625 0.8234375 0.28125 0.2203125
3 0.2953125 0.721875 0.08125 0.115625
3 0.59140625 0.88359375 0.18125 0.159375
3 0.54296875 0.4765625 0.228125 0.190625
1 0.18125 0.95546875 0.121875 0.0890625
1 0.246875 0.17265625 0.06875 0.08125
5 0.17265625 0.8453125 0.15625 0.1125
3 0.909375 0.040625 0.18125 0.08125
3 0.36484375 0.940625 0.109375 0.065625
4 0.44921875 0.88984375 0.109375 0.0671875
3 0.46640625 0.421875 0.209375 0.15
4 0.89453125 0.98125 0.2109375 0.0375
5 0.175 0.6828125 0.165625 0.1328125
3 0.2828125 0.84765625 0.075 0.0703125
0 0.7125 0.35625 0.25 0.0984375
0 0.4875 0.1375 0.175 0.115625
0 0.21640625 0.79375 0.0734375 0.0453125
1 0.38828125 0.8203125 0.159375 0.084375
0 0.59375 0.60859375 0.2375 0.0765625
1 0.2875 0.00546875 0.109375 0.0109375
0 0.4828125 0.02421875 0.190625 0.0484375
4 0.9140625 0.825 0.171875 0.0875
4 0.546875 0.96171875 0.1828125 0.040625
4 0.46484375 0.9203125 0.0875 0.025
4 0.44609375 0.88125 0.121875 0.025
4 0.36875 0.990625 0.040625 0.01875
4 0.51796875 0.984375 0.159375 0.01875
0 0.25 0.88984375 0.0859375 0.01875