5 0.7796875 0.425 0.3546875 0.48125
5 0.0625 0.0765625 0.0453125 0.090625
4 0.0125 0.37421875 0.025 0.153125
1 0.08359375 0.4140625 0.1078125 0.15625
3 0.0328125 0.28828125 0.065625 0.084375
0 0.084375 0.23125 0.021875 0.08125
5 0.0796875 0.1796875 0.034375 0.0625
3 0.1265625 0.22265625 0.0578125 0.075
5 0.14921875 0.1078125 0.0578125 0.08125
2 0.6265625 0.175 0.109375 0.1125
0 0.46875 0.58046875 0.059375 0.221875
3 0.29375 0.40078125 0.10625 0.1640625
0 0.3015625 0.29609375 0.025 0.071875
0 0.12890625 0.28203125 0.025 0.09375
0 0.57421875 0.396875 0.040625 0.15
0 0.8828125 0.76171875 0.084375 0.2796875
0 0.87734375 0.95546875 0.140625 0.0890625
3 0.190625 0.19921875 0.040625 0.08125
0 0.2921875 0.2328125 0.01875 0.0421875
4 0.11796875 0.8453125 0.09375 0.309375
4 0.26953125 0.87265625 0.0484375 0.2546875
4 0.00859375 0.5484375 0.0171875 0.159375
3 0.20703125 0.715625 0.1890625 0.221875
3 0.15703125 0.54921875 0.15625 0.115625
1 0.39609375 0.871875 0.215625 0.25625