1 0.3234375 0.4515625 0.1625 0.2578125
0 0.73203125 0.31484375 0.040625 0.09375
3 0.8203125 0.55390625 0.15625 0.1765625
3 0.95 0.28125 0.071875 0.084375
5 0.88515625 0.09453125 0.0484375 0.090625
0 0.8375 0.2109375 0.0203125 0.0796875
2 0.3546875 0.18359375 0.146875 0.1078125
3 0.54453125 0.28046875 0.084375 0.0921875
1 0.88515625 0.41875 0.10625 0.171875
3 0.7859375 0.71640625 0.1921875 0.284375
3 0.0375 0.26015625 0.075 0.0890625
3 0.63984375 0.3140625 0.08125 0.075
3 0.8015625 0.184375 0.0375 0.05625
3 0.7421875 0.19453125 0.0390625 0.046875
3 0.6921875 0.259375 0.05625 0.065625
1 0.6359375 0.225 0.05 0.0390625
4 0.9671875 0.5109375 0.065625 0.153125
0 0.54296875 0.51640625 0.053125 0.2125
3 0.7765625 0.2421875 0.065625 0.0875
0 0.88828125 0.2125 0.01875 0.075
0 0.69296875 0.43046875 0.053125 0.159375
3 0.225 0.4015625 0.0984375 0.165625
0 0.2359375 0.7671875 0.096875 0.353125
0 0.5015625 0.43984375 0.046875 0.178125
0 0.76796875 0.1875 0.009375 0.021875
1 0.85703125 0.17109375 0.028125 0.046875
0 0.86484375 0.25 0.01875 0.084375
0 0.8515625 0.19921875 0.0125 0.065625
3 0.9109375 0.184375 0.03125 0.0765625
1 0.925 0.1328125 0.0234375 0.03125
4 0.96328125 0.3421875 0.021875 0.1140625
4 0.97421875 0.2953125 0.0125 0.053125
4 0.96875 0.44375 0.0546875 0.0765625
4 0.73125 0.82421875 0.0421875 0.2375
0 0.24765625 0.2140625 0.021875 0.053125
0 0.46328125 0.18046875 0.009375 0.04375
5 0.53125 0.1421875 0.0875 0.08125
4 0.909375 0.2765625 0.01875 0.08125