3 0.51796875 0.4203125 0.2203125 0.2
5 0.84765625 0.68671875 0.246875 0.134375
3 0.3265625 0.8109375 0.2125 0.2
3 0.54453125 0.1609375 0.190625 0.203125
3 0.4546875 0.865625 0.171875 0.159375
4 0.68359375 0.9921875 0.1265625 0.015625
0 0.71015625 0.778125 0.1140625 0.025
3 0.6671875 0.440625 0.10625 0.125
4 0.2046875 0.78203125 0.284375 0.0734375
0 0.73984375 0.821875 0.090625 0.03125
1 0.87578125 0.95546875 0.0625 0.040625
0 0.4140625 0.4453125 0.2328125 0.0625
4 0.5453125 0.99140625 0.14375 0.0171875
5 0.81875 0.50625 0.2828125 0.2171875
1 0.803125 0.8421875 0.09375 0.046875
5 0.9328125 0.95234375 0.08125 0.04375
1 0.79453125 0.93828125 0.090625 0.03125
1 0.8125 0.36328125 0.046875 0.046875
0 0.74375 0.75390625 0.096875 0.0265625
3 0.77890625 0.7875 0.0640625 0.046875
5 0.79453125 0.8859375 0.103125 0.053125
1 0.83046875 0.9140625 0.05625 0.0359375
3 0.8609375 0.84609375 0.03125 0.0421875
5 0.8953125 0.90234375 0.04375 0.034375
3 0.8078125 0.98125 0.065625 0.0375
3 0.73359375 0.98046875 0.0921875 0.0390625
4 0.15078125 0.9765625 0.1578125 0.046875
0 0.31953125 0.47109375 0.275 0.0625
0 0.46953125 0.62109375 0.21875 0.05625
0 0.5578125 0.68828125 0.1765625 0.0578125
3 0.67578125 0.675 0.1140625 0.090625
0 0.70703125 0.61484375 0.1265625 0.034375
3 0.7796875 0.2 0.05625 0.0671875
3 0.77578125 0.13671875 0.04375 0.059375
3 0.753125 0.034375 0.075 0.06875