1 0.68125 0.4546875 0.13046875 0.1859375
3 0.47109375 0.58515625 0.18046875 0.20859375
2 0.28046875 0.2921875 0.17109375 0.25078125
3 0.18046875 0.54921875 0.146875 0.16875
3 0.23359375 0.63828125 0.19453125 0.1421875
1 0.11953125 0.40625 0.10625 0.14609375
0 0.1765625 0.2484375 0.03203125 0.08203125
2 0.76796875 0.21015625 0.17578125 0.125
0 0.13984375 0.15390625 0.01484375 0.05
3 0.94609375 0.784375 0.10703125 0.2265625
1 0.4078125 0.86171875 0.22421875 0.2765625
4 0.2609375 0.80625 0.07890625 0.36328125
4 0.1984375 0.42421875 0.03046875 0.08125
4 0.0421875 0.51484375 0.0609375 0.11875
4 0.0484375 0.35390625 0.02109375 0.12890625
3 0.0671875 0.28515625 0.0640625 0.08515625
0 0.1046875 0.21875 0.0171875 0.07109375
0 0.38828125 0.3234375 0.0390625 0.11484375
3 0.39921875 0.275 0.06171875 0.07109375
5 0.2203125 0.16015625 0.040625 0.0421875
0 0.09609375 0.16015625 0.0125 0.04453125
0 0.1671875 0.16015625 0.009375 0.0453125
3 0.9640625 0.27265625 0.07109375 0.0671875