1 0.49921875 0.37578125 0.1921875 0.115625
2 0.78828125 0.24296875 0.14375 0.18125
1 0.45546875 0.6359375 0.2375 0.1328125
3 0.42109375 0.8390625 0.196875 0.1703125
1 0.5609375 0.90703125 0.1875 0.1046875
3 0.27890625 0.7859375 0.278125 0.209375
3 0.71171875 0.921875 0.090625 0.0765625
0 0.44609375 0.17734375 0.203125 0.0765625
5 0.825 0.746875 0.065625 0.0453125
3 0.76015625 0.77734375 0.0578125 0.0578125
1 0.7796875 0.83828125 0.0796875 0.05
1 0.7703125 0.734375 0.053125 0.040625
3 0.63046875 0.625 0.128125 0.121875
3 0.73828125 0.6578125 0.078125 0.078125
3 0.4578125 0.053125 0.20625 0.10625
4 0.62578125 0.97265625 0.13125 0.0328125
3 0.76328125 0.68828125 0.053125 0.0484375
1 0.86484375 0.86796875 0.06875 0.0625
4 0.4921875 0.98203125 0.153125 0.0359375
3 0.83203125 0.9109375 0.040625 0.034375
1 0.12265625 0.59921875 0.24375 0.221875
2 0.8546875 0.64765625 0.0703125 0.084375
5 0.90703125 0.82734375 0.059375 0.0375