1 0.5421875 0.3125 0.19375 0.134375
3 0.40703125 0.53046875 0.2171875 0.1875
2 0.7109375 0.728125 0.259375 0.178125
3 0.44375 0.8328125 0.175 0.153125
3 0.3515625 0.77734375 0.146875 0.203125
1 0.5921875 0.89609375 0.153125 0.1109375
0 0.75625 0.8359375 0.084375 0.0328125
2 0.79609375 0.22265625 0.13125 0.1828125
0 0.8546875 0.87421875 0.0515625 0.015625
3 0.20078125 0.046875 0.2359375 0.09375
1 0.13203125 0.596875 0.2625 0.2328125
4 0.18359375 0.75 0.3671875 0.08125
4 0.5734375 0.81328125 0.084375 0.03125
4 0.48125 0.97265625 0.125 0.0546875
4 0.646875 0.96875 0.134375 0.021875
3 0.71796875 0.95 0.0875 0.065625
0 0.7875 0.9109375 0.075 0.0171875
0 0.678125 0.6171875 0.11875 0.040625
3 0.72890625 0.6046875 0.075 0.0640625
5 0.84765625 0.790625 0.04375 0.0421875
0 0.84765625 0.9203125 0.046875 0.0125
0 0.84765625 0.84609375 0.046875 0.009375
3 0.73203125 0.028125 0.06875 0.05625