1 0.27578125 0.30625 0.071875 0.12265625
3 0.18984375 0.52109375 0.140625 0.1046875
3 0.23125 0.696875 0.21875 0.27421875
3 0.44453125 0.27578125 0.07890625 0.08125
4 0.18125 0.41015625 0.03515625 0.08671875
5 0.63046875 0.26640625 0.2703125 0.25234375
5 0.34375 0.12890625 0.07265625 0.065625
4 0.2171875 0.8390625 0.065625 0.1546875
1 0.1296875 0.21484375 0.0421875 0.07421875
3 0.22265625 0.17890625 0.0390625 0.03515625
0 0.38125 0.27421875 0.034375 0.08515625
1 0.31875 0.25 0.053125 0.07578125
0 0.35546875 0.24375 0.028125 0.071875
4 0.07890625 0.87109375 0.08046875 0.11640625
2 0.85703125 0.7796875 0.2859375 0.440625
4 0.10859375 0.446875 0.0296875 0.12265625
0 0.20390625 0.25703125 0.02734375 0.07890625
5 0.1953125 0.9578125 0.29765625 0.08046875
0 0.34140625 0.4265625 0.0515625 0.15078125
0 0.16953125 0.246875 0.03046875 0.08515625
4 0.05234375 0.46875 0.0375 0.19453125
1 0.31171875 0.2046875 0.04296875 0.034375
4 0.11953125 0.67265625 0.05546875 0.20859375
3 0.25078125 0.23515625 0.05546875 0.059375
3 0.2625 0.1828125 0.034375 0.0265625
3 0.12890625 0.3296875 0.06953125 0.09296875
4 0.05234375 0.3203125 0.02421875 0.05390625
4 0.0875 0.465625 0.0375 0.1828125
4 0.078125 0.82890625 0.0578125 0.18203125
3 0.13359375 0.153125 0.0296875 0.0421875
1 0.98671875 0.26171875 0.02578125 0.06640625
1 0.921875 0.2765625 0.06015625 0.071875
5 0.7921875 0.228125 0.08984375 0.096875
2 0.43203125 0.14765625 0.08359375 0.08671875
2 0.50390625 0.14140625 0.0234375 0.034375
4 0.02109375 0.45625 0.02734375 0.2109375
4 0.08359375 0.33828125 0.015625 0.03671875
4 0.0859375 0.24140625 0.0125 0.03828125
4 0.096875 0.225 0.01328125 0.05703125
4 0.0703125 0.2296875 0.015625 0.0515625
0 0.1015625 0.18359375 0.01171875 0.04609375
0 0.11875 0.16171875 0.0109375 0.0140625
0 0.1515625 0.1984375 0.01171875 0.0578125
3 0.08046875 0.14921875 0.0234375 0.03671875
3 0.0984375 0.1671875 0.02890625 0.0484375
0 0.15234375 0.15 0.00703125 0.03203125
3 0.1671875 0.1453125 0.021875 0.028125
3 0.18984375 0.15234375 0.02265625 0.03828125
3 0.11953125 0.12109375 0.025 0.01875
5 0.09609375 0.0984375 0.04140625 0.0484375
2 0.18671875 0.0890625 0.040625 0.06015625
2 0.15078125 0.07734375 0.0296875 0.04453125
2 0.11953125 0.06484375 0.0328125 0.03828125