3 0.68359375 0.89921875 0.284375 0.2
3 0.53203125 0.17578125 0.15625 0.153125
3 0.45 0.628125 0.1609375 0.16875
3 0.5140625 0.4421875 0.2109375 0.196875
3 0.7 0.22734375 0.2859375 0.23125
2 0.2703125 0.5890625 0.184375 0.153125
3 0.26328125 0.47890625 0.096875 0.075
3 0.3125 0.11640625 0.09375 0.0875
5 0.40703125 0.9109375 0.36875 0.178125
3 0.3703125 0.6984375 0.1375 0.153125
5 0.1109375 0.2078125 0.090625 0.078125
5 0.14375 0.3265625 0.1140625 0.10625
0 0.353125 0.3875 0.109375 0.0390625
0 0.246875 0.2421875 0.109375 0.0484375
1 0.21328125 0.15625 0.090625 0.0578125
0 0.39609375 0.7359375 0.1 0.0796875
3 0.2078125 0.94296875 0.075 0.1125
4 0.49453125 0.028125 0.1265625 0.05625
4 0.309375 0.0515625 0.071875 0.034375
0 0.39921875 0.29296875 0.15 0.05
0 0.28828125 0.32421875 0.1140625 0.04375
0 0.809375 0.78359375 0.325 0.0921875
4 0.90859375 0.80078125 0.1828125 0.0703125
0 0.2890625 0.28359375 0.103125 0.034375
0 0.3609375 0.13125 0.1125 0.0515625
4 0.9828125 0.51796875 0.034375 0.109375
3 0.19765625 0.11484375 0.065625 0.05625
4 0.79453125 0.07890625 0.1015625 0.065625
4 0.90625 0.0078125 0.14375 0.015625
4 0.83671875 0.071875 0.18125 0.06875
1 0.265625 0.390625 0.140625 0.075
1 0.15703125 0.56953125 0.0609375 0.046875