2 0.39609375 0.81015625 0.26875 0.246875
3 0.653125 0.609375 0.24375 0.246875
3 0.759375 0.9015625 0.30625 0.196875
1 0.2734375 0.17734375 0.09375 0.0625
3 0.703125 0.225 0.275 0.225
3 0.5453125 0.175 0.1578125 0.146875
0 0.3453125 0.35078125 0.1125 0.04375
3 0.33828125 0.11796875 0.09375 0.08125
0 0.30078125 0.2625 0.103125 0.034375
3 0.33984375 0.625 0.096875 0.084375
0 0.31640625 0.31640625 0.1171875 0.03125
0 0.44609375 0.37421875 0.153125 0.0515625
0 0.41171875 0.59140625 0.1 0.05625
3 0.240625 0.1265625 0.0640625 0.0609375
4 0.5109375 0.03125 0.115625 0.059375
0 0.32109375 0.28984375 0.1296875 0.03125
1 0.34765625 0.51875 0.1578125 0.1234375
0 0.40234375 0.4796875 0.115625 0.0484375
4 0.78828125 0.08515625 0.0953125 0.053125
3 0.184375 0.2 0.0484375 0.03125
5 0.16875 0.2484375 0.109375 0.084375
4 0.33984375 0.05546875 0.0875 0.034375
4 0.9 0.009375 0.128125 0.01875
0 0.3765625 0.13359375 0.103125 0.046875
3 0.2875 0.37421875 0.0828125 0.059375
4 0.94375 0.496875 0.1125 0.0875
4 0.8765625 0.0640625 0.140625 0.0671875
5 0.2046875 0.37734375 0.159375 0.109375
0 0.65859375 0.42265625 0.275 0.084375
1 0.21953125 0.68359375 0.053125 0.05
3 0.2421875 0.765625 0.0421875 0.0703125
0 0.52109375 0.68125 0.146875 0.065625
1 0.17421875 0.475 0.040625 0.03125
0 0.1859375 0.50546875 0.053125 0.0234375
0 0.16328125 0.16875 0.046875 0.0125
1 0.16640625 0.1203125 0.05 0.0296875
0 0.1984375 0.0984375 0.053125 0.0140625
0 0.171875 0.07109375 0.053125 0.01875
3 0.23515625 0.06171875 0.06875 0.0265625
0 0.16875 0.08984375 0.0453125 0.009375
0 0.1453125 0.0984375 0.040625 0.0078125
0 0.20078125 0.1609375 0.028125 0.01875