2 0.13515625 0.83984375 0.171875 0.1390625
3 0.52734375 0.38671875 0.20625 0.19375
3 0.534375 0.59140625 0.240625 0.215625
3 0.38515625 0.28515625 0.140625 0.1703125
5 0.5234375 0.109375 0.4265625 0.2171875
3 0.68515625 0.8171875 0.278125 0.225
3 0.28515625 0.79453125 0.1015625 0.1078125
3 0.25703125 0.49140625 0.065625 0.078125
3 0.51953125 0.87265625 0.15 0.159375
0 0.3421875 0.82265625 0.115625 0.0484375
1 0.15625 0.42734375 0.0515625 0.0640625
0 0.26875 0.70625 0.084375 0.0375
0 0.32734375 0.675 0.14375 0.03125
1 0.21953125 0.6359375 0.05 0.053125
3 0.23359375 0.58828125 0.0828125 0.0625
0 0.4078125 0.73046875 0.140625 0.05625
3 0.31171875 0.51015625 0.071875 0.1109375
4 0.3703125 0.94765625 0.1609375 0.0296875
3 0.30625 0.93203125 0.1375 0.0734375
0 0.171875 0.95546875 0.0625 0.025
0 0.86796875 0.14609375 0.2640625 0.115625
3 0.2625 0.64140625 0.05 0.071875
4 0.3125 0.99609375 0.109375 0.0078125
3 0.2078125 0.72890625 0.0453125 0.0625
1 0.146875 0.96484375 0.05 0.05
5 0.18984375 0.2125 0.046875 0.021875
5 0.18828125 0.3265625 0.05 0.015625
3 0.36953125 0.60390625 0.1171875 0.11875
0 0.3828125 0.46640625 0.134375 0.0359375