3 0.246875 0.709375 0.22734375 0.2828125
4 0.26953125 0.77578125 0.109375 0.27109375
4 0.0671875 0.8140625 0.1 0.17734375
3 0.63828125 0.41953125 0.1375 0.21328125
5 0.41953125 0.328125 0.16875 0.3046875
5 0.34140625 0.17734375 0.134375 0.20546875
3 0.853125 0.5328125 0.27578125 0.2578125
3 0.1875 0.55625 0.17109375 0.2078125
4 0.0359375 0.51484375 0.071875 0.15703125
4 0.046875 0.45546875 0.05859375 0.11328125
4 0.05234375 0.35078125 0.028125 0.1046875
4 0.07578125 0.353125 0.04140625 0.14609375
3 0.06796875 0.2953125 0.08046875 0.09921875
3 0.14609375 0.21875 0.05859375 0.07578125
3 0.05625 0.20625 0.05546875 0.078125
3 0.10390625 0.16640625 0.03359375 0.06875
0 0.090625 0.1796875 0.02734375 0.0609375
0 0.1609375 0.25625 0.0328125 0.08515625
0 0.178125 0.23359375 0.01953125 0.1046875
0 0.2 0.2328125 0.0296875 0.09140625
0 0.22265625 0.2375 0.021875 0.08984375
0 0.24296875 0.25859375 0.0453125 0.08125
1 0.81640625 0.84140625 0.33828125 0.31640625
2 0.16171875 0.11875 0.08125 0.1078125
1 0.9109375 0.746875 0.178125 0.225
3 0.6875 0.20390625 0.05390625 0.0828125
1 0.96015625 0.26796875 0.0796875 0.0890625
3 0.4765625 0.15703125 0.040625 0.05
0 0.52265625 0.17890625 0.021875 0.0796875
0 0.72578125 0.2328125 0.03203125 0.0296875
0 0.59375 0.19296875 0.03203125 0.0390625
0 0.62578125 0.2015625 0.0234375 0.0296875
2 0.396875 0.1390625 0.02421875 0.06640625
3 0.0953125 0.10703125 0.02890625 0.0421875