3 0.17421875 0.90234375 0.0734375 0.0515625
3 0.6125 0.8171875 0.315625 0.315625
3 0.365625 0.1234375 0.128125 0.134375
3 0.67421875 0.17578125 0.296875 0.215625
3 0.51328125 0.11875 0.196875 0.1625
3 0.29140625 0.3203125 0.13125 0.1078125
0 0.62421875 0.60625 0.296875 0.0953125
1 0.21171875 0.9515625 0.09375 0.096875
0 0.18828125 0.265625 0.078125 0.03125
3 0.4484375 0.87578125 0.184375 0.228125
5 0.125 0.7359375 0.1484375 0.121875
0 0.26640625 0.38828125 0.115625 0.046875
3 0.2734375 0.05078125 0.103125 0.0828125
0 0.2265625 0.096875 0.103125 0.0421875
4 0.4265625 0.025 0.221875 0.0375
0 0.18828125 0.21015625 0.0921875 0.0375
0 0.0921875 0.06640625 0.053125 0.015625
5 0.0578125 0.13359375 0.103125 0.071875
4 0.4109375 0.19453125 0.209375 0.0328125
4 0.4 0.22734375 0.2125 0.028125
4 0.7609375 0.01328125 0.134375 0.0265625
4 0.84296875 0.021875 0.115625 0.04375
1 0.090625 0.0296875 0.059375 0.034375
3 0.0609375 0.046875 0.034375 0.0171875
3 0.0546875 0.00546875 0.0328125 0.009375
3 0.22578125 0.0140625 0.046875 0.028125