0 0.54453125 0.5390625 0.2171875 0.065625
4 0.3515625 0.0640625 0.1375 0.059375
4 0.5328125 0.625 0.178125 0.065625
4 0.8140625 0.25625 0.24375 0.06875
4 0.3515625 0.0640625 0.1375 0.059375
4 0.5328125 0.625 0.178125 0.065625
4 0.8140625 0.25625 0.24375 0.06875
4 0.46796875 0.034375 0.15625 0.06875
0 0.2859375 0.3375 0.075 0.028125
4 0.3515625 0.0640625 0.1375 0.059375
0 0.5328125 0.625 0.178125 0.065625
4 0.8140625 0.25625 0.24375 0.06875
4 0.48046875 0.03125 0.18125 0.0625
4 0.3515625 0.0640625 0.1375 0.059375
4 0.8140625 0.25625 0.24375 0.06875
0 0.50625 0.703125 0.171875 0.053125
4 0.3515625 0.0640625 0.1375 0.059375
4 0.8140625 0.25625 0.24375 0.06875
4 0.3515625 0.0640625 0.1375 0.059375
4 0.8140625 0.25625 0.24375 0.06875
4 0.3515625 0.0640625 0.1375 0.059375
4 0.8140625 0.25625 0.24375 0.06875
4 0.3515625 0.0640625 0.1375 0.059375
2 0.19296875 0.303125 0.128125 0.0671875
3 0.6859375 0.23203125 0.2890625 0.2125
3 0.27890625 0.24765625 0.0875 0.075
3 0.53203125 0.18828125 0.1546875 0.15625
3 0.38359375 0.309375 0.14375 0.10625
2 0.08984375 0.09921875 0.059375 0.0375
4 0.3515625 0.0640625 0.1375 0.059375
3 0.23125 0.81953125 0.053125 0.08125
4 0.8140625 0.25625 0.24375 0.06875
1 0.225 0.22109375 0.06875 0.04375
4 0.8890625 0.06796875 0.221875 0.0421875
0 0.603125 0.740625 0.2328125 0.05
0 0.3890625 0.43671875 0.15625 0.0390625
2 0.23828125 0.48828125 0.221875 0.190625
0 0.20078125 0.6890625 0.034375 0.0203125
2 0.08359375 0.19296875 0.05 0.034375
0 0.240625 0.15625 0.084375 0.025
3 0.19140625 0.09140625 0.0625 0.0421875
1 0.13515625 0.0859375 0.040625 0.0234375
3 0.1453125 0.18984375 0.03125 0.034375
3 0.1796875 0.2015625 0.03125 0.040625
3 0.153125 0.15546875 0.0484375 0.034375
0 0.19375 0.15 0.034375 0.0125
0 0.20234375 0.165625 0.05 0.015625
0 0.18671875 0.1390625 0.05 0.0125
0 0.175 0.16015625 0.0265625 0.0125
0 0.159375 0.15390625 0.0265625 0.009375
0 0.18046875 0.13203125 0.05625 0.009375
0 0.165625 0.13515625 0.028125 0.00625
0 0.14609375 0.13046875 0.0390625 0.009375
0 0.14140625 0.11796875 0.03125 0.009375
3 0.11796875 0.1359375 0.01875 0.01875
3 0.1109375 0.121875 0.01875 0.021875
3 0.11015625 0.07265625 0.021875 0.0203125