3 0.52421875 0.5203125 0.15078125 0.1765625
2 0.38671875 0.34921875 0.23515625 0.28203125
3 0.12421875 0.340625 0.0828125 0.0953125
1 0.79296875 0.23359375 0.053125 0.05625
1 0.20859375 0.32265625 0.0671875 0.1234375
3 0.62265625 0.44140625 0.134375 0.125
0 0.40078125 0.5546875 0.04453125 0.196875
3 0.2296875 0.6984375 0.21796875 0.26484375
3 0.1859375 0.54296875 0.1484375 0.15546875
3 0.6875 0.35234375 0.128125 0.07734375
3 0.16484375 0.1890625 0.07734375 0.05
0 0.78515625 0.5125 0.065625 0.18828125
3 0.9375 0.25 0.115625 0.0828125
4 0.04140625 0.50625 0.0640625 0.10859375
0 0.609375 0.665625 0.07109375 0.259375
0 0.9015625 0.56484375 0.0703125 0.17578125
3 0.1953125 0.16875 0.02734375 0.0484375
0 0.740625 0.56953125 0.078125 0.25234375
4 0.459375 0.93203125 0.10546875 0.13515625
0 0.8515625 0.7296875 0.07890625 0.2890625
1 0.64765625 0.21328125 0.05703125 0.0421875
0 0.9734375 0.4765625 0.05234375 0.1015625
4 0.09296875 0.8515625 0.065625 0.1484375
0 0.09296875 0.14921875 0.01171875 0.03046875
3 0.10859375 0.12578125 0.03203125 0.03828125
4 0.059375 0.3484375 0.04140625 0.10078125
3 0.26796875 0.2015625 0.0453125 0.0421875
1 0.13203125 0.121875 0.02578125 0.03359375
0 0.13984375 0.2171875 0.01796875 0.065625
3 0.14765625 0.15234375 0.0453125 0.0265625
1 0.96328125 0.65625 0.0734375 0.23125
0 0.98203125 0.85703125 0.0359375 0.2859375
1 0.95390625 0.271875 0.07109375 0.06953125
5 0.4296875 0.1953125 0.08671875 0.0546875
1 0.515625 0.1890625 0.028125 0.04140625
0 0.20390625 0.2234375 0.01953125 0.0609375
0 0.0875 0.20546875 0.01484375 0.0734375
5 0.17109375 0.146875 0.02109375 0.04296875
3 0.08046875 0.1328125 0.0171875 0.03984375
3 0.07578125 0.271875 0.046875 0.07421875
3 0.36171875 0.6234375 0.046875 0.22265625
0 0.54453125 0.353125 0.040625 0.1265625
3 0.49921875 0.37109375 0.03984375 0.109375
3 0.5015625 0.28984375 0.04296875 0.075
3 0.728125 0.23671875 0.05859375 0.0265625
3 0.58984375 0.196875 0.04453125 0.04453125