3 0.52890625 0.41953125 0.121875 0.15625
3 0.75234375 0.42890625 0.16875 0.159375
3 0.20859375 0.746875 0.2125 0.290625
3 0.14453125 0.5859375 0.1578125 0.175
5 0.19453125 0.1359375 0.0703125 0.1125
1 0.1625 0.2015625 0.046875 0.0484375
3 0.1125 0.22890625 0.0484375 0.075
0 0.646875 0.5109375 0.0703125 0.175
4 0.04296875 0.90859375 0.0859375 0.178125
3 0.171875 0.26796875 0.06875 0.078125
5 0.26171875 0.33046875 0.11875 0.259375
1 0.05390625 0.1734375 0.0328125 0.065625
1 0.05390625 0.17734375 0.034375 0.06875
4 0.10234375 0.409375 0.0328125 0.146875
3 0.09140625 0.17890625 0.04375 0.059375
4 0.009375 0.359375 0.01875 0.109375
4 0.01328125 0.54296875 0.0265625 0.1578125
0 0.32265625 0.46796875 0.0421875 0.16875
3 0.07890625 0.3703125 0.0921875 0.1359375
0 0.3734375 0.39609375 0.046875 0.1484375
0 0.328125 0.35390625 0.0359375 0.1421875
0 0.41953125 0.5171875 0.053125 0.190625
0 0.4890625 0.4765625 0.05 0.1984375
0 0.4375 0.371875 0.0390625 0.146875
3 0.3640625 0.321875 0.0984375 0.140625
5 0.39296875 0.2015625 0.15 0.2125