2 0.6546875 0.3078125 0.29375 0.196875
2 0.834375 0.28046875 0.0875 0.1375
3 0.6671875 0.11875 0.09375 0.075
4 0.1609375 0.06875 0.19375 0.075
3 0.83359375 0.1671875 0.046875 0.0453125
4 0.14375 0.221875 0.16875 0.0875
3 0.86015625 0.1 0.046875 0.0375
3 0.77421875 0.05234375 0.0625 0.03125
1 0.83359375 0.071875 0.0546875 0.0375
2 0.4 0.72421875 0.8 0.5515625
3 0.45078125 0.17421875 0.15625 0.165625
3 0.29375 0.2140625 0.28125 0.225
0 0.72265625 0.1546875 0.109375 0.034375
4 0.52265625 0.04609375 0.203125 0.059375
4 0.5359375 0.0984375 0.1015625 0.025
4 0.57890625 0.15390625 0.08125 0.0359375
4 0.6171875 0.17734375 0.0359375 0.028125
4 0.66015625 0.0609375 0.103125 0.05
0 0.8640625 0.1265625 0.04375 0.009375