3 0.3171875 0.56640625 0.2265625 0.23125
1 0.71015625 0.38125 0.0875 0.1625
3 0.4453125 0.42578125 0.14375 0.134375
3 0.81015625 0.5328125 0.159375 0.1640625
3 0.74921875 0.6890625 0.20625 0.275
3 0.31015625 0.38671875 0.159375 0.128125
1 0.60546875 0.371875 0.08125 0.1625
0 0.86875 0.16015625 0.0234375 0.078125
3 0.1453125 0.46328125 0.228125 0.25625
2 0.75859375 0.225 0.153125 0.190625
4 0.55703125 0.94140625 0.090625 0.1171875
0 0.7890625 0.33125 0.04375 0.1125
3 0.5015625 0.265625 0.0859375 0.09375
0 0.4578125 0.3125 0.0359375 0.0859375
1 0.046875 0.23203125 0.09375 0.1046875
0 0.46328125 0.58046875 0.0734375 0.259375
0 0.88359375 0.11875 0.0125 0.0375
3 0.834375 0.11953125 0.034375 0.0390625
0 0.65625 0.30078125 0.034375 0.096875
0 0.30546875 0.678125 0.075 0.246875
0 0.04453125 0.621875 0.0890625 0.26875
3 0.36171875 0.30078125 0.1375 0.121875
3 0.58515625 0.28515625 0.0875 0.1046875
0 0.5734375 0.290625 0.0375 0.0640625
4 0.921875 0.84140625 0.0734375 0.159375
4 0.9609375 0.47890625 0.075 0.18125
4 0.86484375 0.4015625 0.04375 0.16875
4 0.95546875 0.39453125 0.046875 0.203125
3 0.8734375 0.3234375 0.09375 0.1265625
3 0.91640625 0.18515625 0.05625 0.0796875
0 0.83359375 0.203125 0.015625 0.0796875
0 0.509375 0.3234375 0.0375 0.1375
0 0.5359375 0.45546875 0.053125 0.1828125
1 0.2546875 0.1984375 0.053125 0.046875
1 0.46328125 0.1625 0.04375 0.05
0 0.07578125 0.90234375 0.1515625 0.1953125