3 0.684375 0.78984375 0.2703125 0.21875
5 0.24296875 0.30546875 0.3 0.2875
3 0.521875 0.8359375 0.1796875 0.165625
1 0.3828125 0.9125 0.18125 0.109375
3 0.2109375 0.621875 0.090625 0.075
4 0.73515625 0.83671875 0.190625 0.1203125
3 0.31953125 0.55625 0.140625 0.1140625
3 0.18515625 0.7671875 0.06875 0.053125
1 0.38125 0.396875 0.1328125 0.171875
2 0.1265625 0.8859375 0.16875 0.0953125
0 0.49453125 0.59296875 0.2140625 0.075
5 0.10625 0.7265625 0.15 0.1015625
4 0.48203125 0.9828125 0.1421875 0.034375
0 0.51484375 0.38671875 0.2484375 0.059375
4 0.31015625 0.9859375 0.13125 0.0203125
4 0.253125 0.996875 0.0546875 0.00625
3 0.23125 0.965625 0.0890625 0.06875
3 0.25390625 0.82109375 0.103125 0.0828125
3 0.2390625 0.70390625 0.0875 0.0734375
4 0.53359375 0.70078125 0.209375 0.046875
4 0.346875 0.640625 0.1453125 0.04375
0 0.2265625 0.0125 0.071875 0.025
0 0.22578125 0.0375 0.0796875 0.0296875
0 0.19140625 0.05625 0.0546875 0.01875