2 0.278125 0.7828125 0.2421875 0.15
3 0.73671875 0.82109375 0.290625 0.2484375
1 0.590625 0.6125 0.28125 0.1625
1 0.15703125 0.96640625 0.071875 0.03125
3 0.67578125 0.03984375 0.2953125 0.0796875
0 0.29140625 0.6640625 0.0953125 0.0296875
4 0.91953125 0.9703125 0.1609375 0.059375
0 0.55 0.2578125 0.221875 0.0734375
1 0.196875 0.4265625 0.05 0.0484375
3 0.30546875 0.5453125 0.128125 0.1
3 0.5703125 0.86796875 0.1640625 0.159375
0 0.49609375 0.38984375 0.2390625 0.0609375
4 0.81953125 0.9875 0.196875 0.025
3 0.49140625 0.078125 0.1515625 0.15625
4 0.3203125 0.9921875 0.059375 0.015625
3 0.35078125 0.925 0.10625 0.0890625
4 0.41875 0.99453125 0.14375 0.0109375
4 0.83671875 0.97890625 0.1703125 0.0421875
1 0.17578125 0.53828125 0.040625 0.0625
3 0.18046875 0.99140625 0.065625 0.0171875
0 0.4109375 0.91640625 0.159375 0.046875
0 0.2 0.92890625 0.065625 0.0203125
0 0.18359375 0.8953125 0.05625 0.0125
0 0.14921875 0.90390625 0.05 0.0125
0 0.159375 0.88359375 0.05625 0.0109375
3 0.14765625 0.94375 0.046875 0.015625
0 0.125 0.92421875 0.040625 0.0125
2 0.09296875 0.96640625 0.065625 0.0375
3 0.2296875 0.98984375 0.06875 0.0203125
3 0.290625 0.975 0.0640625 0.04375
0 0.2828125 0.715625 0.090625 0.0171875
3 0.24453125 0.690625 0.06875 0.034375
0 0.21796875 0.29375 0.05625 0.01875
0 0.2390625 0.225 0.028125 0.0125
1 0.2296875 0.1609375 0.05 0.059375
3 0.25390625 0.06015625 0.090625 0.1046875
1 0.25546875 0.071875 0.065625 0.01875
0 0.88203125 0.72421875 0.2015625 0.0859375
5 0.08203125 0.728125 0.109375 0.0890625