3 0.18359375 0.534375 0.14453125 0.1453125
3 0.2265625 0.21796875 0.0609375 0.06328125
3 0.1234375 0.33671875 0.07890625 0.1078125
3 0.240625 0.69296875 0.20546875 0.26328125
2 0.87578125 0.378125 0.24140625 0.5046875
1 0.45 0.44375 0.10703125 0.19140625
2 0.9296875 0.88359375 0.13671875 0.2328125
5 0.43984375 0.153125 0.08671875 0.0890625
3 0.56640625 0.38515625 0.1171875 0.19140625
3 0.36328125 0.2453125 0.0546875 0.0609375
0 0.3875 0.29765625 0.03671875 0.0953125
3 0.19765625 0.1765625 0.03515625 0.0421875
3 0.21875 0.3625 0.0984375 0.12734375
0 0.153125 0.18828125 0.01875 0.06015625
5 0.10390625 0.096875 0.04765625 0.078125
3 0.171875 0.15234375 0.03125 0.03203125
4 0.04453125 0.47890625 0.0328125 0.16875
0 0.57265625 0.628125 0.08515625 0.24609375
3 0.17109375 0.1859375 0.03203125 0.040625
4 0.36484375 0.70546875 0.05859375 0.27265625
4 0.084375 0.81953125 0.06953125 0.16484375
4 0.090625 0.609375 0.05 0.253125
4 0.07578125 0.41796875 0.02421875 0.1203125
4 0.05078125 0.3234375 0.03359375 0.0703125
5 0.303125 0.2421875 0.1046875 0.24140625
0 0.4609375 0.29375 0.071875 0.09375
0 0.10390625 0.20390625 0.01171875 0.05859375
0 0.1203125 0.17734375 0.01171875 0.04296875
3 0.12265625 0.15078125 0.028125 0.0296875
0 0.54765625 0.18125 0.04375 0.04140625
0 0.70625 0.22265625 0.01640625 0.05078125
0 0.9609375 0.771875 0.0734375 0.11328125