1 0.58359375 0.8703125 0.2859375 0.259375
3 0.14140625 0.25703125 0.06796875 0.05546875
1 0.5046875 0.4640625 0.09921875 0.16796875
1 0.59140625 0.4265625 0.084375 0.14375
3 0.20390625 0.2328125 0.05390625 0.06015625
3 0.928125 0.25078125 0.1171875 0.084375
3 0.44453125 0.28046875 0.09765625 0.0671875
3 0.22890625 0.696875 0.22421875 0.2671875
5 0.7484375 0.58984375 0.2390625 0.384375
3 0.4359375 0.36875 0.11328125 0.121875
0 0.25 0.29921875 0.03984375 0.09921875
3 0.55703125 0.31015625 0.08203125 0.08046875
0 0.3421875 0.27890625 0.03828125 0.078125
1 0.2234375 0.18671875 0.0421875 0.0390625
3 0.128125 0.33203125 0.0765625 0.08359375
0 0.3046875 0.31953125 0.04296875 0.09765625
4 0.0796875 0.86640625 0.078125 0.115625
1 0.58671875 0.19765625 0.0515625 0.034375
3 0.18515625 0.54609375 0.140625 0.15859375
0 0.1578125 0.21328125 0.01875 0.02734375
3 0.16171875 0.19453125 0.046875 0.03984375
4 0.0625 0.3328125 0.03984375 0.0828125
4 0.0375 0.50859375 0.065625 0.1203125
5 0.34765625 0.2203125 0.1078125 0.10078125
4 0.0859375 0.7609375 0.04453125 0.06640625
0 0.26328125 0.27890625 0.0390625 0.0890625
4 0.2734375 0.7734375 0.07109375 0.303125
4 0.053125 0.40234375 0.02578125 0.10546875
0 0.1375 0.39296875 0.03671875 0.1375
0 0.08984375 0.2109375 0.0125 0.0625
0 0.1140625 0.17734375 0.02734375 0.05546875
3 0.15078125 0.165625 0.02421875 0.03203125
0 0.1609375 0.146875 0.021875 0.0234375
0 0.1359375 0.1625 0.0078125 0.04375
5 0.29375 0.1875 0.05234375 0.09609375
0 0.21953125 0.26875 0.0203125 0.0921875
3 0.19140625 0.16875 0.01875 0.0421875
3 0.178125 0.1546875 0.009375 0.04453125
2 0.17109375 0.0828125 0.0375 0.05703125
5 0.2859375 0.10859375 0.0609375 0.075
3 0.12421875 0.146875 0.015625 0.0375
3 0.825 0.23203125 0.05703125 0.05859375
0 0.78125 0.2359375 0.0171875 0.04453125
0 0.64140625 0.43984375 0.02578125 0.04375