3 0.53125 0.3171875 0.07890625 0.115625
5 0.87109375 0.4671875 0.19140625 0.2140625
3 0.6390625 0.5421875 0.18671875 0.21171875
3 0.234375 0.69296875 0.2140625 0.259375
3 0.18125 0.54375 0.14921875 0.16171875
0 0.4296875 0.5546875 0.06484375 0.19375
2 0.21171875 0.1640625 0.10546875 0.1609375
1 0.2515625 0.38359375 0.07578125 0.14921875
0 0.98046875 0.54375 0.03828125 0.11953125
3 0.621875 0.50390625 0.1859375 0.11328125
3 0.96015625 0.77578125 0.06796875 0.2796875
3 0.38828125 0.421875 0.10625 0.1375
2 0.12265625 0.18046875 0.07265625 0.1234375
3 0.125 0.3359375 0.0734375 0.09375
3 0.24140625 0.27890625 0.06171875 0.06015625
3 0.334375 0.28359375 0.0703125 0.0828125
4 0.0625 0.82265625 0.0828125 0.18359375
0 0.1921875 0.2546875 0.02578125 0.0796875
3 0.82734375 0.2296875 0.0703125 0.06171875
5 0.70390625 0.478125 0.15859375 0.2171875
4 0.1859375 0.4125 0.0296875 0.0953125
0 0.53828125 0.64765625 0.08984375 0.25625
3 0.38046875 0.3 0.09375 0.07890625
3 0.91171875 0.84765625 0.17578125 0.290625
0 0.27578125 0.25859375 0.0140625 0.08203125
0 0.29375 0.22109375 0.02265625 0.0640625
5 0.40546875 0.196875 0.1390625 0.13125
3 0.9875 0.26875 0.02421875 0.0953125
3 0.96875 0.58984375 0.0515625 0.16328125
1 0.5796875 0.359375 0.06484375 0.12578125
0 0.584375 0.396875 0.0328125 0.09296875
4 0.2390625 0.87421875 0.06875 0.25078125
4 0.01953125 0.76015625 0.03671875 0.34921875
4 0.15 0.4328125 0.0296875 0.0734375
4 0.1125 0.509375 0.0296875 0.18359375
4 0.05078125 0.46953125 0.02421875 0.17734375
4 0.084375 0.475 0.0203125 0.1484375
4 0.021875 0.4671875 0.0375 0.2078125
4 0.0875 0.33515625 0.0140625 0.025
0 0.24140625 0.22578125 0.0140625 0.03125
2 0.10625 0.09921875 0.0546875 0.03125
5 0.07734375 0.15078125 0.01796875 0.07109375
3 0.0734375 0.2265625 0.04296875 0.07265625
4 0.06875 0.1796875 0.01171875 0.02109375