1 0.28203125 0.3578125 0.1140625 0.15234375
0 0.365625 0.51171875 0.05625 0.1875
3 0.2296875 0.69453125 0.22265625 0.265625
0 0.60390625 0.4359375 0.05703125 0.14765625
0 0.45390625 0.6640625 0.071875 0.23828125
1 0.11328125 0.18515625 0.04375 0.05546875
4 0.03984375 0.50546875 0.075 0.1234375
0 0.4546875 0.390625 0.05546875 0.12109375
3 0.1296875 0.3375 0.07109375 0.1
1 0.18984375 0.20625 0.04921875 0.06484375
0 0.32109375 0.3453125 0.0203125 0.115625
0 0.31796875 0.26875 0.025 0.0734375
3 0.3515625 0.24453125 0.06171875 0.07109375
3 0.603125 0.3796875 0.10703125 0.11328125
3 0.18203125 0.54609375 0.1515625 0.165625
3 0.23984375 0.25 0.06640625 0.0671875
4 0.44296875 0.52578125 0.053125 0.14921875
2 0.7984375 0.6859375 0.403125 0.615625
1 0.44140625 0.33125 0.084375 0.06640625
4 0.07578125 0.36875 0.03046875 0.1296875
4 0.04921875 0.375 0.03359375 0.1109375
0 0.36796875 0.41015625 0.0359375 0.10390625
3 0.1390625 0.35546875 0.059375 0.06640625
3 0.4875 0.3015625 0.06640625 0.084375
4 0.621875 0.69453125 0.05625 0.28203125
3 0.209375 0.18203125 0.0171875 0.04921875
3 0.2453125 0.19765625 0.05 0.04609375
0 0.16484375 0.1875 0.0125 0.0515625
0 0.13046875 0.1484375 0.015625 0.03359375
3 0.07265625 0.2046875 0.034375 0.05703125
0 0.07421875 0.15234375 0.0109375 0.0328125
3 0.0859375 0.1328125 0.02421875 0.03125
0 0.1046875 0.13984375 0.0109375 0.0234375
3 0.0765625 0.2765625 0.059375 0.05546875
5 0.3859375 0.11875 0.08515625 0.121875