3 0.6765625 0.84375 0.28984375 0.3109375
3 0.23046875 0.678125 0.18046875 0.23046875
3 0.17890625 0.540625 0.14296875 0.1640625
3 0.5578125 0.50625 0.17890625 0.18046875
0 0.30703125 0.30546875 0.03828125 0.09140625
0 0.971875 0.78359375 0.05546875 0.2390625
1 0.3765625 0.37265625 0.0875 0.1546875
5 0.59296875 0.28984375 0.134375 0.228125
4 0.06875 0.35078125 0.05859375 0.12734375
4 0.26796875 0.81171875 0.0640625 0.2328125
4 0.078125 0.8359375 0.05859375 0.171875
4 0.0390625 0.52109375 0.06015625 0.09609375
3 0.1078125 0.215625 0.03515625 0.07109375
0 0.1359375 0.21875 0.01171875 0.0703125
0 0.15546875 0.25390625 0.01875 0.08125
0 0.16796875 0.22265625 0.0171875 0.0671875
0 0.196875 0.29453125 0.0203125 0.0953125
0 0.2203125 0.28828125 0.02265625 0.09765625
0 0.2671875 0.36953125 0.0328125 0.13359375
0 0.2296875 0.24296875 0.015625 0.07578125
0 0.19609375 0.2328125 0.01953125 0.05
0 0.21171875 0.2046875 0.01171875 0.0609375
0 0.19453125 0.1921875 0.01484375 0.04375
3 0.28828125 0.2515625 0.05703125 0.07109375
3 0.3078125 0.21328125 0.05234375 0.05625
3 0.2515625 0.2203125 0.0328125 0.0765625
2 0.315625 0.1265625 0.04375 0.06171875
2 0.14375 0.115625 0.0328125 0.0640625
3 0.175 0.178125 0.0234375 0.03203125
1 0.07890625 0.26796875 0.034375 0.05859375