3 0.2359375 0.69765625 0.2015625 0.26328125
3 0.1796875 0.5453125 0.1421875 0.16796875
3 0.18828125 0.41484375 0.1203125 0.1140625
3 0.8046875 0.4875 0.20625 0.2140625
0 0.396875 0.30625 0.0609375 0.11875
1 0.5296875 0.29296875 0.1015625 0.14375
3 0.8296875 0.2296875 0.078125 0.0640625
5 0.2984375 0.31015625 0.10859375 0.26328125
4 0.08125 0.8515625 0.07890625 0.20703125
3 0.1265625 0.32265625 0.07734375 0.08125
0 0.15234375 0.21953125 0.021875 0.08046875
0 0.30234375 0.35703125 0.034375 0.12890625
0 0.26796875 0.3625 0.046875 0.1296875
0 0.209375 0.21796875 0.02265625 0.07265625
5 0.25 0.140625 0.1046875 0.11953125
3 0.17421875 0.19375 0.04296875 0.065625
5 0.1484375 0.14921875 0.040625 0.06796875
3 0.92421875 0.25859375 0.0984375 0.10078125
1 0.44375 0.1671875 0.040625 0.046875
4 0.05 0.48671875 0.0296875 0.1734375
4 0.04453125 0.3140625 0.02265625 0.06015625
0 0.1390625 0.33515625 0.0296875 0.03359375
3 0.07421875 0.3078125 0.0265625 0.08515625
1 0.08515625 0.19296875 0.03359375 0.053125
0 0.36015625 0.153125 0.00703125 0.02421875
0 0.09921875 0.1328125 0.0078125 0.0328125
0 0.1296875 0.1859375 0.0109375 0.05234375
0 0.8203125 0.24140625 0.021875 0.040625