3 0.47890625 0.5359375 0.203125 0.246875
3 0.175 0.540625 0.14375 0.1578125
3 0.2359375 0.690625 0.196875 0.240625
0 0.6703125 0.421875 0.0640625 0.1578125
3 0.334375 0.428125 0.140625 0.140625
0 0.1421875 0.203125 0.021875 0.0546875
3 0.2890625 0.22109375 0.059375 0.05625
3 0.24296875 0.19765625 0.04375 0.0625
0 0.6296875 0.53671875 0.065625 0.2
3 0.203125 0.27109375 0.065625 0.078125
3 0.5609375 0.40078125 0.121875 0.146875
5 0.15 0.11328125 0.05 0.0875
5 0.42890625 0.14921875 0.0859375 0.096875
0 0.24765625 0.3171875 0.05 0.10625
0 0.175 0.203125 0.03125 0.05
3 0.96171875 0.94765625 0.0765625 0.1046875
3 0.08125 0.3125 0.078125 0.1
0 0.08125 0.17265625 0.015625 0.05
3 0.17578125 0.18984375 0.046875 0.05625
4 0.034375 0.51484375 0.06875 0.13125
5 0.9703125 0.2625 0.059375 0.1
4 0.0109375 0.36796875 0.021875 0.1453125
3 0.29140625 0.18828125 0.053125 0.021875
4 0.259375 0.7984375 0.0625 0.2734375
4 0.05625 0.35625 0.04375 0.140625
0 0.7296875 0.73984375 0.0859375 0.309375
4 0.0765625 0.83671875 0.0671875 0.153125
4 0.15703125 0.40078125 0.0265625 0.115625
3 0.06015625 0.20859375 0.028125 0.05
3 0.12109375 0.1859375 0.021875 0.046875
0 0.109375 0.165625 0.0125 0.0421875
3 0.521875 0.1921875 0.0375 0.0375
3 0.5703125 0.1890625 0.034375 0.0375
1 0.81796875 0.23359375 0.0625 0.046875