3 0.63125 0.30390625 0.1515625 0.125
3 0.584375 0.840625 0.1328125 0.14375
3 0.665625 0.52421875 0.1125 0.109375
3 0.296875 0.78359375 0.278125 0.20625
3 0.453125 0.84921875 0.1765625 0.153125
3 0.5453125 0.41796875 0.178125 0.146875
0 0.8015625 0.76484375 0.075 0.03125
5 0.79609375 0.68359375 0.103125 0.065625
3 0.4125 0.028125 0.1875 0.05625
0 0.7359375 0.83046875 0.096875 0.053125
3 0.725 0.61953125 0.0984375 0.090625
3 0.7578125 0.07265625 0.1 0.13125
0 0.82890625 0.925 0.0609375 0.0234375
4 0.903125 0.853125 0.1140625 0.0578125
0 0.82265625 0.428125 0.0390625 0.021875
5 0.80234375 0.81875 0.1171875 0.0671875
0 0.85078125 0.9 0.0546875 0.01875
0 0.87109375 0.94765625 0.05 0.015625
3 0.87109375 0.91875 0.0359375 0.01875
3 0.7375 0.95625 0.046875 0.059375
3 0.6828125 0.915625 0.1125 0.084375
0 0.66328125 0.9 0.05 0.0234375
4 0.51875 0.97890625 0.1890625 0.0421875
4 0.1890625 0.95390625 0.140625 0.04375
4 0.0125 0.77578125 0.025 0.071875