3 0.66015625 0.4515625 0.165625 0.146875
2 0.3234375 0.21875 0.159375 0.2484375
1 0.79296875 0.6265625 0.1859375 0.2875
3 0.18359375 0.55 0.1578125 0.1546875
2 0.93046875 0.50234375 0.1375 0.403125
3 0.23125 0.71796875 0.225 0.278125
0 0.44921875 0.4640625 0.0484375 0.15625
4 0.03203125 0.52421875 0.0640625 0.1046875
0 0.353125 0.44765625 0.053125 0.15625
3 0.4375 0.27109375 0.05625 0.06875
0 0.6859375 0.759375 0.1 0.31875
5 0.59609375 0.2625 0.13125 0.2140625
3 0.19921875 0.1890625 0.0421875 0.0546875
4 0.44375 0.9625 0.059375 0.075
0 0.39921875 0.34140625 0.0359375 0.103125
0 0.5296875 0.4625 0.05 0.171875
3 0.14375 0.1796875 0.028125 0.059375
5 0.16015625 0.11484375 0.06875 0.084375
3 0.12578125 0.33828125 0.075 0.103125
3 0.478125 0.35078125 0.11875 0.090625
4 0.071875 0.88359375 0.0625 0.1546875
0 0.109375 0.19765625 0.015625 0.065625
3 0.9046875 0.2578125 0.10625 0.08125
3 0.728125 0.228125 0.075 0.078125
3 0.46171875 0.18046875 0.0625 0.05
3 0.98203125 0.2671875 0.0359375 0.08125
3 0.79765625 0.22421875 0.06875 0.065625
3 0.78515625 0.3859375 0.128125 0.1359375
4 0.0421875 0.41875 0.025 0.1453125
4 0.04765625 0.3140625 0.03125 0.0421875
4 0.11796875 0.39375 0.03125 0.140625
3 0.23203125 0.18046875 0.025 0.046875
0 0.12265625 0.1859375 0.0125 0.05625
0 0.08125 0.19765625 0.015625 0.059375