3 0.6640625 0.5421875 0.13125 0.1109375
3 0.65703125 0.121875 0.1140625 0.090625
3 0.55390625 0.33359375 0.175 0.096875
3 0.42734375 0.18515625 0.2203125 0.1625
3 0.2921875 0.228125 0.2796875 0.225
3 0.3765625 0.88671875 0.25 0.2265625
1 0.68984375 0.2640625 0.10625 0.059375
0 0.75625 0.31875 0.0734375 0.0328125
3 0.69765625 0.3703125 0.090625 0.08125
0 0.61171875 0.6421875 0.1375 0.0625
3 0.84921875 0.11171875 0.0609375 0.0390625
0 0.72578125 0.96015625 0.071875 0.0453125
4 0.21484375 0.21953125 0.24375 0.1109375
3 0.77265625 0.09140625 0.0546875 0.0640625
3 0.81640625 0.23671875 0.0296875 0.04375
2 0.86484375 0.1609375 0.075 0.05625
3 0.75703125 0.25 0.078125 0.0640625
0 0.8140625 0.16015625 0.0578125 0.028125
4 0.65 0.05390625 0.15625 0.059375
0 0.74609375 0.11484375 0.059375 0.034375
4 0.190625 0.06015625 0.209375 0.10625
4 0.49140625 0.0375 0.1453125 0.06875
0 0.834375 0.075 0.059375 0.021875
3 0.82109375 0.19765625 0.078125 0.0359375
5 0.88046875 0.42265625 0.153125 0.1328125