3 0.221875 0.89765625 0.2796875 0.2046875
1 0.55625 0.47578125 0.1921875 0.1078125
3 0.459375 0.66875 0.19375 0.1875
1 0.5328125 0.32578125 0.209375 0.109375
3 0.28203125 0.2375 0.2796875 0.20625
3 0.6609375 0.6375 0.1171875 0.121875
3 0.5265625 0.86953125 0.1109375 0.2125
3 0.62421875 0.8625 0.1265625 0.2125
3 0.653125 0.115625 0.1125 0.103125
2 0.73203125 0.265625 0.2375 0.175
3 0.43828125 0.175 0.1703125 0.1625
3 0.478125 0.859375 0.2015625 0.2140625
3 0.76484375 0.9578125 0.0875 0.084375
0 0.81796875 0.10078125 0.059375 0.021875
0 0.78984375 0.1734375 0.075 0.025
0 0.60859375 0.2140625 0.13125 0.0484375
4 0.4796875 0.03046875 0.1375 0.0609375
0 0.859375 0.1265625 0.04375 0.025
0 0.3953125 0.61796875 0.246875 0.0875
0 0.6265625 0.39296875 0.14375 0.0375
0 0.5953125 0.68671875 0.084375 0.0515625
3 0.67421875 0.39296875 0.121875 0.103125
3 0.746875 0.3796875 0.075 0.0734375
0 0.0875 0.95 0.175 0.1
4 0.12109375 0.065625 0.1609375 0.0609375
4 0.57890625 0.04453125 0.2 0.0375
4 0.58984375 0.10078125 0.1765625 0.046875
3 0.83984375 0.08515625 0.0625 0.05
1 0.81796875 0.1640625 0.078125 0.04375
3 0.70078125 0.49765625 0.1 0.0828125
3 0.73203125 0.4484375 0.10625 0.0296875
0 0.596875 0.5359375 0.1578125 0.0390625
0 0.58671875 0.6078125 0.146875 0.059375
1 0.81484375 0.5875 0.0375 0.04375