1 0.72421875 0.5828125 0.1609375 0.228125
3 0.32265625 0.33046875 0.09296875 0.1046875
3 0.27578125 0.21484375 0.05625 0.0609375
1 0.13125 0.38125 0.09921875 0.15859375
3 0.41328125 0.28984375 0.08125 0.06953125
0 0.45703125 0.39140625 0.05546875 0.13046875
5 0.65625 0.196875 0.11796875 0.10859375
1 0.8953125 0.228125 0.20078125 0.153125
4 0.04140625 0.51171875 0.06015625 0.109375
4 0.26328125 0.79140625 0.0640625 0.22421875
3 0.1828125 0.546875 0.15078125 0.1625
3 0.23203125 0.70234375 0.20703125 0.278125
1 0.1828125 0.203125 0.0515625 0.053125
0 0.73125 0.86328125 0.1 0.2734375
4 0.06328125 0.83125 0.07421875 0.19296875
4 0.05 0.34765625 0.0296875 0.10390625
1 0.4203125 0.15390625 0.05234375 0.06875
2 0.3375 0.13359375 0.05234375 0.06953125
2 0.09609375 0.103125 0.03515625 0.05546875
0 0.12421875 0.15625 0.01484375 0.04140625
1 0.2625 0.11796875 0.040625 0.06171875
2 0.14921875 0.0734375 0.0375 0.053125