3 0.42890625 0.790625 0.2375 0.24375
0 0.39453125 0.51171875 0.234375 0.0765625
0 0.69765625 0.40078125 0.103125 0.0375
3 0.42265625 0.16015625 0.178125 0.146875
3 0.2796875 0.209375 0.2734375 0.196875
0 0.50625 0.40546875 0.19375 0.059375
1 0.5671875 0.08671875 0.175 0.1
4 0.4703125 0.021875 0.1359375 0.04375
4 0.64375 0.021875 0.11875 0.025
5 0.790625 0.20234375 0.0640625 0.04375
1 0.83515625 0.19140625 0.0296875 0.03125
0 0.65078125 0.290625 0.134375 0.03125
0 0.72890625 0.20234375 0.090625 0.0421875
0 0.20390625 0.8390625 0.31875 0.1421875
3 0.69296875 0.33515625 0.10625 0.0625
3 0.71953125 0.26875 0.0890625 0.053125
3 0.78046875 0.28203125 0.071875 0.059375
3 0.63359375 0.4796875 0.1296875 0.096875
0 0.5984375 0.4234375 0.1125 0.03125
4 0.17265625 0.24375 0.2625 0.046875
0 0.75703125 0.8515625 0.0359375 0.021875
1 0.81484375 0.50546875 0.046875 0.0328125
1 0.8 0.57109375 0.04375 0.0296875
5 0.79921875 0.6125 0.0625 0.04375
0 0.76484375 0.73359375 0.0421875 0.021875
1 0.75 0.1171875 0.0921875 0.0453125
1 0.8015625 0.08828125 0.0484375 0.028125
1 0.821875 0.05703125 0.065625 0.03125
3 0.8140625 0.14375 0.0515625 0.0328125
3 0.840625 0.15078125 0.040625 0.028125
3 0.82890625 0.109375 0.0390625 0.028125
3 0.85390625 0.08671875 0.0375 0.025
5 0.8953125 0.109375 0.08125 0.046875
4 0.6921875 0.040625 0.05625 0.01875
4 0.68515625 0.06171875 0.04375 0.021875