1 0.23046875 0.378125 0.13125 0.075
3 0.29296875 0.6203125 0.14375 0.134375
3 0.6390625 0.22265625 0.2 0.19375
0 0.346875 0.29765625 0.165625 0.059375
3 0.51328125 0.1765625 0.184375 0.165625
3 0.8390625 0.95625 0.321875 0.084375
3 0.24375 0.51640625 0.1046875 0.08125
3 0.15625 0.79140625 0.0625 0.0875
0 0.296875 0.47109375 0.140625 0.053125
1 0.365625 0.10703125 0.1765625 0.1140625
3 0.19765625 0.26015625 0.0921875 0.078125
3 0.096875 0.12578125 0.059375 0.040625
4 0.29375 0.028125 0.13125 0.028125
4 0.7421875 0.28046875 0.20625 0.1125
3 0.1515625 0.30078125 0.0765625 0.053125
0 0.1640625 0.29765625 0.065625 0.021875
4 0.48203125 0.02890625 0.134375 0.05625
5 0.14140625 0.19140625 0.1 0.053125
1 0.1390625 0.66015625 0.0390625 0.0640625
3 0.21796875 0.046875 0.09375 0.0875
4 0.24765625 0.0578125 0.071875 0.015625
3 0.0890625 0.17734375 0.040625 0.0265625
3 0.19609375 0.4171875 0.090625 0.025
0 0.16953125 0.79375 0.03125 0.0203125