3 0.70546875 0.3765625 0.08125 0.0875
3 0.36015625 0.8859375 0.221875 0.228125
3 0.528125 0.8859375 0.165625 0.228125
3 0.33828125 0.2265625 0.2 0.18125
1 0.82578125 0.15703125 0.078125 0.0328125
1 0.6421875 0.49296875 0.1015625 0.1
1 0.4703125 0.496875 0.253125 0.15
3 0.4484375 0.1828125 0.1671875 0.146875
5 0.6484375 0.6828125 0.2046875 0.159375
1 0.58828125 0.11171875 0.171875 0.1046875
0 0.159375 0.88671875 0.31875 0.2265625
3 0.73125 0.25859375 0.06875 0.0703125
3 0.8359375 0.21796875 0.053125 0.046875
0 0.765625 0.13671875 0.078125 0.034375
3 0.7265625 0.05390625 0.0765625 0.0765625
4 0.49453125 0.03671875 0.128125 0.0671875
0 0.82578125 0.090625 0.0484375 0.0203125
3 0.759375 0.85078125 0.04375 0.071875
3 0.64921875 0.2953125 0.1125 0.084375
3 0.85078125 0.1765625 0.0390625 0.03125
4 0.6640625 0.03984375 0.115625 0.04375
0 0.840625 0.1203125 0.046875 0.0375
0 0.75390625 0.92109375 0.06875 0.034375
0 0.82734375 0.06171875 0.05 0.021875
0 0.79453125 0.215625 0.0546875 0.021875
4 0.20546875 0.265625 0.225 0.071875
0 0.65078125 0.39296875 0.1265625 0.0375
0 0.565625 0.33671875 0.1640625 0.040625
5 0.81796875 0.625 0.078125 0.071875