2 0.759375 0.52109375 0.1859375 0.153125
3 0.57265625 0.78984375 0.1453125 0.15
3 0.3140625 0.2375 0.26875 0.20625
0 0.47578125 0.85 0.196875 0.0765625
4 0.61171875 0.290625 0.153125 0.0296875
3 0.71640625 0.31953125 0.0953125 0.071875
3 0.73046875 0.10546875 0.0875 0.071875
5 0.88828125 0.3828125 0.09375 0.125
1 0.596875 0.11640625 0.1390625 0.09375
3 0.465625 0.18359375 0.1546875 0.14375
3 0.75234375 0.38359375 0.078125 0.0609375
1 0.790625 0.18984375 0.05625 0.0421875
0 0.62734375 0.434375 0.0984375 0.0375
0 0.46015625 0.51015625 0.215625 0.05
0 0.5015625 0.56484375 0.21875 0.053125
4 0.65390625 0.02890625 0.109375 0.0328125
0 0.77265625 0.23671875 0.0765625 0.028125
1 0.69453125 0.41796875 0.109375 0.0546875
3 0.72421875 0.18828125 0.0875 0.0578125
0 0.77578125 0.278125 0.075 0.021875
3 0.80234375 0.06953125 0.053125 0.040625
1 0.14140625 0.41640625 0.2828125 0.2046875
3 0.5734375 0.571875 0.140625 0.128125
2 0.909375 0.22890625 0.0625 0.046875
0 0.79609375 0.328125 0.065625 0.021875
4 0.5015625 0.03984375 0.1328125 0.065625
3 0.80703125 0.13125 0.05625 0.040625
0 0.821875 0.2625 0.0625 0.015625
3 0.85546875 0.17109375 0.040625 0.028125
5 0.90234375 0.13203125 0.075 0.0453125
5 0.8546875 0.209375 0.046875 0.04375
1 0.80390625 0.22109375 0.06875 0.0203125
0 0.83046875 0.27734375 0.034375 0.0125
0 0.7875 0.1609375 0.0703125 0.015625
0 0.78359375 0.1859375 0.028125 0.0171875
0 0.82578125 0.10234375 0.0625 0.015625
3 0.86484375 0.08671875 0.034375 0.021875
3 0.81796875 0.153125 0.0484375 0.0109375
3 0.77734375 0.7796875 0.0484375 0.0640625