2 0.5203125 0.46171875 0.328125 0.5
2 0.4125 0.153125 0.1109375 0.06875
2 0.08671875 0.1984375 0.1734375 0.1921875
3 0.2609375 0.41015625 0.1671875 0.10625
3 0.23984375 0.56171875 0.209375 0.196875
0 0.23671875 0.65234375 0.06875 0.2765625
3 0.8359375 0.5359375 0.125 0.178125
3 0.778125 0.690625 0.1734375 0.296875
3 0.85703125 0.30390625 0.115625 0.090625
1 0.58046875 0.828125 0.21875 0.16875
1 0.8828125 0.40703125 0.0984375 0.175
4 0.82421875 0.409375 0.025 0.1171875
4 0.97265625 0.49765625 0.053125 0.1375
4 0.9546875 0.340625 0.025 0.13125
0 0.71328125 0.2078125 0.0203125 0.075
0 0.7671875 0.20390625 0.0140625 0.06875
3 0.7671296296875 0.17867231562500002 0.772089946875 0.1910310734375 0.772089946875 0.2051553671875 0.78201058125 0.20868644062500002 0.7919312171875 0.20868644062500002 0.79391534375 0.1839689265625 0.789947090625 0.1698446328125 0.7810185187500001 0.157485875 0.7770502640625 0.1610169484375 0.7611772484375 0.1610169484375 0.75621693125 0.1698446328125 0.75621693125 0.180437853125 0.7611772484375 0.1822033890625 0.7671296296875 0.17867231562500002
0 0.7453125 0.19296875 0.01875 0.06875
0 0.8265625 0.2125 0.0125 0.0625
0 0.81015625 0.19296875 0.0140625 0.0609375
0 0.86328125 0.1859375 0.015625 0.06875
3 0.8246693125 0.164548021875 0.8266534390625001 0.164548021875 0.8276455031250001 0.180437853125 0.8355820109375 0.1910310734375 0.8385582015624999 0.1927966109375 0.8415343921874999 0.1875 0.8435185187500001 0.1698446328125 0.846494709375 0.164548021875 0.8504629625 0.164548021875 0.8544312171874999 0.1751412421875 0.8574074078124999 0.1698446328125 0.8574074078124999 0.1592514125 0.852447090625 0.14689265468749999 0.8425264546875001 0.14336158125 0.8385582015624999 0.136299434375 0.8226851859375 0.136299434375 0.815740740625 0.152189265625 0.8137566140624999 0.1698446328125 0.8167328046875 0.17867231562500002 0.81871693125 0.17867231562500002 0.8246693125 0.164548021875
0 0.84765625 0.18359375 0.0125 0.0609375
0 0.91640625 0.19765625 0.0171875 0.065625
0 0.9 0.18671875 0.015625 0.05625
0 0.9234375 0.1609375 0.0125 0.040625
0 0.896875 0.1578125 0.015625 0.03125
0 0.9390625 0.16875 0.0140625 0.065625
3 0.878125 0.15703125 0.0171875 0.040625
3 0.8375 0.15390625 0.021875 0.028125
3 0.8328125 0.14609375 0.025 0.025
3 0.78359375 0.17890625 0.021875 0.046875