3 0.559375 0.55859375 0.15 0.14375
3 0.6265625 0.65859375 0.11875 0.11875
1 0.6 0.11328125 0.153125 0.1
1 0.7390625 0.20546875 0.090625 0.05625
3 0.7796875 0.10703125 0.059375 0.053125
3 0.46328125 0.18515625 0.153125 0.165625
3 0.73671875 0.378125 0.1046875 0.06875
3 0.78984375 0.74296875 0.06875 0.078125
4 0.20078125 0.25859375 0.221875 0.065625
0 0.6796875 0.42578125 0.09375 0.046875
4 0.49609375 0.0296875 0.121875 0.059375
0 0.67265625 0.31953125 0.071875 0.0421875
0 0.46640625 0.51484375 0.1671875 0.0625
3 0.84296875 0.15703125 0.046875 0.0375
0 0.5578125 0.31640625 0.15625 0.053125
3 0.29140625 0.23046875 0.284375 0.20625
0 0.58203125 0.378125 0.134375 0.0546875
0 0.73828125 0.29140625 0.075 0.0390625
1 0.775 0.15546875 0.08125 0.04375
4 0.65 0.03671875 0.146875 0.028125
3 0.7296875 0.05625 0.08125 0.0625
0 0.68046875 0.384375 0.0859375 0.028125
1 0.80703125 0.20234375 0.0359375 0.04375
5 0.77890625 0.29140625 0.09375 0.0546875
5 0.8484375 0.5296875 0.096875 0.0875
5 0.88046875 0.31328125 0.04375 0.04375
2 0.94453125 0.1140625 0.0453125 0.03125
0 0.8140625 0.05546875 0.053125 0.0140625
3 0.83828125 0.07734375 0.0484375 0.034375
5 0.884375 0.16484375 0.05 0.034375
0 0.8625 0.10078125 0.0421875 0.015625
3 0.8640625 0.1328125 0.040625 0.0265625
3 0.746875 0.4296875 0.08125 0.0328125
0 0.76328125 0.334375 0.08125 0.021875
3 0.7984375 0.36640625 0.0234375 0.0390625
0 0.7625 0.92578125 0.078125 0.0359375
0 0.740625 0.9953125 0.06875 0.009375
0 0.778125 0.71484375 0.0359375 0.01875