3 0.31875 0.253125 0.28125 0.2125
3 0.47109375 0.18671875 0.1890625 0.1578125
1 0.66796875 0.33203125 0.15625 0.0890625
3 0.640625 0.628125 0.153125 0.14375
2 0.5453125 0.84375 0.671875 0.3125
0 0.7859375 0.18828125 0.0875 0.0375
3 0.69765625 0.134375 0.128125 0.0765625
4 0.515625 0.03828125 0.1375 0.071875
3 0.75390625 0.43828125 0.103125 0.090625
3 0.88359375 0.13515625 0.0484375 0.04375
1 0.9046875 0.0953125 0.0609375 0.03125
4 0.68046875 0.0421875 0.14375 0.0203125
4 0.671875 0.071875 0.1484375 0.0375
4 0.66953125 0.1125 0.171875 0.04375
0 0.86015625 0.15390625 0.06875 0.01875
0 0.59921875 0.54609375 0.1609375 0.0578125
5 0.96796875 0.1765625 0.0640625 0.046875
5 0.9171875 0.3296875 0.059375 0.084375