3 0.68671875 0.12265625 0.11875 0.0859375
3 0.3125 0.2484375 0.275 0.20625
3 0.53515625 0.9203125 0.1953125 0.159375
5 0.890625 0.25703125 0.1 0.06875
3 0.4640625 0.1875 0.175 0.1578125
3 0.56484375 0.66796875 0.1703125 0.146875
0 0.44140625 0.834375 0.25625 0.071875
3 0.7984375 0.16484375 0.078125 0.053125
1 0.82265625 0.21953125 0.05 0.0453125
3 0.75078125 0.23125 0.0671875 0.0734375
0 0.48359375 0.625 0.2265625 0.06875
5 0.6703125 0.34140625 0.240625 0.1125
3 0.80078125 0.26875 0.0640625 0.05
4 0.6828125 0.053125 0.1125 0.046875
0 0.49609375 0.4328125 0.175 0.0609375
4 0.16796875 0.0640625 0.1515625 0.08125
3 0.86171875 0.19765625 0.0375 0.0359375
0 0.4671875 0.53671875 0.23125 0.053125
0 0.62265625 0.4609375 0.146875 0.034375
0 0.63359375 0.55546875 0.1546875 0.028125
0 0.70703125 0.54375 0.084375 0.0265625
5 0.82578125 0.4703125 0.1828125 0.1359375
5 0.71953125 0.59765625 0.134375 0.090625
1 0.85078125 0.10859375 0.0625 0.03125
0 0.85234375 0.05703125 0.05 0.015625
3 0.84609375 0.13984375 0.040625 0.03125
4 0.6265625 0.14140625 0.165625 0.025
4 0.603125 0.04765625 0.1734375 0.021875
0 0.49140625 0.03515625 0.115625 0.0609375
3 0.6796875 0.44609375 0.14375 0.096875