3 0.6453125 0.2625 0.25625 0.221875
3 0.425 0.28828125 0.1484375 0.171875
3 0.45625 0.60234375 0.165625 0.1546875
3 0.703125 0.75859375 0.2875 0.24375
1 0.3859375 0.70390625 0.159375 0.0953125
0 0.475 0.01171875 0.215625 0.021875
1 0.31640625 0.66015625 0.109375 0.10625
0 0.25703125 0.7671875 0.10625 0.040625
0 0.35 0.46640625 0.125 0.065625
3 0.559375 0.7984375 0.203125 0.18125
0 0.325 0.52890625 0.1234375 0.04375
3 0.22890625 0.0359375 0.09375 0.071875
1 0.1625 0.89140625 0.06875 0.04375
3 0.2078125 0.865625 0.0703125 0.059375
4 0.95859375 0.53046875 0.0828125 0.0546875
0 0.24921875 0.72421875 0.1 0.0375
3 0.11171875 0.840625 0.0390625 0.04375
4 0.33671875 0.9390625 0.115625 0.0421875
3 0.16484375 0.73046875 0.0375 0.03125
4 0.49140625 0.9609375 0.159375 0.0703125
3 0.175 0.77734375 0.0375 0.0484375
4 0.84140625 0.91171875 0.196875 0.0765625
4 0.4140625 0.95390625 0.1546875 0.0734375
0 0.15078125 0.85078125 0.05 0.021875
4 0.7734375 0.915625 0.0734375 0.0546875
0 0.4625 0.19296875 0.121875 0.0375
5 0.13671875 0.4421875 0.103125 0.0828125
0 0.29765625 0.6171875 0.1140625 0.025
3 0.26484375 0.5796875 0.1390625 0.053125
0 0.22734375 0.67734375 0.059375 0.021875
3 0.2 0.64765625 0.0640625 0.025
0 0.20859375 0.6375 0.0265625 0.0140625
0 0.16875 0.70625 0.0234375 0.0125
5 0.16875 0.66484375 0.040625 0.0546875
3 0.14921875 0.81640625 0.04375 0.0359375
0 0.13359375 0.84140625 0.05625 0.0125
0 0.37421875 0.86015625 0.140625 0.0375
4 0.34609375 0.903125 0.134375 0.0203125
3 0.3234375 0.86015625 0.11875 0.0640625
3 0.26328125 0.91640625 0.05625 0.0640625
3 0.2125 0.12734375 0.071875 0.05625