0 0.71171875 0.1453125 0.10625 0.0328125
3 0.3078125 0.20546875 0.24375 0.2125
3 0.4671875 0.146875 0.1703125 0.153125
3 0.80546875 0.85703125 0.071875 0.0984375
0 0.76328125 0.19375 0.0828125 0.015625
0 0.7578125 0.1921875 0.075 0.028125
3 0.5265625 0.61640625 0.209375 0.196875
3 0.81484375 0.16015625 0.065625 0.0609375
1 0.26875 0.87265625 0.378125 0.2453125
3 0.7078125 0.55 0.1015625 0.090625
5 0.8203125 0.34453125 0.1296875 0.075
3 0.60078125 0.82421875 0.178125 0.171875
0 0.72109375 0.22890625 0.15 0.05
4 0.71484375 0.0125 0.075 0.025
3 0.77109375 0.115625 0.0578125 0.0640625
3 0.7 0.07109375 0.115625 0.103125
0 0.665625 0.49765625 0.115625 0.046875
0 0.621875 0.09140625 0.1640625 0.040625
5 0.77421875 0.421875 0.15 0.09375
4 0.16171875 0.23359375 0.321875 0.0953125
0 0.921875 0.09765625 0.059375 0.040625
4 0.153125 0.03203125 0.30625 0.0625
4 0.50078125 0.00625 0.128125 0.0125
4 0.59765625 0.00703125 0.1546875 0.0140625
0 0.603125 0.29609375 0.171875 0.040625
0 0.70625 0.31484375 0.1 0.03125
0 0.61640625 0.38046875 0.15 0.0484375
1 0.109375 0.62734375 0.21875 0.33125
1 0.3640625 0.95546875 0.359375 0.0890625
3 0.79609375 0.9390625 0.075 0.059375
3 0.74375 0.9890625 0.0453125 0.021875
1 0.7890625 0.9828125 0.05625 0.034375
3 0.89609375 0.44453125 0.0625 0.034375
5 0.95078125 0.2203125 0.08125 0.05625
2 0.97421875 0.103125 0.0515625 0.034375
3 0.81171875 0.0171875 0.05625 0.03125
0 0.8109375 0.07109375 0.084375 0.0171875
0 0.85078125 0.08125 0.0671875 0.0375
0 0.865625 0.11015625 0.05 0.009375
3 0.8515625 0.13828125 0.053125 0.034375
3 0.8578125 0.20390625 0.05625 0.0359375
3 0.7953125 0.21875 0.0625 0.028125
3 0.8078125 0.26328125 0.10625 0.03125