3 0.23828125 0.6890625 0.18671875 0.253125
1 0.24375 0.24140625 0.0609375 0.0890625
2 0.6296875 0.18046875 0.134375 0.12265625
3 0.18359375 0.546875 0.1484375 0.1640625
3 0.44609375 0.2890625 0.08125 0.090625
2 0.1953125 0.1375 0.05625 0.05390625
1 0.50625 0.66328125 0.165625 0.290625
3 0.10625 0.278125 0.0671875 0.08203125
1 0.1703125 0.16953125 0.02734375 0.03046875
5 0.34453125 0.1953125 0.0578125 0.08671875
3 0.328125 0.2796875 0.07578125 0.0828125
3 0.196875 0.203125 0.04453125 0.05
3 0.09609375 0.203125 0.04765625 0.04453125
1 0.11796875 0.403125 0.10390625 0.153125
3 0.7125 0.58203125 0.24140625 0.271875
3 0.2375 0.18203125 0.0390625 0.0296875
3 0.603125 0.44609375 0.11484375 0.1515625
3 0.52421875 0.3390625 0.11328125 0.1296875
3 0.37734375 0.27109375 0.040625 0.075
0 0.14453125 0.23359375 0.0234375 0.06484375
0 0.1265625 0.18359375 0.02734375 0.05
4 0.04609375 0.34765625 0.0421875 0.11171875
1 0.16875 0.18984375 0.02109375 0.0453125
1 0.08515625 0.15390625 0.02421875 0.04296875
3 0.80859375 0.23984375 0.0734375 0.065625
0 0.13671875 0.134375 0.01015625 0.0328125
4 0.0359375 0.5265625 0.0546875 0.11015625