3 0.1875 0.4171875 0.1796875 0.1203125
0 0.28984375 0.28515625 0.0359375 0.084375
0 0.61875 0.46875 0.06640625 0.16953125
3 0.24140625 0.69375 0.18984375 0.2625
3 0.18125 0.5453125 0.146875 0.1703125
0 0.921875 0.6140625 0.1109375 0.2234375
1 0.3984375 0.36640625 0.084375 0.14296875
1 0.13125 0.17734375 0.0328125 0.09453125
0 0.1265625 0.35078125 0.01796875 0.06015625
0 0.14765625 0.21796875 0.02578125 0.065625
4 0.053125 0.45234375 0.05625 0.234375
3 0.25625 0.25390625 0.053125 0.05859375
5 0.825 0.33203125 0.3328125 0.378125
3 0.3296875 0.23046875 0.05234375 0.06953125
3 0.3921875 0.2609375 0.0765625 0.06484375
3 0.23828125 0.2140625 0.04375 0.05078125
3 0.21328125 0.19609375 0.0421875 0.05234375
0 0.24609375 0.10546875 0.0625 0.05234375
4 0.07578125 0.79921875 0.0609375 0.1484375
0 0.18828125 0.1625 0.01015625 0.0484375
0 0.1078125 0.21875 0.01640625 0.07109375
3 0.121875 0.31875 0.065625 0.0828125
5 0.11796875 0.10234375 0.05625 0.06484375