3 0.234375 0.69375 0.21953125 0.26796875
1 0.3609375 0.35390625 0.075 0.13515625
4 0.5546875 0.73984375 0.059375 0.2
3 0.1296875 0.334375 0.07265625 0.09453125
4 0.19296875 0.41171875 0.046875 0.09453125
3 0.95625 0.2546875 0.08046875 0.0875
2 0.92734375 0.88828125 0.134375 0.2203125
4 0.4421875 0.72890625 0.053125 0.21171875
0 0.1859375 0.24375 0.03203125 0.07265625
0 0.89296875 0.62109375 0.08671875 0.23671875
3 0.1828125 0.5421875 0.14921875 0.153125
0 0.2828125 0.2875 0.03359375 0.078125
0 0.79921875 0.51640625 0.0984375 0.1953125
3 0.1046875 0.2203125 0.05078125 0.0625
0 0.61640625 0.58828125 0.06484375 0.15234375
3 0.13828125 0.16171875 0.0328125 0.04140625
3 0.26875 0.196875 0.04765625 0.03125
0 0.6265625 0.37265625 0.05703125 0.09765625
4 0.05546875 0.46484375 0.03203125 0.18046875
0 0.2375 0.2640625 0.028125 0.071875
3 0.1828125 0.1859375 0.04765625 0.04453125
0 0.28515625 0.23046875 0.03671875 0.053125
3 0.67265625 0.2171875 0.0734375 0.04453125
3 0.33984375 0.2546875 0.0671875 0.06484375
0 0.15390625 0.2046875 0.025 0.0578125
3 0.22265625 0.21328125 0.0515625 0.03984375
4 0.46640625 0.96015625 0.07578125 0.0796875
4 0.07734375 0.871875 0.0625 0.10703125
4 0.07578125 0.7984375 0.06015625 0.13359375
3 0.7734375 0.2421875 0.0765625 0.0515625
3 0.23515625 0.17890625 0.0375 0.03125
0 0.80859375 0.85390625 0.11796875 0.29140625
4 0.05546875 0.3015625 0.015625 0.03125
4 0.08203125 0.4609375 0.02734375 0.1671875
3 0.4609375 0.3328125 0.08515625 0.11953125
1 0.57578125 0.18671875 0.03125 0.03984375
0 0.5984375 0.2015625 0.01328125 0.03125
0 0.52890625 0.1875 0.01171875 0.03515625
3 0.4859375 0.18359375 0.04375 0.0375
3 0.4421875 0.171875 0.0296875 0.02890625
3 0.3953125 0.15859375 0.03046875 0.02890625
0 0.15 0.1609375 0.0109375 0.034375
0 0.17734375 0.15625 0.00859375 0.01875
0 0.19453125 0.15625 0.00859375 0.015625
3 0.1609375 0.14375 0.01796875 0.03359375
3 0.14296875 0.1328125 0.01796875 0.0203125
0 0.09140625 0.1609375 0.01015625 0.04453125
0 0.1 0.1515625 0.00703125 0.040625
3 0.109375 0.14140625 0.01171875 0.03515625
3 0.11796875 0.14609375 0.0109375 0.03203125
3 0.0890625 0.125 0.015625 0.0265625
0 0.1 0.1234375 0.0046875 0.0109375
3 0.0703125 0.221875 0.021875 0.05546875
3 0.08359375 0.28984375 0.04375 0.05859375
0 0.86484375 0.47109375 0.040625 0.17421875
0 0.94609375 0.26953125 0.025 0.0625
3 0.8296875 0.23203125 0.05703125 0.071875