4 0.19765625 0.04765625 0.21875 0.0953125
4 0.17109375 0.0390625 0.16875 0.078125
3 0.31171875 0.225 0.309375 0.265625
3 0.4640625 0.17421875 0.240625 0.2328125
4 0.5375 0.01953125 0.178125 0.0390625
4 0.57109375 0.01953125 0.15625 0.0390625
0 0.6484375 0.0953125 0.146875 0.075
0 0.59765625 0.45390625 0.1828125 0.090625
0 0.6796875 0.5203125 0.159375 0.075
3 0.29140625 0.91796875 0.3515625 0.1640625
5 0.68828125 0.8546875 0.4609375 0.290625
0 0.52421875 0.7859375 0.2171875 0.1078125
3 0.6609375 0.42109375 0.1375 0.1328125
1 0.70390625 0.18515625 0.14375 0.0921875
3 0.71640625 0.2421875 0.1375 0.075
0 0.74296875 0.309375 0.115625 0.046875
0 0.7171875 0.32421875 0.1125 0.046875
3 0.815625 0.290625 0.096875 0.08125
3 0.6953125 0.09453125 0.1421875 0.09375
4 0.65546875 0.0171875 0.11875 0.034375
4 0.69765625 0.02109375 0.11875 0.0375
3 0.7953125 0.0671875 0.08125 0.09375
0 0.8234375 0.13359375 0.08125 0.028125
0 0.8171875 0.12109375 0.0703125 0.028125
3 0.81171875 0.18515625 0.071875 0.0671875
3 0.83359375 0.24140625 0.075 0.059375
5 0.80625 0.47578125 0.2140625 0.184375
0 0.8546875 0.1546875 0.0625 0.0125
0 0.84375 0.1015625 0.0640625 0.0203125
3 0.8296875 0.0203125 0.071875 0.040625
0 0.85390625 0.0734375 0.0578125 0.015625
1 0.8546875 0.053125 0.0640625 0.0375
3 0.90859375 0.10703125 0.04375 0.0375
0 0.89609375 0.11171875 0.03125 0.01875
0 0.896875 0.1390625 0.034375 0.0125
3 0.73515625 0.03671875 0.08125 0.0625
0 0.8578125 0.28671875 0.0234375 0.015625
3 0.87890625 0.16640625 0.0546875 0.0359375
3 0.91640625 0.05234375 0.03125 0.0296875
0 0.909375 0.05703125 0.028125 0.01875
3 0.8421875 0.59375 0.025 0.0609375
2 0.95546875 0.18125 0.0515625 0.034375
5 0.965625 0.13203125 0.046875 0.025
3 0.89453125 0.3359375 0.034375 0.028125
0 0.915625 0.28984375 0.028125 0.01875
1 0.9140625 0.3109375 0.03125 0.0234375