3 0.79609375 0.553125 0.2359375 0.23046875
0 0.52578125 0.58671875 0.07421875 0.2265625
0 0.41875 0.29296875 0.03515625 0.09921875
3 0.1859375 0.55859375 0.14296875 0.17265625
3 0.2328125 0.69765625 0.19140625 0.26484375
0 0.42265625 0.478125 0.05625 0.18828125
1 0.1140625 0.41953125 0.09765625 0.1703125
4 0.040625 0.51328125 0.065625 0.13125
4 0.0515625 0.34453125 0.0234375 0.11640625
5 0.2265625 0.20234375 0.0421875 0.0625
1 0.215625 0.159375 0.03125 0.02890625
0 0.31171875 0.33828125 0.03125 0.13125
0 0.22578125 0.2625 0.04140625 0.0890625
0 0.84296875 0.77109375 0.1375 0.30859375
3 0.3546875 0.296875 0.0609375 0.10390625
3 0.290625 0.271875 0.05078125 0.08671875
3 0.303125 0.2125 0.05703125 0.06953125
3 0.4953125 0.35546875 0.09453125 0.12578125
0 0.440625 0.3890625 0.0296875 0.10859375
4 0.26640625 0.8015625 0.04453125 0.25390625
0 0.85546875 0.23515625 0.02109375 0.03515625
1 0.51953125 0.1796875 0.03203125 0.0453125
1 0.58359375 0.19375 0.028125 0.04296875
5 0.6234375 0.19453125 0.04296875 0.06015625
0 0.740625 0.22734375 0.0203125 0.040625
1 0.14375 0.2421875 0.04375 0.0890625
1 0.115625 0.1921875 0.02734375 0.04765625
1 0.0859375 0.17265625 0.03046875 0.0640625
3 0.16953125 0.1796875 0.03203125 0.05
3 0.1765625 0.1546875 0.028125 0.040625
3 0.1359375 0.165625 0.02578125 0.03828125
3 0.1140625 0.14140625 0.0234375 0.03671875
5 0.1359375 0.1015625 0.0453125 0.07734375
4 0.06953125 0.2984375 0.01875 0.0546875
4 0.08984375 0.3046875 0.0203125 0.04296875