2 0.0875 0.9453125 0.175 0.109375
3 0.446875 0.15703125 0.1875 0.1578125
3 0.3 0.20546875 0.275 0.184375
3 0.6296875 0.17421875 0.165625 0.128125
0 0.49140625 0.89296875 0.190625 0.0859375
0 0.55234375 0.64765625 0.2171875 0.09375
3 0.684375 0.08671875 0.1171875 0.0828125
0 0.75703125 0.25703125 0.075 0.03125
3 0.83671875 0.21484375 0.0625 0.05625
4 0.1828125 0.33125 0.2421875 0.0828125
0 0.53359375 0.7546875 0.196875 0.078125
3 0.609375 0.76015625 0.1515625 0.1453125
4 0.14765625 0.0515625 0.2125 0.084375
4 0.47734375 0.02578125 0.2296875 0.04375
4 0.5546875 0.009375 0.2125 0.01875
3 0.80234375 0.021875 0.071875 0.04375
0 0.7625 0.15703125 0.0953125 0.0265625
0 0.815625 0.10859375 0.0765625 0.01875
1 0.83828125 0.08046875 0.0671875 0.034375
3 0.834375 0.1546875 0.053125 0.04375
3 0.79140625 0.2890625 0.09375 0.05625
3 0.778125 0.95234375 0.0890625 0.0953125
3 0.79140625 0.8 0.053125 0.0609375
3 0.79921875 0.853125 0.0671875 0.0625
1 0.7890625 0.72109375 0.053125 0.046875
5 0.65234375 0.45234375 0.33125 0.1828125
1 0.8484375 0.4984375 0.059375 0.04375
5 0.9203125 0.2703125 0.0671875 0.0578125
5 0.921875 0.1140625 0.065625 0.059375
0 0.865625 0.04921875 0.05 0.015625