1 0.1015625 0.19140625 0.05 0.071875
3 0.2390625 0.7 0.2 0.2671875
3 0.140625 0.446875 0.18671875 0.15234375
3 0.18671875 0.5671875 0.15703125 0.20546875
0 0.584375 0.46640625 0.08359375 0.16484375
3 0.13984375 0.146875 0.03671875 0.04296875
3 0.28203125 0.28671875 0.071875 0.0859375
3 0.375 0.33671875 0.0953125 0.10703125
0 0.85546875 0.47421875 0.07578125 0.19375
4 0.0390625 0.51015625 0.0703125 0.13125
0 0.1640625 0.20625 0.02890625 0.04765625
0 0.4859375 0.38203125 0.04375 0.13671875
0 0.49140625 0.30859375 0.0375 0.09140625
0 0.7046875 0.52578125 0.08125 0.128125
4 0.0640625 0.3375 0.0640625 0.1375
1 0.66640625 0.70546875 0.1875 0.3546875
1 0.296875 0.22734375 0.046875 0.05234375
3 0.41328125 0.2703125 0.0875 0.0859375
3 0.21875 0.2234375 0.05234375 0.06328125
2 0.321875 0.1265625 0.06171875 0.0671875
4 0.27734375 0.77265625 0.10546875 0.2671875
4 0.0625 0.80390625 0.1140625 0.20234375
0 0.21015625 0.2828125 0.028125 0.1109375
0 0.28203125 0.35078125 0.03125 0.13359375
0 0.446875 0.44765625 0.04609375 0.18359375
3 0.1671875 0.16328125 0.0390625 0.05859375
0 0.2 0.1625 0.01796875 0.05
0 0.5140625 0.18046875 0.01640625 0.03125
3 0.61484375 0.2015625 0.0546875 0.03984375