3 0.225 0.6921875 0.203125 0.2703125
3 0.10234375 0.33125 0.0859375 0.1015625
0 0.23828125 0.2515625 0.025 0.075
2 0.1078125 0.15546875 0.078125 0.103125
3 0.159375 0.540625 0.153125 0.1734375
3 0.23046875 0.1703125 0.053125 0.065625
0 0.19296875 0.309375 0.034375 0.1203125
3 0.3078125 0.2828125 0.0796875 0.0984375
3 0.925 0.2265625 0.096875 0.078125
3 0.315625 0.240625 0.071875 0.109375
0 0.05859375 0.14609375 0.01875 0.0453125
3 0.25234375 0.23671875 0.05 0.0578125
2 0.68828125 0.60078125 0.6234375 0.7953125
4 0.05 0.840625 0.0734375 0.1640625
4 0.1734375 0.85234375 0.0640625 0.15625
4 0.03671875 0.5203125 0.0734375 0.234375
0 0.14921875 0.2703125 0.028125 0.103125
0 0.1046875 0.24140625 0.025 0.06875
1 0.15390625 0.2328125 0.05 0.10625
1 0.20859375 0.27890625 0.059375 0.121875
0 0.18671875 0.18203125 0.0171875 0.0640625
3 0.19609375 0.15703125 0.034375 0.053125
3 0.37109375 0.2390625 0.05 0.078125
3 0.3453125 0.38671875 0.0515625 0.128125
4 0.025 0.31484375 0.0265625 0.084375
4 0.02734375 0.3578125 0.025 0.05625
3 0.0359375 0.25234375 0.071875 0.05625
0 0.0890625 0.2046875 0.015625 0.0609375
0 0.1546875 0.16875 0.0109375 0.03125
3 0.1546875 0.15703125 0.0265625 0.04375
3 0.1625 0.1390625 0.021875 0.040625
3 0.271875 0.20234375 0.025 0.0484375
5 0.65234375 0.16328125 0.084375 0.0953125
4 0.34453125 0.95625 0.05625 0.0875