3 0.54375 0.39765625 0.12109375 0.13125
3 0.4515625 0.29609375 0.0953125 0.09609375
1 0.32421875 0.30390625 0.06484375 0.11796875
5 0.2453125 0.1625 0.08671875 0.09765625
3 0.14140625 0.23125 0.071875 0.06953125
1 0.65625 0.36484375 0.11875 0.12578125
3 0.23125 0.69921875 0.2171875 0.29140625
1 0.2015625 0.21640625 0.04765625 0.07578125
1 0.25 0.40546875 0.0703125 0.1640625
0 0.2484375 0.2859375 0.040625 0.0953125
0 0.41953125 0.528125 0.06953125 0.20234375
3 0.96796875 0.2953125 0.06328125 0.078125
4 0.05234375 0.346875 0.0265625 0.11328125
1 0.4734375 0.1765625 0.0703125 0.05
1 0.09296875 0.15234375 0.03203125 0.053125
4 0.03828125 0.50390625 0.0609375 0.1234375
1 0.65078125 0.215625 0.0765625 0.040625
3 0.18203125 0.5484375 0.15390625 0.1625
4 0.26015625 0.796875 0.06640625 0.21328125
1 0.89921875 0.2578125 0.153125 0.0640625
4 0.075 0.8265625 0.08046875 0.184375
0 0.7234375 0.2171875 0.03125 0.05078125