2 0.378125 0.38125 0.25078125 0.390625
3 0.23125 0.6734375 0.1921875 0.21953125
1 0.1140625 0.4046875 0.10234375 0.15390625
3 0.090625 0.2890625 0.08046875 0.07890625
3 0.72734375 0.86953125 0.26171875 0.25859375
0 0.21484375 0.275 0.03828125 0.0921875
3 0.18203125 0.5421875 0.15625 0.1578125
4 0.05078125 0.34921875 0.034375 0.11328125
3 0.68203125 0.40078125 0.14765625 0.1359375
2 0.65078125 0.19375 0.13515625 0.09296875
4 0.04140625 0.50859375 0.07109375 0.146875
3 0.95390625 0.271875 0.0921875 0.078125
0 0.13515625 0.18984375 0.0171875 0.05546875
1 0.78671875 0.234375 0.08984375 0.0515625
3 0.5328125 0.3984375 0.0578125 0.14765625
3 0.51953125 0.3078125 0.03515625 0.0578125
4 0.221875 0.83984375 0.05078125 0.18046875
4 0.1875 0.40859375 0.03359375 0.10078125
4 0.03359375 0.2875 0.015625 0.0484375
0 0.14765625 0.17421875 0.0109375 0.04296875
0 0.190625 0.18046875 0.00703125 0.053125
0 0.1984375 0.17578125 0.0109375 0.053125
0 0.228125 0.190625 0.0109375 0.0609375
0 0.0765625 0.1640625 0.0140625 0.05546875
0 0.06015625 0.17265625 0.01484375 0.04140625
0 0.10859375 0.171875 0.01015625 0.046875
0 0.12109375 0.165625 0.01015625 0.04609375
3 0.09453125 0.15390625 0.0171875 0.03359375
3 0.1328125 0.1390625 0.01484375 0.02734375
3 0.16015625 0.15625 0.01484375 0.040625
3 0.18125 0.16953125 0.0171875 0.03984375
1 0.42109375 0.86328125 0.2359375 0.2734375