1 0.23984375 0.29609375 0.12578125 0.121875
1 0.45 0.37734375 0.10078125 0.15625
3 0.75390625 0.76328125 0.2828125 0.33984375
0 0.753125 0.515625 0.071875 0.15703125
1 0.1203125 0.41328125 0.096875 0.15
0 0.3515625 0.390625 0.0484375 0.13515625
1 0.303125 0.21953125 0.0515625 0.0734375
0 0.83984375 0.47734375 0.059375 0.1625
3 0.09609375 0.1796875 0.0515625 0.0515625
0 0.146875 0.2234375 0.02734375 0.0578125
3 0.184375 0.54453125 0.15078125 0.1578125
3 0.23125 0.703125 0.2234375 0.278125
1 0.09921875 0.13515625 0.03828125 0.04765625
0 0.16015625 0.16953125 0.025 0.04453125
4 0.0375 0.5 0.0546875 0.1359375
0 0.946875 0.64375 0.09921875 0.2609375
3 0.24453125 0.196875 0.0515625 0.0453125
1 0.83671875 0.2390625 0.09765625 0.065625
4 0.05234375 0.34453125 0.03515625 0.11640625
4 0.25546875 0.7953125 0.0578125 0.259375
4 0.1671875 0.9421875 0.06875 0.115625
5 0.5 0.16953125 0.059375 0.07734375
5 0.31484375 0.125 0.05390625 0.05390625
2 0.17734375 0.08671875 0.0328125 0.04453125
3 0.13515625 0.1734375 0.028125 0.04453125
3 0.13203125 0.13515625 0.03125 0.03984375
4 0.07265625 0.30390625 0.0171875 0.0765625
1 0.5859375 0.19609375 0.03203125 0.04609375
2 0.12578125 0.078125 0.02265625 0.0390625