3 0.55234375 0.66171875 0.21015625 0.25078125
3 0.23671875 0.6578125 0.19765625 0.18125
1 0.11640625 0.40703125 0.10625 0.1515625
2 0.72265625 0.2046875 0.16015625 0.1171875
3 0.1859375 0.54609375 0.15078125 0.16171875
2 0.3 0.31953125 0.20703125 0.3296875
5 0.9203125 0.59453125 0.15859375 0.26953125
4 0.1953125 0.421875 0.04296875 0.08515625
1 0.97890625 0.28515625 0.0421875 0.0796875
3 0.4640625 0.3109375 0.08984375 0.0859375
4 0.240625 0.81875 0.0671875 0.16640625
4 0.034375 0.51328125 0.06875 0.1203125
0 0.5390625 0.38125 0.0375 0.1203125
0 0.13046875 0.23515625 0.01875 0.06796875
0 0.20859375 0.27109375 0.02265625 0.084375
0 0.15625 0.1578125 0.0109375 0.04765625
0 0.184375 0.17109375 0.01015625 0.04609375
0 0.1140625 0.15703125 0.025 0.05703125