3 0.63984375 0.5765625 0.2296875 0.234375
3 0.42734375 0.41796875 0.13359375 0.15546875
3 0.18203125 0.54453125 0.14375 0.16640625
3 0.24375 0.69375 0.20078125 0.2625
0 0.1453125 0.22734375 0.0234375 0.0515625
3 0.92421875 0.6609375 0.14765625 0.31640625
5 0.24375 0.1890625 0.053125 0.09453125
4 0.08125 0.23515625 0.015625 0.03515625
4 0.0921875 0.24296875 0.015625 0.0421875
3 0.11328125 0.3328125 0.07265625 0.1
0 0.98046875 0.26328125 0.0390625 0.10078125
0 0.1625 0.240625 0.01796875 0.06171875
0 0.15546875 0.2421875 0.028125 0.06328125
0 0.9421875 0.846875 0.1078125 0.30390625
0 0.1375 0.37734375 0.0484375 0.1109375
5 0.3375 0.215625 0.06328125 0.08046875
3 0.27734375 0.24453125 0.06015625 0.06484375
0 0.38984375 0.28359375 0.04765625 0.06640625
3 0.2015625 0.234375 0.0484375 0.06171875
0 0.31328125 0.284375 0.05 0.0796875
3 0.225 0.32734375 0.06875 0.10859375
0 0.15390625 0.11875 0.04609375 0.06875
1 0.109375 0.18671875 0.02890625 0.06328125
0 0.0625 0.1828125 0.0578125 0.046875
0 0.3125 0.340625 0.07109375 0.165625
3 0.17890625 0.1890625 0.0390625 0.04765625
4 0.49140625 0.928125 0.0625 0.14375
4 0.07421875 0.8484375 0.075 0.13828125
4 0.08671875 0.75546875 0.05078125 0.06484375
4 0.0140625 0.809375 0.028125 0.3265625
4 0.03671875 0.51015625 0.06796875 0.1359375
4 0.0515625 0.4265625 0.03203125 0.1640625
3 0.08515625 0.3125 0.0359375 0.10390625
4 0.0546875 0.321875 0.0203125 0.06484375
2 0.2078125 0.1640625 0.02109375 0.07109375
3 0.38671875 0.240625 0.0625 0.0375
5 0.1421875 0.06484375 0.03046875 0.0328125
5 0.4 0.14765625 0.0578125 0.06171875
3 0.68828125 0.21484375 0.06640625 0.06171875
3 0.75 0.225 0.0484375 0.04140625
3 0.825 0.2375 0.05546875 0.05859375
3 0.925 0.271875 0.0734375 0.0640625
3 0.92109375 0.23046875 0.07421875 0.0484375