1 0.32265625 0.25703125 0.059375 0.090625
3 0.2375 0.65 0.1609375 0.1625
3 0.71015625 0.61875 0.215625 0.234375
3 0.18046875 0.54765625 0.14375 0.165625
0 0.35390625 0.30234375 0.04375 0.1
1 0.12109375 0.4140625 0.10625 0.1640625
4 0.046875 0.340625 0.0265625 0.115625
3 0.23203125 0.23203125 0.059375 0.06875
4 0.25546875 0.79140625 0.0421875 0.2375
0 0.23828125 0.3375 0.040625 0.125
3 0.4140625 0.2703125 0.05625 0.0859375
4 0.03984375 0.5171875 0.06875 0.128125
3 0.47890625 0.31484375 0.0921875 0.090625
1 0.75625 0.23046875 0.096875 0.0453125
5 0.17265625 0.19296875 0.0375 0.08125
3 0.125 0.153125 0.0328125 0.0484375
3 0.1953125 0.1734375 0.01875 0.059375
3 0.2734375 0.19765625 0.034375 0.065625
0 0.25 0.196875 0.0125 0.034375
3 0.35703125 0.23046875 0.028125 0.0625
1 0.7359375 0.2234375 0.0546875 0.053125
4 0.159375 0.8875 0.05625 0.08125
0 0.08359375 0.175 0.01875 0.059375
3 0.1390625 0.13515625 0.015625 0.034375
3 0.171875 0.140625 0.0265625 0.025
3 0.84921875 0.2375 0.090625 0.0765625