3 0.76484375 0.6921875 0.2265625 0.275
3 0.87734375 0.31953125 0.078125 0.0875
0 0.684375 0.396875 0.04375 0.1609375
5 0.63046875 0.2828125 0.1125 0.1265625
3 0.81015625 0.409375 0.128125 0.1140625
0 0.6265625 0.41015625 0.053125 0.153125
5 0.70625 0.175 0.1265625 0.090625
0 0.83046875 0.22421875 0.034375 0.065625
3 0.81328125 0.53828125 0.15 0.159375
3 0.0546875 0.234375 0.109375 0.0796875
1 0.91171875 0.17890625 0.046875 0.075
4 0.9203125 0.88671875 0.06875 0.14375
5 0.821875 0.1328125 0.046875 0.053125
0 0.47890625 0.3546875 0.0546875 0.121875
0 0.740625 0.2203125 0.025 0.06875
3 0.01484375 0.2703125 0.028125 0.0984375
5 0.34609375 0.328125 0.134375 0.159375
4 0.91171875 0.8109375 0.065625 0.1484375
3 0.5765625 0.28125 0.03125 0.11875
3 0.8015625 0.1953125 0.0375 0.071875
5 0.73984375 0.1296875 0.071875 0.115625
0 0.85234375 0.18671875 0.0125 0.0546875
5 0.85625 0.06328125 0.028125 0.046875
1 0.9328125 0.21171875 0.034375 0.0703125
0 0.86171875 0.32890625 0.025 0.0453125
3 0.93359375 0.2984375 0.04375 0.1
4 0.9515625 0.30859375 0.021875 0.05
4 0.94765625 0.46171875 0.065625 0.19375
4 0.715625 0.98203125 0.05 0.0359375
3 0.1625 0.22734375 0.059375 0.08125