3 0.246875 0.68359375 0.1890625 0.25
2 0.5515625 0.56171875 0.38828125 0.5625
5 0.9453125 0.2109375 0.096875 0.2328125
1 0.8015625 0.58046875 0.11875 0.2609375
3 0.18125 0.540625 0.14140625 0.1609375
0 0.95234375 0.7078125 0.09453125 0.2953125
0 0.1328125 0.3953125 0.04765625 0.12734375
1 0.20625 0.2421875 0.05390625 0.09921875
3 0.94765625 0.59296875 0.0921875 0.20625
2 0.1625 0.140625 0.065625 0.08828125
0 0.34296875 0.2828125 0.04375 0.07890625
0 0.14375 0.20703125 0.02890625 0.08359375
3 0.8203125 0.2328125 0.04921875 0.07421875
0 0.10234375 0.18203125 0.0265625 0.06953125
0 0.2859375 0.29296875 0.03828125 0.0828125
4 0.05625 0.7875 0.11171875 0.24609375
0 0.31484375 0.23359375 0.05703125 0.075
0 0.11484375 0.1734375 0.01875 0.05
1 0.746875 0.90625 0.29765625 0.1875
4 0.16796875 0.79140625 0.05 0.29765625
4 0.28828125 0.83671875 0.0609375 0.184375
4 0.03515625 0.5078125 0.0484375 0.11484375
4 0.04921875 0.40234375 0.02890625 0.15078125
4 0.0625 0.32578125 0.03671875 0.06796875
0 0.3453125 0.3609375 0.03125 0.13515625
0 0.275 0.234375 0.02421875 0.05703125
3 0.23671875 0.21875 0.0296875 0.0734375
0 0.20234375 0.16796875 0.01171875 0.04921875
0 0.2453125 0.18828125 0.0171875 0.03515625
4 0.8328125 0.234375 0.01328125 0.04765625
3 0.89453125 0.2390625 0.04765625 0.0671875