5 0.5921875 0.2515625 0.2125 0.278125
3 0.21171875 0.69375 0.209375 0.278125
3 0.153125 0.53828125 0.1578125 0.18125
3 0.0609375 0.23046875 0.090625 0.053125
1 0.1921875 0.31875 0.078125 0.140625
5 0.95078125 0.39765625 0.096875 0.46875
3 0.4546875 0.39140625 0.1296875 0.140625
3 0.190625 0.13984375 0.034375 0.0359375
0 0.3390625 0.31875 0.053125 0.134375
3 0.31484375 0.21875 0.06875 0.0765625
3 0.26875 0.31484375 0.084375 0.11875
0 0.6140625 0.4 0.05625 0.1484375
3 0.21171875 0.22109375 0.05625 0.0640625
0 0.14375 0.2140625 0.034375 0.078125
0 0.1171875 0.18125 0.025 0.0625
0 0.0890625 0.1671875 0.0171875 0.0578125
0 0.1984375 0.1671875 0.025 0.0390625
0 0.103125 0.375 0.046875 0.153125
0 0.11171875 0.18515625 0.015625 0.065625
0 0.15234375 0.18515625 0.0375 0.0765625
1 0.06015625 0.17734375 0.0359375 0.046875
4 0.01796875 0.4078125 0.021875 0.153125
4 0.02265625 0.2984375 0.03125 0.06875
0 0.55703125 0.4796875 0.071875 0.215625
4 0.04375 0.84140625 0.05 0.1375
4 0.05703125 0.75078125 0.040625 0.059375
4 0.48359375 0.95234375 0.090625 0.0953125
4 0.0125 0.496875 0.025 0.1203125
4 0.2671875 0.234375 0.025 0.0390625
3 0.2625 0.1859375 0.0453125 0.05625
0 0.13046875 0.13515625 0.0328125 0.03125
3 0.12421875 0.1109375 0.028125 0.0390625
1 0.1 0.15625 0.009375 0.0625
0 0.1734375 0.16953125 0.0125 0.0609375
0 0.16328125 0.1328125 0.0109375 0.028125
3 0.05703125 0.13671875 0.0375 0.0328125
3 0.0703125 0.3109375 0.0484375 0.1125
3 0.828125 0.20546875 0.059375 0.06875
3 0.90390625 0.21640625 0.04375 0.06875