3 0.7703125 0.2734375 0.096875 0.109375
5 0.4671875 0.178125 0.2 0.271875
0 0.715625 0.23828125 0.0234375 0.1125
3 0.815625 0.52265625 0.1578125 0.175
3 0.6015625 0.278125 0.1 0.1171875
3 0.7546875 0.671875 0.2125 0.246875
0 0.28359375 0.871875 0.146875 0.25625
1 0.76484375 0.16015625 0.059375 0.103125
1 0.88828125 0.384375 0.109375 0.184375
3 0.63359375 0.2109375 0.0546875 0.075
0 0.87421875 0.12421875 0.015625 0.040625
5 0.05234375 0.75625 0.103125 0.4171875
3 0.4515625 0.3578125 0.13125 0.14375
0 0.56484375 0.49765625 0.075 0.215625
4 0.9671875 0.48984375 0.065625 0.15
1 0.31796875 0.15703125 0.05 0.04375
5 0.0640625 0.2921875 0.128125 0.5296875
3 0.88828125 0.178125 0.059375 0.075
4 0.96484375 0.32109375 0.025 0.15
3 0.67421875 0.171875 0.04375 0.071875
3 0.85625 0.11171875 0.01875 0.053125
0 0.83984375 0.1265625 0.015625 0.053125
3 0.94140625 0.2359375 0.065625 0.084375
0 0.42734375 0.7015625 0.10625 0.3015625
0 0.71640625 0.18125 0.0234375 0.059375
0 0.84296875 0.2140625 0.025 0.09375
0 0.14296875 0.565625 0.08125 0.25
0 0.7859375 0.18359375 0.015625 0.059375
0 0.81171875 0.20234375 0.015625 0.0875
0 0.84140625 0.13046875 0.0140625 0.05625
3 0.81171875 0.10625 0.03125 0.0375
0 0.93984375 0.128125 0.0125 0.05625
0 0.925 0.134375 0.0125 0.0609375
1 0.9109375 0.1109375 0.021875 0.0421875
3 0.8890625 0.10546875 0.015625 0.0375
2 0.7671875 0.0375 0.05 0.0625
4 0.9796875 0.2515625 0.0140625 0.0546875
4 0.73203125 0.80078125 0.04375 0.2828125