5 0.7875 0.51484375 0.2765625 0.184375
3 0.5859375 0.84765625 0.128125 0.1328125
5 0.76484375 0.696875 0.184375 0.0890625
5 0.671875 0.32265625 0.278125 0.25625
3 0.2890625 0.79140625 0.2828125 0.20625
3 0.4484375 0.85390625 0.178125 0.153125
0 0.72578125 0.77890625 0.1 0.0328125
3 0.625 0.578125 0.1671875 0.134375
0 0.8125 0.8890625 0.06875 0.015625
5 0.80546875 0.25234375 0.090625 0.090625
5 0.28828125 0.0765625 0.5765625 0.153125
3 0.7828125 0.1671875 0.0609375 0.065625
3 0.85703125 0.8953125 0.040625 0.0390625
3 0.70234375 0.97265625 0.0734375 0.0546875
1 0.8140625 0.93125 0.059375 0.04375
3 0.6828125 0.90859375 0.103125 0.121875
3 0.759375 0.0546875 0.103125 0.109375
3 0.86484375 0.93046875 0.040625 0.028125
1 0.86796875 0.62421875 0.040625 0.0546875
0 0.80390625 0.81484375 0.065625 0.0203125
0 0.5984375 0.67578125 0.15 0.0453125
3 0.8671875 0.87421875 0.05 0.03125
3 0.88984375 0.925 0.0375 0.034375
3 0.9046875 0.95234375 0.0375 0.025
4 0.7734375 0.9671875 0.04375 0.0125
0 0.846875 0.959375 0.05625 0.015625
4 0.68671875 0.9953125 0.04375 0.009375
4 0.51640625 0.9921875 0.2203125 0.015625
4 0.16875 0.96015625 0.15625 0.0609375
4 0.015625 0.77578125 0.03125 0.0546875