3 0.66953125 0.09921875 0.1 0.090625
3 0.1484375 0.90234375 0.296875 0.19375
3 0.30859375 0.2171875 0.265625 0.2
3 0.5671875 0.85703125 0.15625 0.184375
3 0.46015625 0.15859375 0.16875 0.1625
1 0.71640625 0.4859375 0.090625 0.078125
0 0.4328125 0.71875 0.23125 0.0703125
1 0.74296875 0.1453125 0.096875 0.06875
2 0.70390625 0.30390625 0.2625 0.225
5 0.84375 0.33046875 0.0734375 0.06875
3 0.865625 0.1484375 0.040625 0.040625
3 0.84609375 0.11484375 0.046875 0.04375
3 0.55078125 0.4625 0.165625 0.134375
4 0.496875 0.02265625 0.1234375 0.04375
0 0.615625 0.61875 0.1125 0.0734375
5 0.91171875 0.08515625 0.0359375 0.021875
1 0.66953125 0.4515625 0.0875 0.084375
4 0.703125 0.01796875 0.05625 0.034375
0 0.83203125 0.06328125 0.0578125 0.034375
0 0.59765625 0.596875 0.1375 0.103125
0 0.8109375 0.6 0.040625 0.0125
1 0.80703125 0.64375 0.0421875 0.0453125
0 0.82421875 0.12890625 0.053125 0.025
1 0.77421875 0.8390625 0.04375 0.0640625
1 0.5625 0.70546875 0.15 0.1328125
5 0.89140625 0.11953125 0.03125 0.03125
0 0.35859375 0.903125 0.234375 0.103125
4 0.0640625 0.47734375 0.128125 0.125
4 0.16015625 0.040625 0.165625 0.0546875
4 0.59609375 0.02109375 0.153125 0.0234375
3 0.7265625 0.05234375 0.059375 0.0578125
3 0.878125 0.0953125 0.03125 0.028125
3 0.8484375 0.0828125 0.053125 0.021875
3 0.83984375 0.19609375 0.040625 0.0359375
0 0.77109375 0.18828125 0.0765625 0.01875
3 0.8125 0.19765625 0.034375 0.025
4 0.5234375 0.25703125 0.153125 0.0375
0 0.55859375 0.2859375 0.16875 0.028125
0 0.48984375 0.50234375 0.2140625 0.0390625
0 0.646875 0.62890625 0.075 0.0328125
0 0.69140625 0.63515625 0.0375 0.025
0 0.4671875 0.59921875 0.2 0.059375
0 0.3828125 0.9921875 0.159375 0.015625
3 0.7703125 0.9296875 0.084375 0.0984375
3 0.790625 0.73046875 0.05625 0.084375
3 0.81484375 0.578125 0.040625 0.028125