2 0.51484375 0.5703125 0.6140625 0.4109375
2 0.8640625 0.58984375 0.109375 0.109375
2 0.9075392921875001 1 0.9103634578124999 0.9984116015625 0.9103634578124999 0.975621546875 0.9140471515625 0.9735497234375 0.9140471515625 0.9673342546875 0.92509823125 0.9611187843750001 0.92509823125 0.940400553125 0.9140471515625 0.9279696124999999 0.928781925 0.917610496875 0.93246561875 0.9113950281250001 0.93246561875 0.8430248625000001 0.9361493125000001 0.8409530390625 0.9361493125000001 0.7435773484375 0.9195726921875 0.7404696125 0.9177308453125 0.7332182328125 0.9085216109375001 0.730110496875 0.88641945 0.7280386734375 0.88273575625 0.7259668515625 0.8569499015625001 0.7259668515625 0.8532662078125 0.7238950281250001 0.8201129671875 0.7238950281250001 0.8109037328124999 0.7290745859375 0.8109037328124999 0.7394337015625 0.8145874265625 0.741505525 0.8182711203125 0.7560082875 0.84774066875 0.77051105 0.8514243609375001 0.7933011046875 0.84774066875 0.795372928125 0.844056975 0.809875690625 0.82563850625 0.8264502765625 0.82563850625 0.853383978125 0.8219548140624999 0.8554558015625 0.8145874265625 0.9051795578125 0.8053781921875001 0.9103591156249999 0.79064341875 0.9124309390625 0.777750490625 0.917610496875 0.774066796875 0.93625690625 0.7666994109374999 0.9445441984375 0.7593320234375 0.969406078125 0.74828094375 0.9776933703124999 0.74091355625 0.9901243093750001 0.729862475 0.9963397796875 0.7304540984375001 1 0.9075392921875001 1
5 0.68984375 0.83828125 0.315625 0.15
3 0.7140625 0.21328125 0.134375 0.1203125
3 0.4734375 0.19921875 0.190625 0.171875
3 0.3328125 0.24765625 0.303125 0.221875
3 0.30234375 0.93046875 0.334375 0.1390625
3 0.515625 0.9296875 0.1609375 0.140625
1 0.6125 0.11328125 0.1875 0.11875
4 0.54140625 0.04140625 0.1640625 0.08125
4 0.63984375 0.17890625 0.13125 0.034375
0 0.81640625 0.2125 0.078125 0.0171875
0 0.84453125 0.1859375 0.059375 0.01875
0 0.82578125 0.2265625 0.0609375 0.0125
0 0.81875 0.27265625 0.0640625 0.015625
0 0.8328125 0.3015625 0.0875 0.015625
0 0.80625 0.3375 0.084375 0.01875
0 0.82265625 0.10390625 0.090625 0.021875
0 0.8515625 0.0796875 0.0640625 0.015625
0 0.8328125 0.12421875 0.0625 0.0234375
0 0.834375 0.1671875 0.059375 0.025
3 0.8390625 0.26484375 0.05 0.04375
3 0.87734375 0.2078125 0.0421875 0.0296875
3 0.8734375 0.17734375 0.0234375 0.0328125
3 0.86640625 0.1421875 0.046875 0.0421875
3 0.90703125 0.09375 0.034375 0.028125