3 0.63203125 0.240625 0.096875 0.09375
3 0.784375 0.6671875 0.246875 0.30625
2 0.43125 0.08515625 0.109375 0.1046875
2 0.1078125 0.15234375 0.215625 0.203125
1 0.1921875 0.46328125 0.1765625 0.2375
4 0.78515625 0.83984375 0.075 0.175
1 0.83671875 0.1515625 0.0640625 0.09375
4 0.94609375 0.86484375 0.0875 0.134375
2 0.115625 0.75625 0.228125 0.4875
0 0.71484375 0.13828125 0.028125 0.071875
4 0.65625 0.8703125 0.0875 0.11875
4 0.81484375 0.24140625 0.0453125 0.10625
3 0.89375 0.26328125 0.0875 0.1
1 0.809375 0.0859375 0.0375 0.03125
4 0.97578125 0.4171875 0.046875 0.209375
4 0.93828125 0.40234375 0.04375 0.196875
1 0.7640625 0.02421875 0.075 0.0484375
3 0.79765625 0.13046875 0.04375 0.0578125
4 0.99296875 0.40703125 0.0125 0.209375
3 0.74921875 0.15703125 0.0625 0.06875
3 0.67265625 0.15625 0.04375 0.071875
4 0.984375 0.2640625 0.028125 0.08125
4 0.8359375 0.35078125 0.040625 0.109375
3 0.4390625 0.33828125 0.1125 0.1765625
0 0.515625 0.39140625 0.0484375 0.1875
5 0.578125 0.1 0.153125 0.1515625
3 0.840625 0.50234375 0.15625 0.159375
4 0.9421875 0.15859375 0.0546875 0.0625
0 0.89375 0.1109375 0.053125 0.1234375
3 0.77890625 0.09140625 0.03125 0.034375