3 0.3421875 0.428125 0.1265625 0.1125
3 0.33046875 0.55703125 0.140625 0.1
3 0.28671875 0.6453125 0.09375 0.08125
3 0.23046875 0.734375 0.09375 0.06875
3 0.71015625 0.7984375 0.2875 0.2328125
5 0.1421875 0.9390625 0.078125 0.0484375
1 0.3859375 0.8203125 0.153125 0.103125
3 0.5625 0.8484375 0.2 0.1578125
2 0.72890625 0.11640625 0.5421875 0.2328125
4 0.5109375 0.984375 0.115625 0.03125
3 0.21796875 0.853125 0.065625 0.0671875
3 0.328125 0.9109375 0.1015625 0.0796875
3 0.20703125 0.65859375 0.0421875 0.0671875
0 0.2125 0.9140625 0.0796875 0.034375
1 0.1875 0.79296875 0.090625 0.0484375
1 0.165625 0.528125 0.05 0.025
4 0.86875 0.959375 0.165625 0.0703125
2 0.22109375 0.02109375 0.1984375 0.040625
4 0.3578125 0.971875 0.1328125 0.0390625
2 0.17109375 0.3765625 0.10625 0.10625
0 0.37109375 0.60859375 0.1296875 0.053125
5 0.16953125 0.72265625 0.0421875 0.0609375
4 0.9515625 0.55390625 0.096875 0.065625
4 0.375 0.90390625 0.146875 0.0203125
5 0.1625 0.5640625 0.0546875 0.04375
1 0.13359375 0.6328125 0.028125 0.03125
2 0.07890625 0.93984375 0.05 0.0453125
0 0.25390625 0.87578125 0.084375 0.0203125
3 0.1546875 0.8953125 0.046875 0.0140625
0 0.16328125 0.88203125 0.05 0.015625
1 0.1671875 0.853125 0.0328125 0.03125
0 0.16875 0.8328125 0.053125 0.01875
3 0.1390625 0.8515625 0.034375 0.0296875