3 0.2828125 0.2484375 0.065625 0.0765625
5 0.20078125 0.15078125 0.040625 0.084375
3 0.24453125 0.73671875 0.209375 0.28125
2 0.690625 0.65390625 0.521875 0.6875
3 0.18125 0.578125 0.146875 0.1796875
0 0.38515625 0.41328125 0.046875 0.14375
3 0.990625 0.28671875 0.01875 0.103125
5 0.82421875 0.18984375 0.2578125 0.16875
0 0.359375 0.2671875 0.0359375 0.08125
0 0.30390625 0.3375 0.0421875 0.115625
4 0.18203125 0.43671875 0.046875 0.115625
3 0.12578125 0.3484375 0.071875 0.109375
0 0.21171875 0.290625 0.0375 0.0953125
4 0.11328125 0.434375 0.0625 0.140625
4 0.0640625 0.91484375 0.078125 0.1359375
4 0.05859375 0.8375 0.0546875 0.11875
4 0.25703125 0.89453125 0.071875 0.190625
2 0.92421875 0.73046875 0.1515625 0.5375
5 0.54609375 0.25625 0.109375 0.1296875
4 0.04296875 0.5015625 0.0375 0.20625
4 0.075 0.49375 0.034375 0.2015625
4 0.01171875 0.37578125 0.01875 0.08125
4 0.0671875 0.3703125 0.0203125 0.05
3 0.07109375 0.25546875 0.0578125 0.071875
0 0.08359375 0.209375 0.025 0.05
0 0.15703125 0.23828125 0.0203125 0.078125
0 0.18984375 0.26171875 0.0234375 0.0859375
0 0.2078125 0.21640625 0.0234375 0.05
0 0.21015625 0.184375 0.0109375 0.0421875
5 0.165625 0.13359375 0.04375 0.0828125
0 0.19609375 0.1796875 0.0125 0.04375
3 0.14453125 0.1796875 0.05625 0.0609375
5 0.08046875 0.121875 0.034375 0.0828125
0 0.071875 0.1609375 0.0125 0.046875
5 0.2890625 0.1 0.059375 0.0796875
0 0.4265625 0.2796875 0.025 0.0953125
3 0.35546875 0.2453125 0.059375 0.0734375
3 0.275 0.28203125 0.015625 0.09375
0 0.29375 0.28515625 0.021875 0.0859375