3 0.5109375 0.609375 0.1890625 0.1671875
2 0.63359375 0.1578125 0.3828125 0.315625
3 0.68203125 0.8171875 0.10625 0.1
1 0.67734375 0.675 0.128125 0.1015625
0 0.46015625 0.21328125 0.18125 0.084375
3 0.7921875 0.77265625 0.071875 0.0640625
0 0.7515625 0.65234375 0.071875 0.05
0 0.7375 0.74765625 0.0859375 0.03125
3 0.82265625 0.88671875 0.053125 0.04375
4 0.50234375 0.97265625 0.1234375 0.0546875
3 0.86484375 0.83359375 0.04375 0.040625
0 0.459375 0.3671875 0.21875 0.0796875
3 0.30703125 0.775 0.2984375 0.23125
0 0.76640625 0.70234375 0.053125 0.028125
3 0.46015625 0.81796875 0.165625 0.1625
4 0.6515625 0.94296875 0.153125 0.0515625
3 0.58125 0.41796875 0.18125 0.159375
3 0.871875 0.865625 0.0375 0.03125
0 0.82109375 0.84140625 0.0546875 0.021875
4 0.16171875 0.93046875 0.1625 0.0578125
4 0.659375 0.86484375 0.1046875 0.028125
3 0.6953125 0.8984375 0.1046875 0.034375
0 0.79765625 0.91171875 0.06875 0.0234375
0 0.81015625 0.81171875 0.06875 0.021875
0 0.81015625 0.72734375 0.0625 0.0171875
0 0.85625 0.9203125 0.04375 0.009375
3 0.86953125 0.896875 0.0375 0.034375
5 0.9421875 0.84375 0.0703125 0.046875
3 0.83515625 0.53203125 0.040625 0.034375
3 0.821875 0.453125 0.0578125 0.04375
4 0.2171875 0.73984375 0.209375 0.053125