2 0.64921875 0.42734375 0.275 0.3875
3 0.78046875 0.73046875 0.20625 0.278125
3 0.34765625 0.478125 0.1625 0.1828125
3 0.83984375 0.553125 0.1640625 0.121875
0 0.0765625 0.621875 0.09375 0.26875
5 0.64765625 0.19453125 0.13125 0.1296875
1 0.91015625 0.42421875 0.10625 0.15625
5 0.6328125 0.103125 0.121875 0.1578125
3 0.509375 0.1890625 0.04375 0.0359375
1 0.8765625 0.21640625 0.05 0.103125
3 0.75703125 0.12578125 0.0328125 0.021875
4 0.09609375 0.259375 0.03125 0.046875
3 0.9328125 0.14453125 0.028125 0.03125
0 0.83203125 0.2515625 0.021875 0.0875
1 0.9421875 0.19375 0.034375 0.071875
0 0.796875 0.3578125 0.046875 0.1390625
5 0.83828125 0.09609375 0.03125 0.03125
4 0.928125 0.7484375 0.0609375 0.2546875
4 0.98671875 0.51953125 0.0265625 0.1625
3 0.25078125 0.23046875 0.121875 0.065625
1 0.03203125 0.27734375 0.0640625 0.08125
0 0.78515625 0.24375 0.046875 0.090625
0 0.515625 0.4671875 0.028125 0.1765625
4 0.9796875 0.371875 0.040625 0.15