3 0.4359375 0.4625 0.2171875 0.1953125
3 0.4421875 0.86171875 0.171875 0.15625
3 0.71796875 0.82265625 0.071875 0.078125
3 0.2765625 0.8125 0.2828125 0.2421875
3 0.6875 0.609375 0.1109375 0.09375
5 0.80078125 0.5734375 0.1515625 0.1359375
5 0.60625 0.084375 0.465625 0.16875
1 0.61640625 0.546875 0.140625 0.103125
1 0.18203125 0.04453125 0.3640625 0.084375
0 0.5296875 0.36171875 0.1625 0.075
3 0.6046875 0.6984375 0.1328125 0.109375
4 0.1234375 0.96953125 0.15625 0.0609375
3 0.65859375 0.9140625 0.125 0.090625
0 0.75078125 0.90390625 0.075 0.03125
4 0.60859375 0.921875 0.128125 0.0359375
3 0.84375 0.85078125 0.0484375 0.0515625
3 0.7546875 0.7765625 0.0375 0.059375
4 0.4765625 0.99296875 0.11875 0.0140625
4 0.00625 0.53515625 0.0125 0.06875
1 0.7765625 0.85546875 0.0671875 0.046875
4 0.63828125 0.9796875 0.134375 0.034375
3 0.82890625 0.85078125 0.0375 0.05
5 0.85078125 0.91328125 0.0703125 0.05
0 0.61796875 0.35078125 0.0796875 0.059375
3 0.76171875 0.684375 0.065625 0.0703125
0 0.7171875 0.7140625 0.065625 0.06875
3 0.76796875 0.26640625 0.09375 0.078125
3 0.79296875 0.73984375 0.0453125 0.04375
3 0.64140625 0.4859375 0.128125 0.075