2 0.5640625 0.36796875 0.246875 0.3703125
1 0.79296875 0.2484375 0.059375 0.090625
3 0.871875 0.3296875 0.08125 0.09375
3 0.2125 0.48359375 0.159375 0.16875
0 0.3859375 0.46171875 0.05625 0.1625
4 0.9640625 0.503125 0.06875 0.121875
3 0.8046875 0.5359375 0.16875 0.1609375
3 0.18359375 0.41171875 0.171875 0.125
3 0.415625 0.33203125 0.071875 0.1125
0 0.05390625 0.6421875 0.090625 0.278125
5 0.8515625 0.0484375 0.04375 0.0765625
5 0.76328125 0.0890625 0.04375 0.046875
1 0.828125 0.16640625 0.034375 0.046875
3 0.765625 0.68671875 0.2125 0.275
3 0.8921875 0.15234375 0.0359375 0.0640625
0 0.8625 0.15078125 0.01875 0.04375
0 0.50234375 0.66015625 0.065625 0.2625
0 0.73046875 0.4671875 0.0515625 0.153125
0 0.79453125 0.16015625 0.021875 0.04375
3 0.08984375 0.25078125 0.103125 0.0875
0 0.02578125 0.8296875 0.0515625 0.340625
0 0.26953125 0.5484375 0.08125 0.2109375
3 0.2921875 0.2125 0.06875 0.065625
4 0.86328125 0.2578125 0.034375 0.05625