0 0.728125 0.89453125 0.171875 0.21015625
0 0.5078125 0.57109375 0.10390625 0.26328125
0 0.63203125 0.3625 0.0703125 0.17265625
4 0.27890625 0.775 0.11484375 0.2765625
4 0.06796875 0.80234375 0.109375 0.2109375
4 0.046875 0.484375 0.07578125 0.14765625
4 0.0421875 0.50546875 0.0796875 0.146875
4 0.08359375 0.36953125 0.0546875 0.15546875
4 0.053125 0.3421875 0.0328125 0.10546875
3 0.23984375 0.70625 0.20234375 0.278125
3 0.1859375 0.56875 0.17109375 0.20546875
3 0.51328125 0.36640625 0.128125 0.14296875
3 0.396875 0.25703125 0.0640625 0.11484375
1 0.27421875 0.40703125 0.08671875 0.1921875
1 0.31015625 0.3671875 0.07109375 0.19453125
3 0.05703125 0.28125 0.0734375 0.103125
3 0.05703125 0.20625 0.040625 0.0640625
5 0.2265625 0.2140625 0.08046875 0.1671875
5 0.21015625 0.14375 0.084375 0.14375
3 0.325 0.26171875 0.07265625 0.1125
3 0.2828125 0.23359375 0.04375 0.0796875
0 0.09375 0.22109375 0.02421875 0.08671875
3 0.09296875 0.17578125 0.0296875 0.05546875
0 0.115625 0.18828125 0.01328125 0.0703125
0 0.13828125 0.19296875 0.0203125 0.07421875
0 0.15234375 0.1828125 0.01484375 0.071875
0 0.16796875 0.196875 0.028125 0.0765625
2 0.10546875 0.10703125 0.053125 0.08125
0 0.109375 0.1359375 0.01875 0.0453125
3 0.95703125 0.2703125 0.0859375 0.090625
5 0.60546875 0.1953125 0.06875 0.05625
0 0.71796875 0.215625 0.03046875 0.06328125
2 0.56875 0.1625 0.1078125 0.0859375
0 0.48203125 0.1703125 0.02109375 0.0296875
0 0.44453125 0.16171875 0.0328125 0.03984375
1 0.403125 0.15 0.02578125 0.040625
0 0.871875 0.24375 0.03046875 0.03828125