3 0.2359375 0.325 0.0875 0.1078125
2 0.33984375 0.203125 0.11953125 0.14921875
3 0.19609375 0.24140625 0.06640625 0.06171875
0 0.92890625 0.72421875 0.11484375 0.19140625
0 0.74375 0.66875 0.09453125 0.278125
0 0.3625 0.39140625 0.04609375 0.14296875
3 0.184375 0.546875 0.14921875 0.16171875
4 0.06484375 0.35546875 0.05 0.140625
4 0.26171875 0.7953125 0.0703125 0.21171875
0 0.1296875 0.2203125 0.025 0.06640625
0 0.56640625 0.69140625 0.0796875 0.278125
4 0.0390625 0.4984375 0.06328125 0.13515625
3 0.228125 0.7046875 0.22890625 0.2734375
3 0.16015625 0.14609375 0.03828125 0.03515625
0 0.28359375 0.2890625 0.03515625 0.09765625
0 0.48046875 0.396875 0.0390625 0.1328125
0 0.41796875 0.38828125 0.034375 0.13515625
4 0.0703125 0.86015625 0.06953125 0.18984375
0 0.86328125 0.24375 0.02578125 0.053125
2 0.55234375 0.175 0.09140625 0.09375
3 0.69453125 0.234375 0.06015625 0.05
1 0.18046875 0.1953125 0.03359375 0.0359375
0 0.15546875 0.20546875 0.0171875 0.0578125
2 0.0828125 0.0890625 0.03515625 0.03828125
2 0.22265625 0.10546875 0.0390625 0.05
5 0.25078125 0.17734375 0.05 0.1
5 0.45703125 0.16796875 0.04765625 0.05078125
3 0.6234375 0.2046875 0.04296875 0.0390625
3 0.1234375 0.14296875 0.03125 0.04296875