3 0.6546875 0.57421875 0.21640625 0.22109375
1 0.2796875 0.39765625 0.0828125 0.15390625
3 0.53203125 0.43984375 0.13828125 0.12890625
3 0.184375 0.5421875 0.1515625 0.15625
3 0.2421875 0.69140625 0.19609375 0.2625
3 0.66171875 0.403125 0.1515625 0.12265625
1 0.3796875 0.3890625 0.07734375 0.15390625
0 0.12890625 0.18671875 0.02265625 0.07421875
3 0.81796875 0.47578125 0.2171875 0.24453125
2 0.23359375 0.24921875 0.146875 0.18125
4 0.42578125 0.9375 0.0859375 0.12109375
0 0.2046875 0.35 0.04140625 0.10859375
3 0.47890625 0.2875 0.08203125 0.090625
0 0.52109375 0.33203125 0.034375 0.08203125
1 0.91796875 0.25625 0.09921875 0.09921875
0 0.51484375 0.58828125 0.0703125 0.24765625
0 0.1140625 0.14765625 0.0125 0.0359375
3 0.16171875 0.1484375 0.03203125 0.0375
0 0.33125 0.32109375 0.03359375 0.09296875
0 0.665625 0.68046875 0.07109375 0.23671875
0 0.9203125 0.628125 0.09296875 0.25703125
3 0.6125 0.32109375 0.13046875 0.115625
3 0.3984375 0.30625 0.08359375 0.1
0 0.41015625 0.3109375 0.03515625 0.0609375
4 0.078125 0.83671875 0.0703125 0.1515625
4 0.04140625 0.49140625 0.071875 0.1734375
4 0.13203125 0.41796875 0.04140625 0.1609375
4 0.04609375 0.4109375 0.0453125 0.19375
3 0.12421875 0.34296875 0.08828125 0.1203125
3 0.08359375 0.2109375 0.053125 0.07578125
0 0.16171875 0.228125 0.015625 0.07578125
0 0.47109375 0.34296875 0.03515625 0.13046875
0 0.44609375 0.46875 0.0515625 0.17421875
1 0.7140625 0.2234375 0.0515625 0.0453125
1 0.51484375 0.1890625 0.04140625 0.0484375
0 0.8875 0.9015625 0.1484375 0.196875