3 0.6890625 0.4796875 0.15703125 0.16171875
2 0.88046875 0.79609375 0.2390625 0.40703125
2 0.696875 0.196875 0.171875 0.121875
3 0.5453125 0.3078125 0.08828125 0.07734375
1 0.1109375 0.24296875 0.05859375 0.06796875
1 0.27890625 0.396875 0.0875 0.15546875
3 0.91484375 0.484375 0.16953125 0.1734375
3 0.2265625 0.69765625 0.228125 0.26640625
1 0.221875 0.26015625 0.0625 0.08203125
3 0.1859375 0.525 0.13984375 0.1109375
3 0.33671875 0.275 0.07265625 0.06640625
5 0.18203125 0.1265625 0.075 0.0671875
3 0.12265625 0.334375 0.084375 0.0921875
0 0.3921875 0.3421875 0.03046875 0.1125
0 0.31796875 0.34375 0.01953125 0.11484375
4 0.23671875 0.8375 0.0671875 0.165625
4 0.0625 0.8578125 0.065625 0.14375
0 0.5828125 0.36640625 0.0453125 0.11171875
3 0.24375 0.234375 0.075 0.06875
0 0.14921875 0.23828125 0.01796875 0.08046875
5 0.203125 0.95859375 0.2921875 0.08046875
0 0.6140625 0.621875 0.0765625 0.15078125
4 0.1859375 0.41796875 0.02734375 0.10703125
0 0.65859375 0.35390625 0.03828125 0.07265625
4 0.1546875 0.42734375 0.03046875 0.084375
0 0.1203125 0.15625 0.0109375 0.04609375
0 0.11953125 0.16171875 0.01640625 0.04296875
4 0.0234375 0.459375 0.04375 0.19765625
0 0.9359375 0.26953125 0.03828125 0.0625
5 0.1078125 0.11171875 0.05859375 0.08125
4 0.05078125 0.45859375 0.053125 0.1984375
0 0.57109375 0.49921875 0.04609375 0.16171875
0 0.50390625 0.4390625 0.04921875 0.17421875
0 0.334375 0.3171875 0.021875 0.10625
0 0.309375 0.2265625 0.0140625 0.0359375
0 0.31015625 0.2 0.01328125 0.01640625
0 0.28203125 0.21328125 0.0125 0.06328125
0 0.2890625 0.1984375 0.0125 0.0515625
0 0.17265625 0.25078125 0.0171875 0.0734375
0 0.16171875 0.23203125 0.0109375 0.0671875
0 0.14921875 0.18359375 0.0109375 0.040625
0 0.13359375 0.165625 0.0109375 0.04140625
4 0.06796875 0.2203125 0.0125 0.06171875
4 0.0796875 0.2265625 0.00859375 0.040625
4 0.08984375 0.19921875 0.0140625 0.0359375
0 0.10859375 0.19921875 0.0125 0.025
4 0.0828125 0.3421875 0.01484375 0.0390625
4 0.053125 0.31640625 0.025 0.0453125
4 0.115625 0.4828125 0.028125 0.06953125
4 0.09140625 0.4828125 0.02734375 0.14375
4 0.13515625 0.69140625 0.0609375 0.26875
4 0.07265625 0.75390625 0.03984375 0.06484375
0 0.23984375 0.30234375 0.021875 0.109375
2 0.28828125 0.1203125 0.04765625 0.059375
2 0.2421875 0.10859375 0.04375 0.0640625
5 0.1984375 0.08984375 0.025 0.03203125
5 0.5296875 0.153125 0.08203125 0.096875
3 0.571875 0.196875 0.03125 0.04140625
3 0.6125 0.21171875 0.0328125 0.021875
3 0.81640625 0.22890625 0.053125 0.0578125
0 0.85234375 0.2359375 0.021875 0.040625