3 0.1828125 0.5421875 0.14765625 0.16171875
3 0.24140625 0.690625 0.196875 0.253125
3 0.34765625 0.4875 0.12578125 0.18203125
3 0.359375 0.303125 0.08515625 0.1046875
3 0.45546875 0.346875 0.078125 0.1203125
3 0.08828125 0.1875 0.0484375 0.05078125
1 0.2171875 0.23515625 0.04453125 0.09296875
0 0.80859375 0.92578125 0.12734375 0.1421875
0 0.18203125 0.2390625 0.03125 0.0875
0 0.13046875 0.1609375 0.01640625 0.0375
0 0.26796875 0.259375 0.0375 0.07265625
3 0.32109375 0.22421875 0.059375 0.071875
2 0.7375 0.4203125 0.52109375 0.62578125
1 0.54921875 0.72265625 0.171875 0.334375
4 0.11953125 0.41328125 0.0546875 0.1609375
3 0.25390625 0.19375 0.04375 0.059375
4 0.04765625 0.353125 0.0734375 0.153125
4 0.0390625 0.51171875 0.06953125 0.1296875
3 0.128125 0.3390625 0.08125 0.11171875
0 0.44140625 0.58671875 0.0671875 0.2046875
0 0.15078125 0.240625 0.02265625 0.096875