3 0.38671875 0.31484375 0.0859375 0.1265625
3 0.52578125 0.37890625 0.11953125 0.1359375
3 0.2421875 0.69921875 0.19375 0.27421875
3 0.178125 0.56640625 0.153125 0.20078125
2 0.309375 0.19296875 0.08671875 0.10859375
4 0.05078125 0.3515625 0.02578125 0.134375
3 0.78359375 0.6046875 0.25546875 0.29453125
1 0.275 0.3078125 0.059375 0.125
5 0.15625 0.159375 0.05546875 0.0921875
0 0.175 0.24296875 0.05859375 0.10078125
0 0.94765625 0.5921875 0.0765625 0.2328125
0 0.190625 0.24296875 0.028125 0.09453125
4 0.275 0.77734375 0.103125 0.2546875
3 0.6140625 0.35078125 0.10234375 0.13203125
4 0.065625 0.80625 0.1171875 0.1890625
4 0.0375 0.503125 0.0609375 0.15390625
3 0.05859375 0.2875 0.08203125 0.1125
3 0.2109375 0.20390625 0.0390625 0.0609375
3 0.23984375 0.1953125 0.03671875 0.0625
5 0.13671875 0.09375 0.05703125 0.0859375
5 0.09765625 0.08203125 0.0390625 0.0796875
0 0.084375 0.1640625 0.01015625 0.05859375
0 0.1125 0.17578125 0.01171875 0.053125
0 0.13125 0.21484375 0.0171875 0.06796875
0 0.36171875 0.44609375 0.0484375 0.1640625
0 0.321875 0.3828125 0.03359375 0.13671875
0 0.28984375 0.340625 0.02890625 0.1375
0 0.92578125 0.2734375 0.03359375 0.06015625
2 0.190625 0.09609375 0.03046875 0.0515625
3 0.78671875 0.39609375 0.13828125 0.0875