1 0.73359375 0.49375 0.328125 0.1609375
1 0.32109375 0.2546875 0.125 0.0671875
4 0.3515625 0.053125 0.15 0.028125
1 0.39296875 0.12109375 0.1171875 0.1078125
1 0.26328125 0.22890625 0.096875 0.053125
1 0.48671875 0.46796875 0.13125 0.09375
3 0.39140625 0.72421875 0.153125 0.1484375
3 0.6953125 0.25625 0.259375 0.18125
3 0.56171875 0.184375 0.19375 0.146875
3 0.36328125 0.4796875 0.1125 0.10625
3 0.2984375 0.51640625 0.090625 0.075
3 0.6875 0.99453125 0.171875 0.0109375
3 0.2875 0.9296875 0.071875 0.109375
0 0.50859375 0.54609375 0.178125 0.05
0 0.35625 0.5765625 0.1234375 0.04375
0 0.546875 0.7640625 0.2 0.06875
0 0.415625 0.81953125 0.1375 0.040625
0 0.8078125 0.734375 0.3140625 0.0765625
0 0.3484375 0.36015625 0.1171875 0.03125
0 0.30390625 0.33515625 0.090625 0.028125
4 0.5078125 0.03515625 0.13125 0.05
4 0.84765625 0.25859375 0.3046875 0.034375
5 0.16640625 0.39765625 0.2125 0.1265625
5 0.09921875 0.16640625 0.09375 0.05625
1 0.20859375 0.75390625 0.065625 0.05625