3 0.240625 0.703125 0.23125 0.30234375
3 0.190625 0.57109375 0.1734375 0.21171875
3 0.590625 0.359375 0.1421875 0.18671875
0 0.3390625 0.27109375 0.0453125 0.10859375
0 0.3984375 0.2625 0.0546875 0.11640625
0 0.31015625 0.234375 0.04453125 0.0921875
1 0.21015625 0.3203125 0.109375 0.140625
0 0.140625 0.39375 0.05546875 0.1546875
3 0.2578125 0.19921875 0.05078125 0.06484375
0 0.2140625 0.2046875 0.03046875 0.0734375
0 0.23828125 0.25 0.03359375 0.06484375
0 0.2375 0.2046875 0.0265625 0.05078125
2 0.15 0.17421875 0.07265625 0.115625
0 0.1546875 0.21015625 0.0234375 0.075
3 0.184375 0.175 0.01953125 0.05703125
1 0.10546875 0.16875 0.03515625 0.06484375
4 0.0890625 0.3625 0.03671875 0.15234375
4 0.090625 0.80859375 0.06953125 0.20078125
4 0.07734375 0.8453125 0.06328125 0.1375
4 0.04140625 0.79609375 0.0609375 0.2328125
4 0.0359375 0.4703125 0.05546875 0.21328125
4 0.059375 0.4671875 0.03828125 0.20234375
3 0.13046875 0.33515625 0.08203125 0.14375
3 0.0734375 0.3015625 0.0734375 0.0984375
0 0.0328125 0.29765625 0.03984375 0.0578125
3 0.04140625 0.2671875 0.06015625 0.08359375
3 0.06953125 0.22890625 0.0421875 0.0734375
4 0.07265625 0.2375 0.021875 0.03984375
4 0.065625 0.2234375 0.00625 0.003125
0 0.07578125 0.18046875 0.0203125 0.04765625
0 0.08046875 0.16015625 0.01171875 0.059375
3 0.046875 0.18671875 0.03671875 0.0234375
0 0.09296875 0.1140625 0.01328125 0.0328125
0 0.078125 0.1109375 0.0109375 0.02734375
0 0.65390625 0.80546875 0.18203125 0.384375
4 0.4625 0.840625 0.05 0.31796875
4 0.378125 0.79921875 0.121875 0.21796875
4 0.39921875 0.809375 0.11796875 0.21015625
3 0.90625 0.76171875 0.184375 0.4765625
5 0.7078125 0.17109375 0.265625 0.14609375
3 0.9265625 0.23515625 0.10234375 0.12109375
3 0.49453125 0.18203125 0.06015625 0.05234375
3 0.56015625 0.20625 0.01953125 0.01484375
0 0.4515625 0.16640625 0.01875 0.0375
3 0.3578125 0.14609375 0.021875 0.03515625
0 0.35546875 0.1546875 0.0140625 0.0265625
0 0.40078125 0.15625 0.03671875 0.01328125
0 0.41328125 0.15546875 0.0265625 0.01171875
3 0.32265625 0.14296875 0.034375 0.0265625
5 0.24921875 0.1140625 0.02890625 0.04140625
0 0.165625 0.09453125 0.01796875 0.02734375
0 0.18359375 0.10234375 0.01640625 0.0265625
0 0.20078125 0.109375 0.00859375 0.021875
0 0.26875 0.12265625 0.00625 0.0296875
3 0.278125 0.1375 0.0203125 0.0296875
3 0.2171875 0.11875 0.01953125 0.02109375
3 0.2359375 0.12734375 0.01953125 0.0171875