3 0.79296875 0.27578125 0.08125 0.0578125
2 0.4109375 0.921875 0.821875 0.15625
0 0.6859375 0.278125 0.115625 0.028125
0 0.7109375 0.32265625 0.1296875 0.0328125
3 0.73515625 0.3609375 0.1 0.065625
3 0.296875 0.2375 0.271875 0.209375
3 0.4640625 0.17890625 0.175 0.15
5 0.78671875 0.20625 0.171875 0.096875
0 0.69921875 0.221875 0.121875 0.0328125
3 0.65546875 0.621875 0.146875 0.1328125
5 0.91796875 0.16640625 0.0859375 0.0625
1 0.83984375 0.14453125 0.071875 0.03125
3 0.72734375 0.490625 0.096875 0.0796875
3 0.84453125 0.11015625 0.05625 0.040625
4 0.6375 0.13671875 0.178125 0.05
4 0.50625 0.03046875 0.1375 0.059375
0 0.7140625 0.44140625 0.1234375 0.025
0 0.765625 0.27890625 0.05625 0.01875
0 0.77890625 0.3125 0.0671875 0.0203125
5 0.78828125 0.38984375 0.08125 0.0625
5 0.86875 0.31015625 0.125 0.103125
4 0.596875 0.0390625 0.159375 0.025
4 0.65859375 0.06484375 0.140625 0.01875
4 0.71640625 0.04296875 0.05625 0.021875
4 0.1546875 0.07265625 0.1609375 0.065625