3 0.615625 0.528125 0.165625 0.146875
3 0.7140625 0.66875 0.153125 0.10625
0 0.5703125 0.23515625 0.1875 0.08125
3 0.66484375 0.3984375 0.128125 0.11875
3 0.4546875 0.8609375 0.190625 0.16875
0 0.4734375 0.3515625 0.25 0.103125
3 0.78359375 0.04296875 0.0859375 0.0859375
3 0.6875 0.92421875 0.125 0.0828125
3 0.8640625 0.803125 0.0375 0.0421875
2 0.103125 0.0578125 0.20625 0.115625
3 0.80703125 0.7984375 0.065625 0.0609375
3 0.78515625 0.91484375 0.075 0.075
3 0.2859375 0.80390625 0.2890625 0.2234375
2 0.940625 0.9265625 0.0640625 0.0453125
3 0.8015625 0.14921875 0.065625 0.0796875
0 0.7859375 0.73828125 0.075 0.03125
3 0.84140625 0.7578125 0.04375 0.046875
0 0.74453125 0.771875 0.096875 0.0359375
0 0.75390625 0.821875 0.096875 0.0375
3 0.83671875 0.8390625 0.05 0.046875
0 0.8703125 0.9625 0.05 0.025
3 0.87890625 0.8625 0.040625 0.0390625
4 0.16875 0.56953125 0.3375 0.0921875
3 0.8515625 0.890625 0.053125 0.04375
0 0.8234375 0.8546875 0.0625 0.025
0 0.78203125 0.7484375 0.08125 0.034375
0 0.56015625 0.59375 0.175 0.046875
0 0.559375 0.5234375 0.1765625 0.053125
4 0.59765625 0.86015625 0.11875 0.040625
4 0.54140625 0.99453125 0.2109375 0.0109375
4 0.52265625 0.97578125 0.134375 0.021875
4 0.71484375 0.996875 0.0421875 0.00625
3 0.8109375 0.98671875 0.071875 0.0265625
4 0.19375 0.97734375 0.1421875 0.0453125
4 0.11640625 0.9734375 0.13125 0.053125
4 0.190625 0.69765625 0.284375 0.065625
0 0.475 0.72265625 0.23125 0.0640625
1 0.75078125 0.56484375 0.0796875 0.0625
0 0.7953125 0.70625 0.078125 0.0203125
3 0.878125 0.934375 0.046875 0.021875
0 0.8640625 0.91875 0.053125 0.009375