3 0.23828125 0.6953125 0.19453125 0.26796875
3 0.18046875 0.54609375 0.13984375 0.16171875
3 0.17109375 0.2265625 0.04765625 0.0859375
3 0.16640625 0.15390625 0.03359375 0.0484375
1 0.278125 0.24140625 0.05078125 0.0875
3 0.125 0.3453125 0.0765625 0.09765625
4 0.05859375 0.35234375 0.05390625 0.153125
1 0.4765625 0.45703125 0.09375 0.1921875
2 0.75546875 0.5359375 0.4828125 0.60859375
0 0.3296875 0.28515625 0.0328125 0.09765625
4 0.0390625 0.509375 0.06875 0.13125
3 0.221875 0.21015625 0.04375 0.06875
0 0.38046875 0.26875 0.034375 0.09453125
3 0.11328125 0.215625 0.05546875 0.0640625
3 0.11015625 0.14765625 0.03984375 0.0375
4 0.0671875 0.8125 0.1296875 0.17109375
0 0.19140625 0.37421875 0.0359375 0.14609375