3 0.8640625 0.70078125 0.26875 0.2703125
3 0.1859375 0.54375 0.1484375 0.1671875
0 0.76640625 0.4453125 0.07109375 0.1640625
3 0.66015625 0.3578125 0.10703125 0.1078125
3 0.24296875 0.69296875 0.2046875 0.26328125
3 0.453125 0.3453125 0.10546875 0.1015625
1 0.11875 0.2078125 0.0421875 0.071875
0 0.16640625 0.23046875 0.01796875 0.07890625
0 0.18359375 0.2453125 0.02734375 0.07734375
1 0.21953125 0.21015625 0.05 0.0765625
0 0.346875 0.25 0.0140625 0.04765625
5 0.39453125 0.209375 0.0875 0.11953125
0 0.153125 0.18671875 0.040625 0.065625
0 0.35546875 0.371875 0.03671875 0.11640625
3 0.346875 0.31015625 0.06953125 0.0796875
3 0.25703125 0.24453125 0.0640625 0.0671875
0 0.59453125 0.41484375 0.0390625 0.17578125
0 0.4328125 0.640625 0.05234375 0.265625
0 0.48203125 0.59140625 0.04296875 0.21640625
0 0.534375 0.50703125 0.04921875 0.17265625
0 0.6171875 0.67109375 0.0734375 0.275
0 0.39921875 0.45 0.034375 0.1578125
0 0.41953125 0.40859375 0.028125 0.13125
3 0.25625 0.36640625 0.084375 0.13359375
0 0.30625 0.33515625 0.02578125 0.115625
0 0.1359375 0.38515625 0.0390625 0.13828125
2 0.3171875 0.2109375 0.05625 0.09921875
4 0.04140625 0.51484375 0.04609375 0.12109375
4 0.05078125 0.41640625 0.025 0.15703125
4 0.05546875 0.325 0.0359375 0.07578125
4 0.08125 0.24140625 0.01484375 0.04296875
4 0.0171875 0.7515625 0.03125 0.21875
4 0.0859375 0.75390625 0.046875 0.07265625
4 0.07734375 0.8484375 0.0609375 0.11875
4 0.4890625 0.93046875 0.078125 0.1390625
4 0.921875 0.51640625 0.071875 0.10234375
3 0.82265625 0.225 0.05546875 0.07109375
0 0.828125 0.2453125 0.021875 0.0453125
0 0.9734375 0.2625 0.02421875 0.0671875