0 0.8609375 0.5390625 0.07890625 0.20390625
1 0.31640625 0.2875 0.05546875 0.09375
0 0.58046875 0.38515625 0.0578125 0.08828125
0 0.26171875 0.2359375 0.03046875 0.084375
3 0.5625 0.53671875 0.18828125 0.2171875
2 0.6859375 0.19921875 0.17109375 0.1234375
3 0.23828125 0.66484375 0.1859375 0.2015625
3 0.94765625 0.26484375 0.1015625 0.09921875
3 0.18125 0.54296875 0.14296875 0.16484375
1 0.11796875 0.415625 0.1046875 0.165625
3 0.959375 0.88203125 0.06953125 0.2328125
0 0.19765625 0.13125 0.0703125 0.10390625
0 0.8015625 0.590625 0.10078125 0.2125
3 0.66484375 0.4078125 0.1234375 0.128125
0 0.153125 0.23125 0.021875 0.07734375
4 0.25546875 0.7921875 0.07109375 0.26796875
0 0.5296875 0.40234375 0.06171875 0.07265625
4 0.05 0.3453125 0.0328125 0.1125
3 0.215625 0.30234375 0.08515625 0.11796875
3 0.06640625 0.28671875 0.08828125 0.075
0 0.6546875 0.7953125 0.09296875 0.27734375
2 0.44609375 0.1546875 0.08984375 0.09453125
3 0.4375 0.31640625 0.09609375 0.115625
0 0.4359375 0.39140625 0.03515625 0.121875
0 0.3421875 0.3703125 0.0375 0.1390625
4 0.0375 0.51640625 0.05859375 0.13203125
3 0.49375 0.28828125 0.0484375 0.09453125
3 0.16875 0.2015625 0.0375 0.05
1 0.1140625 0.225 0.04375 0.07578125