2 0.61953125 0.42265625 0.3609375 0.240625
1 0.73515625 0.19921875 0.0875 0.0578125
3 0.65625 0.12265625 0.090625 0.0796875
3 0.50625 0.76484375 0.165625 0.15625
0 0.528125 0.59609375 0.159375 0.05625
4 0.4890625 0.0328125 0.11875 0.065625
3 0.45546875 0.18828125 0.15625 0.165625
3 0.5765625 0.79296875 0.121875 0.165625
3 0.65390625 0.56640625 0.109375 0.0703125
0 0.35234375 0.91953125 0.271875 0.0890625
5 0.93046875 0.1421875 0.075 0.04375
5 0.890625 0.228125 0.04375 0.04375
1 0.815625 0.165625 0.0453125 0.034375
3 0.30859375 0.2265625 0.2671875 0.2078125
3 0.8296875 0.103125 0.0625 0.034375
0 0.83125 0.13203125 0.04375 0.0171875
0 0.33515625 0.4828125 0.25625 0.065625
0 0.52265625 0.2609375 0.1484375 0.05
3 0.446875 0.98359375 0.228125 0.0328125
0 0.82109375 0.1984375 0.0421875 0.021875
3 0.73359375 0.884375 0.084375 0.1
0 0.16875 0.96015625 0.334375 0.0796875
0 0.44375 0.709375 0.20625 0.0796875
3 0.7703125 0.6875 0.0625 0.065625
4 0.7265625 0.13046875 0.0546875 0.034375