0 0.64453125 0.44921875 0.0828125 0.1875
1 0.20625 0.1765625 0.0453125 0.0703125
0 0.2828125 0.23828125 0.04375 0.075
4 0.0453125 0.34921875 0.04375 0.1375
3 0.10625 0.321875 0.084375 0.096875
0 0.42734375 0.26796875 0.046875 0.0984375
5 0.865625 0.16640625 0.26875 0.203125
5 0.39140625 0.09296875 0.1171875 0.11875
0 0.2453125 0.24453125 0.0375 0.075
4 0.334375 0.5796875 0.065625 0.2453125
4 0.02265625 0.49140625 0.0453125 0.1328125
3 0.165625 0.53515625 0.15625 0.16875
2 0.12734375 0.134375 0.090625 0.121875
3 0.23046875 0.6765625 0.190625 0.246875
2 0.5890625 0.1359375 0.10625 0.078125
2 0.0703125 0.08828125 0.04375 0.08125
1 0.4875 0.146875 0.03125 0.046875