3 0.30234375 0.48984375 0.1 0.109375
3 0.43671875 0.49921875 0.16875 0.1546875
3 0.3 0.6390625 0.0921875 0.1
3 0.79453125 0.1453125 0.3375 0.290625
0 0.48125 0.32890625 0.203125 0.0890625
1 0.140625 0.9375 0.05625 0.028125
3 0.24609375 0.69375 0.0578125 0.071875
1 0.2328125 0.8546875 0.09375 0.05625
4 0.8453125 0.75546875 0.24375 0.0796875
4 0.5296875 0.9875 0.1265625 0.025
0 0.66640625 0.4328125 0.2515625 0.090625
3 0.35625 0.8734375 0.128125 0.109375
3 0.1671875 0.82109375 0.0546875 0.053125
4 0.51875 0.746875 0.125 0.040625
0 0.2328125 0.77734375 0.1 0.0484375
3 0.5703125 0.84765625 0.178125 0.165625
3 0.2359375 0.61484375 0.0609375 0.0734375
0 0.22421875 0.1515625 0.059375 0.025
5 0.1609375 0.3921875 0.13125 0.1109375
5 0.1203125 0.66171875 0.059375 0.0453125
5 0.14140625 0.575 0.0359375 0.028125
5 0.08125 0.78359375 0.0609375 0.05
5 0.0578125 0.87578125 0.0515625 0.0328125
5 0.37578125 0.98828125 0.140625 0.0234375
5 0.9046875 0.97109375 0.1875 0.0578125
3 0.72890625 0.78203125 0.246875 0.209375