3 0.23828125 0.6890625 0.1828125 0.25234375
3 0.521875 0.37734375 0.11484375 0.12734375
1 0.3359375 0.29296875 0.07265625 0.1109375
3 0.9515625 0.5609375 0.08515625 0.234375
5 0.46484375 0.24453125 0.07578125 0.15703125
0 0.1875 0.2703125 0.02265625 0.07890625
3 0.1859375 0.55234375 0.14921875 0.16796875
1 0.11875 0.4015625 0.1 0.15078125
3 0.10078125 0.28046875 0.0765625 0.0875
2 0.2359375 0.1515625 0.0734375 0.06640625
5 0.8984375 0.20859375 0.19921875 0.225
0 0.2796875 0.22109375 0.015625 0.0671875
3 0.29296875 0.2125 0.0421875 0.04140625
3 0.153125 0.20546875 0.0515625 0.0578125
1 0.21171875 0.21171875 0.034375 0.0671875
4 0.04140625 0.346875 0.0453125 0.11015625
3 0.684375 0.38515625 0.14296875 0.1375
3 0.68203125 0.21875 0.071875 0.0515625
0 0.77421875 0.22890625 0.03359375 0.03984375
4 0.03359375 0.46640625 0.0515625 0.15703125
3 0.1109375 0.221875 0.0484375 0.06015625
0 0.1046875 0.17578125 0.0140625 0.0328125
4 0.053125 0.3375 0.03046875 0.09375
0 0.175 0.21640625 0.01640625 0.059375
1 0.6734375 0.846875 0.24296875 0.30546875
1 0.409375 0.86171875 0.20859375 0.2765625
0 0.16640625 0.1484375 0.01328125 0.0421875
3 0.05703125 0.18359375 0.03828125 0.0578125
2 0.52734375 0.1484375 0.0953125 0.09140625