3 0.18359375 0.5484375 0.1484375 0.17109375
3 0.23828125 0.69609375 0.2 0.2640625
2 0.79453125 0.7078125 0.4109375 0.58359375
5 0.85546875 0.31015625 0.2890625 0.2171875
0 0.29921875 0.23359375 0.0359375 0.075
5 0.3671875 0.24765625 0.10390625 0.17890625
3 0.13359375 0.33984375 0.06328125 0.09765625
0 0.278125 0.45546875 0.05703125 0.16328125
1 0.13984375 0.20078125 0.0359375 0.078125
0 0.20546875 0.2359375 0.02109375 0.0625
4 0.44375 0.80390625 0.0703125 0.3203125
4 0.56171875 0.8328125 0.07265625 0.334375
4 0.51328125 0.89765625 0.046875 0.2046875
4 0.07265625 0.84765625 0.08359375 0.23828125
4 0.05234375 0.4703125 0.0375 0.19375
4 0.0875 0.45859375 0.02890625 0.171875
4 0.10859375 0.41640625 0.02421875 0.14921875
4 0.1921875 0.4109375 0.034375 0.09921875
0 0.36015625 0.32109375 0.03671875 0.12265625
0 0.14609375 0.2296875 0.02109375 0.08515625
3 0.17734375 0.1625 0.02734375 0.040625
3 0.11796875 0.14921875 0.02890625 0.03984375
3 0.19453125 0.17109375 0.0390625 0.034375
5 0.24140625 0.103125 0.04765625 0.065625
5 0.1203125 0.06640625 0.0296875 0.0453125
1 0.32578125 0.1390625 0.0265625 0.03046875
0 0.653125 0.209375 0.0203125 0.0546875
0 0.59609375 0.19609375 0.025 0.040625
0 0.4953125 0.17890625 0.01328125 0.03203125