1 0.74296875 0.77265625 0.084375 0.053125
3 0.5609375 0.403125 0.140625 0.1375
1 0.22578125 0.44296875 0.3828125 0.2328125
1 0.796875 0.8953125 0.0640625 0.0375
3 0.7328125 0.58828125 0.08125 0.065625
1 0.69375 0.64296875 0.09375 0.071875
0 0.76640625 0.71875 0.0625 0.025
4 0.50078125 0.9671875 0.134375 0.065625
3 0.30625 0.7671875 0.26875 0.2125
3 0.4484375 0.82109375 0.175 0.146875
3 0.81796875 0.75234375 0.0375 0.0390625
3 0.66171875 0.87734375 0.09375 0.075
4 0.6015625 0.9390625 0.1484375 0.0359375
0 0.79375 0.84765625 0.053125 0.015625
2 0.32265625 0.20078125 0.63125 0.4
3 0.8109375 0.83203125 0.04375 0.0421875
0 0.65390625 0.47109375 0.096875 0.0421875
4 0.32109375 0.33046875 0.2234375 0.0546875
5 0.81640625 0.31875 0.1375 0.2171875
3 0.6875 0.42734375 0.0890625 0.04375
3 0.71875 0.9296875 0.053125 0.065625
3 0.85390625 0.85625 0.046875 0.028125
0 0.8453125 0.9328125 0.053125 0.0125
5 0.90078125 0.74609375 0.084375 0.05
3 0.8171875 0.496875 0.0484375 0.0375
0 0.05859375 0.159375 0.1171875 0.071875