0 0.74609375 0.88984375 0.184375 0.2203125
0 0.51171875 0.54609375 0.1109375 0.28125
0 0.64375 0.3234375 0.075 0.184375
4 0.2671875 0.7640625 0.121875 0.2953125
4 0.05 0.7921875 0.1 0.225
4 0.03046875 0.453125 0.0609375 0.15625
4 0.02890625 0.47578125 0.0578125 0.15625
4 0.059375 0.33125 0.059375 0.165625
4 0.0265625 0.30234375 0.034375 0.1125
3 0.22578125 0.690625 0.215625 0.296875
3 0.16796875 0.54375 0.18125 0.21875
3 0.5171875 0.328125 0.1375 0.153125
3 0.39296875 0.2109375 0.06875 0.121875
1 0.2625 0.37109375 0.0921875 0.20625
1 0.30078125 0.328125 0.075 0.20625
3 0.03515625 0.23671875 0.0703125 0.109375
3 0.03125 0.15703125 0.04375 0.06875
5 0.21171875 0.16484375 0.0859375 0.178125
5 0.19453125 0.090625 0.090625 0.153125
3 0.3171875 0.215625 0.078125 0.1203125
3 0.271875 0.1859375 0.046875 0.084375
0 0.0703125 0.17265625 0.025 0.09375
3 0.06875 0.12421875 0.03125 0.059375
0 0.09375 0.1375 0.0140625 0.075
0 0.1171875 0.14296875 0.021875 0.0796875
0 0.13203125 0.13203125 0.015625 0.0765625
0 0.14921875 0.146875 0.0296875 0.08125
2 0.0828125 0.05078125 0.05625 0.0875
0 0.08671875 0.08203125 0.01875 0.0484375
3 0.97265625 0.225 0.0546875 0.096875
5 0.615625 0.1453125 0.0734375 0.059375
0 0.7359375 0.1671875 0.03125 0.0671875
2 0.57734375 0.11015625 0.115625 0.0921875
0 0.484375 0.11875 0.021875 0.03125
0 0.44375 0.109375 0.034375 0.04375
1 0.40078125 0.096875 0.028125 0.04375
0 0.9 0.196875 0.03125 0.040625