3 0.23359375 0.69140625 0.21640625 0.26015625
3 0.39375 0.32578125 0.09140625 0.09453125
2 0.721875 0.67421875 0.55625 0.64296875
0 0.090625 0.21171875 0.01953125 0.08359375
1 0.12890625 0.2 0.04375 0.0890625
2 0.33515625 0.196875 0.13515625 0.15078125
0 0.3171875 0.26875 0.03515625 0.071875
0 0.2015625 0.24296875 0.0296875 0.078125
3 0.1265625 0.32890625 0.07578125 0.09375
0 0.38515625 0.44296875 0.04765625 0.11875
1 0.240625 0.2015625 0.04296875 0.05234375
4 0.44453125 0.7328125 0.065625 0.21796875
3 0.18671875 0.5421875 0.13984375 0.15546875
0 0.16640625 0.253125 0.02578125 0.0765625
4 0.084375 0.75859375 0.04453125 0.065625
0 0.28046875 0.27265625 0.02734375 0.07578125
4 0.078125 0.8625 0.084375 0.14609375
4 0.040625 0.5015625 0.06640625 0.1296875
4 0.065625 0.3515625 0.04375 0.121875
3 0.92578125 0.24453125 0.1203125 0.09375
4 0.2984375 0.8390625 0.0578125 0.17265625
0 0.16328125 0.1796875 0.015625 0.05390625
3 0.20703125 0.178125 0.0265625 0.03671875
1 0.73046875 0.225 0.05078125 0.065625
4 0.78671875 0.21796875 0.02109375 0.04453125
3 0.82890625 0.22890625 0.053125 0.06640625
1 0.48125 0.17109375 0.02890625 0.046875
0 0.5234375 0.184375 0.028125 0.05703125
5 0.38359375 0.1265625 0.08046875 0.08671875
5 0.17109375 0.13359375 0.03515625 0.0609375
5 0.12578125 0.0609375 0.03671875 0.06640625
4 0.01484375 0.83203125 0.0296875 0.3328125
1 0.2046875 0.10703125 0.0140625 0.021875
3 0.1109375 0.1203125 0.01875 0.0296875
3 0.13984375 0.134375 0.02421875 0.0375