0 0.50703125 0.5484375 0.203125 0.0640625
0 0.51484375 0.95234375 0.0890625 0.0953125
0 0.4234375 0.62890625 0.159375 0.0625
3 0.30390625 0.3453125 0.0953125 0.103125
3 0.2421875 0.425 0.0796875 0.0921875
0 0.4859375 0.7640625 0.196875 0.075
4 0.39765625 0.15 0.0625 0.03125
4 0.390625 0.1921875 0.1125 0.046875
0 0.56015625 0.67109375 0.209375 0.0703125
3 0.68828125 0.2453125 0.278125 0.21875
3 0.33046875 0.53203125 0.10625 0.128125
2 0.7734375 0.88046875 0.453125 0.2390625
0 0.20703125 0.18203125 0.0671875 0.0375
3 0.20234375 0.26328125 0.065625 0.0640625
0 0.421875 0.4359375 0.153125 0.053125
4 0.88203125 0.07421875 0.14375 0.078125
0 0.184375 0.11484375 0.06875 0.021875
3 0.15546875 0.146875 0.053125 0.05625
0 0.36953125 0.36796875 0.121875 0.05625
4 0.8578125 0.23515625 0.171875 0.0703125
5 0.15546875 0.72734375 0.13125 0.221875
1 0.24375 0.30859375 0.096875 0.065625
3 0.5265625 0.19375 0.1625 0.165625
4 0.459375 0.0453125 0.184375 0.046875
4 0.74921875 0.19921875 0.153125 0.059375
4 0.80078125 0.07578125 0.1203125 0.0671875
4 0.34921875 0.090625 0.0921875 0.03125
1 0.103125 0.1234375 0.0515625 0.03125
0 0.31328125 0.61875 0.0921875 0.040625
1 0.19296875 0.38359375 0.06875 0.0703125
2 0.175 0.9078125 0.15625 0.1140625
4 0.20234375 0.08515625 0.053125 0.0546875
3 0.14375 0.18515625 0.053125 0.034375
3 0.14609375 0.215625 0.0421875 0.021875
5 0.11953125 0.2703125 0.13125 0.0875
2 0.075 0.371875 0.096875 0.0953125
1 0.1328125 0.0875 0.0578125 0.0359375
2 0.03671875 0.18046875 0.0484375 0.0390625