3 0.78828125 0.415625 0.1375 0.11875
3 0.8171875 0.5484375 0.15 0.171875
3 0.7609375 0.70390625 0.19375 0.2609375
1 0.66953125 0.3234375 0.059375 0.128125
5 0.3203125 0.30625 0.284375 0.3421875
0 0.53671875 0.3609375 0.06875 0.128125
0 0.76796875 0.24765625 0.03125 0.071875
0 0.35625 0.44921875 0.0609375 0.121875
3 0.81953125 0.17890625 0.040625 0.0484375
3 0.7109375 0.21796875 0.0453125 0.053125
0 0.8734375 0.21015625 0.034375 0.0625
5 0.49296875 0.18125 0.08125 0.0484375
4 0.953125 0.31875 0.0265625 0.078125
3 0.66484375 0.2296875 0.05625 0.040625
0 0.865625 0.35703125 0.04375 0.0875
5 0.80546875 0.1484375 0.0375 0.034375
4 0.9203125 0.80703125 0.078125 0.159375
4 0.8921875 0.96328125 0.0484375 0.0734375
4 0.94140625 0.49921875 0.0546875 0.15625
3 0.884375 0.3109375 0.1015625 0.1015625
0 0.909375 0.21015625 0.0140625 0.0671875
5 0.7296875 0.1109375 0.04375 0.0578125
3 0.84921875 0.1484375 0.025 0.04375
5 0.896875 0.10234375 0.05 0.090625
5 0.87890625 0.171875 0.0453125 0.096875