1 0.58046875 0.27734375 0.1625 0.103125
3 0.26875 0.22109375 0.284375 0.246875
0 0.54140625 0.63125 0.16875 0.065625
2 0.77734375 0.18125 0.140625 0.103125
3 0.71171875 0.409375 0.084375 0.0796875
5 0.865625 0.46015625 0.16875 0.175
0 0.7265625 0.3078125 0.078125 0.0328125
1 0.75234375 0.88125 0.065625 0.065625
0 0.6265625 0.534375 0.125 0.05
4 0.09453125 0.38359375 0.1890625 0.0875
0 0.7140625 0.24375 0.08125 0.0359375
1 0.75859375 0.74453125 0.046875 0.0578125
4 0.25 0.0484375 0.1359375 0.065625
4 0.07265625 0.06015625 0.1453125 0.0890625
0 0.7140625 0.3484375 0.090625 0.028125
4 0.53203125 0.02734375 0.15 0.04375
4 0.15234375 0.33125 0.228125 0.0609375
3 0.4078125 0.1703125 0.203125 0.159375
3 0.7609375 0.3015625 0.06875 0.059375
4 0.6203125 0.0703125 0.15 0.0390625
0 0.603125 0.38203125 0.128125 0.053125
0 0.584375 0.125 0.1484375 0.0359375
3 0.63828125 0.11875 0.11875 0.0703125
3 0.678125 0.04609375 0.0953125 0.0375
0 0.78046875 0.07265625 0.065625 0.015625
0 0.83359375 0.06875 0.0515625 0.0203125
0 0.78984375 0.1296875 0.065625 0.0125
0 0.85390625 0.08203125 0.05 0.0234375
0 0.86171875 0.1078125 0.0375 0.009375
1 0.7984375 0.61796875 0.040625 0.034375
3 0.75625 0.82890625 0.0640625 0.03125
3 0.740625 0.95703125 0.071875 0.0859375