3 0.4671875 0.359375 0.215625 0.215625
3 0.60234375 0.6015625 0.11875 0.1109375
3 0.66953125 0.90078125 0.103125 0.084375
5 0.7640625 0.565625 0.16875 0.165625
3 0.76015625 0.7625 0.0625 0.065625
0 0.72578125 0.83515625 0.084375 0.034375
0 0.215625 0.21875 0.228125 0.09375
4 0.49296875 0.975 0.125 0.05
0 0.6125 0.72578125 0.128125 0.046875
3 0.45078125 0.83515625 0.1578125 0.15
4 0.64140625 0.9640625 0.14375 0.0421875
3 0.79296875 0.796875 0.04375 0.059375
1 0.81953125 0.915625 0.06875 0.040625
3 0.81640625 0.7609375 0.0390625 0.053125
3 0.2875 0.79140625 0.2859375 0.2015625
3 0.68046875 0.72734375 0.0921875 0.096875
4 0.184375 0.75546875 0.225 0.0703125
0 0.825 0.88203125 0.0625 0.0296875
3 0.834375 0.83984375 0.046875 0.040625
4 0.56328125 0.815625 0.065625 0.0359375
0 0.81640625 0.86796875 0.059375 0.025
4 0.1375 0.96015625 0.15 0.0734375
3 0.659375 0.42109375 0.1375 0.109375
5 0.8828125 0.68046875 0.0734375 0.08125
5 0.90546875 0.8125 0.053125 0.0390625
3 0.7421875 0.0796875 0.084375 0.09375
0 0.76328125 0.165625 0.0421875 0.03125
3 0.75625 0.20546875 0.046875 0.071875