2 0.4203125 0.415625 0.2546875 0.36796875
5 0.85546875 0.2875 0.2890625 0.2375
3 0.275 0.21875 0.04765625 0.06171875
3 0.18828125 0.5390625 0.16015625 0.14609375
4 0.178125 0.84609375 0.07890625 0.14609375
3 0.228125 0.69609375 0.2078125 0.26953125
1 0.1171875 0.203125 0.04375 0.071875
3 0.13515625 0.3296875 0.06328125 0.09375
3 0.15234375 0.15859375 0.040625 0.04921875
2 0.3796875 0.20078125 0.175 0.12109375
4 0.0515625 0.46640625 0.04765625 0.178125
4 0.090625 0.871875 0.05703125 0.10390625
0 0.26875 0.346875 0.03671875 0.12734375
1 0.1125 0.14609375 0.03828125 0.04296875
4 0.08125 0.80546875 0.0671875 0.14765625
0 0.19453125 0.16640625 0.02421875 0.05
2 0.8015625 0.69765625 0.3953125 0.60390625
4 0.11953125 0.4734375 0.03671875 0.1078125
4 0.078125 0.45546875 0.03515625 0.1859375
5 0.64921875 0.48359375 0.09921875 0.31796875
3 0.575 0.4 0.05859375 0.1375
3 0.54609375 0.32109375 0.0421875 0.10390625
4 0.1734375 0.43046875 0.03125 0.0625
4 0.2015625 0.403125 0.0203125 0.084375
4 0.1359375 0.36875 0.0234375 0.0828125
4 0.04921875 0.3171875 0.025 0.04765625
3 0.0671875 0.23203125 0.02421875 0.07421875
0 0.115625 0.15390625 0.0140625 0.028125
1 0.24609375 0.11953125 0.0171875 0.02734375
4 0.075 0.16171875 0.025 0.053125