3 0.86328125 0.50390625 0.225 0.15859375
1 0.3453125 0.41640625 0.08828125 0.1671875
3 0.88515625 0.89609375 0.2296875 0.2078125
3 0.240625 0.6921875 0.19296875 0.26328125
3 0.184375 0.5421875 0.14609375 0.1625
3 0.51484375 0.3 0.09375 0.09921875
0 0.084375 0.16953125 0.0140625 0.05234375
3 0.390625 0.3375 0.09296875 0.10078125
1 0.33515625 0.2640625 0.0578125 0.07109375
5 0.6046875 0.19453125 0.06953125 0.0453125
3 0.740625 0.41484375 0.1421875 0.1390625
5 0.93046875 0.20625 0.11484375 0.128125
3 0.546875 0.3515625 0.103125 0.0953125
1 0.11484375 0.19453125 0.03203125 0.06328125
0 0.8875 0.6296875 0.10234375 0.23046875
0 0.15390625 0.240625 0.0265625 0.071875
1 0.46953125 0.52578125 0.10078125 0.19140625
3 0.26796875 0.26015625 0.06953125 0.0859375
4 0.05859375 0.33671875 0.0359375 0.08828125
0 0.61875 0.56171875 0.0765625 0.22734375
1 0.68359375 0.209375 0.04296875 0.05546875
1 0.6828125 0.20546875 0.0421875 0.046875
0 0.6078125 0.3203125 0.028125 0.0796875
1 0.659375 0.9125 0.29375 0.175
4 0.075 0.865625 0.0890625 0.26796875
0 0.1359375 0.39375 0.0484375 0.1359375
3 0.128125 0.32890625 0.08359375 0.09140625
3 0.58984375 0.428125 0.15625 0.1234375
3 0.4109375 0.27265625 0.05703125 0.08203125
3 0.3046875 0.34609375 0.07734375 0.109375
0 0.19609375 0.25859375 0.0234375 0.08203125
3 0.23203125 0.19609375 0.04140625 0.04375
3 0.24765625 0.18671875 0.0328125 0.04453125
1 0.1546875 0.21953125 0.040625 0.06328125
5 0.14921875 0.10234375 0.053125 0.09609375
5 0.075 0.0890625 0.02890625 0.0515625
0 0.0734375 0.18359375 0.0140625 0.05234375
0 0.103125 0.15 0.01171875 0.034375
1 0.159375 0.17734375 0.028125 0.0265625
3 0.1828125 0.1890625 0.0203125 0.05703125
3 0.20703125 0.1703125 0.02578125 0.03125