4 0.19921875 0.92734375 0.20625 0.128125
4 0.22890625 0.72578125 0.275 0.115625
3 0.31640625 0.7453125 0.2953125 0.215625
4 0.42109375 0.66875 0.1875 0.0578125
0 0.37109375 0.5765625 0.2875 0.05625
3 0.55234375 0.27890625 0.23125 0.209375
3 0.36484375 0.053125 0.4640625 0.10625
0 0.58046875 0.5171875 0.1671875 0.065625
0 0.6640625 0.56640625 0.1296875 0.0421875
0 0.64296875 0.54140625 0.134375 0.046875
3 0.43046875 0.81328125 0.2359375 0.178125
1 0.6234375 0.67265625 0.159375 0.1078125
3 0.73515625 0.64140625 0.1140625 0.0875
1 0.70078125 0.71953125 0.1109375 0.059375
4 0.51484375 0.9515625 0.16875 0.0625
4 0.4921875 0.9640625 0.14375 0.06875
4 0.6484375 0.946875 0.121875 0.0328125
4 0.65 0.9265625 0.1203125 0.04375
3 0.6046875 0.83125 0.15625 0.1203125
3 0.70625 0.93984375 0.121875 0.0734375
3 0.7953125 0.81015625 0.08125 0.0421875
0 0.79375 0.7703125 0.0640625 0.01875
0 0.77265625 0.75703125 0.0828125 0.021875
3 0.8015625 0.94609375 0.084375 0.05
0 0.80703125 0.89453125 0.06875 0.0234375
3 0.8578125 0.91875 0.0515625 0.028125
3 0.85859375 0.84921875 0.05 0.03125
0 0.85703125 0.859375 0.04375 0.025
3 0.809375 0.73828125 0.0984375 0.0375
3 0.78515625 0.70390625 0.0875 0.0515625
1 0.78125 0.09375 0.146875 0.08125
3 0.8515625 0.59140625 0.053125 0.05625
0 0.8375 0.56796875 0.01875 0.03125
0 0.82734375 0.53203125 0.034375 0.01875
5 0.87421875 0.6484375 0.0796875 0.059375
5 0.91171875 0.8234375 0.059375 0.034375
2 0.79296875 0.01015625 0.2140625 0.0203125
3 0.79453125 0.35390625 0.034375 0.046875
0 0.790625 0.33046875 0.028125 0.0328125
5 0.884375 0.74140625 0.046875 0.0296875
0 0.871875 0.7390625 0.021875 0.0125
1 0.9 0.796875 0.0375 0.0140625
0 0.89375 0.78125 0.0375 0.0140625
5 0.92890625 0.87734375 0.040625 0.028125