5 0.57890625 0.2609375 0.22578125 0.28984375
3 0.653125 0.48125 0.17109375 0.17421875
3 0.4625 0.36796875 0.1234375 0.12890625
3 0.23046875 0.6640625 0.17890625 0.19921875
3 0.18515625 0.54765625 0.14453125 0.1625
3 0.1296875 0.24140625 0.05625 0.06953125
1 0.11640625 0.40390625 0.10078125 0.15
0 0.31875 0.2546875 0.01796875 0.07890625
0 0.18203125 0.28203125 0.028125 0.08359375
3 0.25625 0.35390625 0.09375 0.12109375
0 0.33046875 0.3265625 0.0375 0.096875
3 0.39453125 0.28671875 0.05546875 0.08046875
0 0.5625 0.65234375 0.084375 0.26328125
4 0.0421875 0.5125 0.065625 0.12421875
0 0.10546875 0.1828125 0.04140625 0.06171875
5 0.25859375 0.22578125 0.05625 0.11796875
2 0.86171875 0.23046875 0.15859375 0.1234375
4 0.04453125 0.34765625 0.040625 0.1265625
3 0.96484375 0.2796875 0.0703125 0.10234375
3 0.35859375 0.240625 0.04140625 0.07265625
0 0.13671875 0.17734375 0.0296875 0.06171875
1 0.16484375 0.16953125 0.03515625 0.05234375
3 0.065625 0.2796875 0.0609375 0.08046875
0 0.83984375 0.90625 0.13984375 0.18671875
4 0.26484375 0.79609375 0.05703125 0.26171875
5 0.25859375 0.25625 0.01796875 0.06171875
0 0.2171875 0.26328125 0.01796875 0.07578125
3 0.2140625 0.225 0.03359375 0.06015625
3 0.2109375 0.18046875 0.025 0.0375
4 0.03203125 0.29375 0.0140625 0.0453125