3 0.43515625 0.8234375 0.14375 0.184375
0 0.59296875 0.846875 0.240625 0.084375
1 0.29375 0.2328125 0.0984375 0.0625
0 0.35546875 0.4515625 0.14375 0.0640625
2 0.15546875 0.534375 0.109375 0.1203125
0 0.2671875 0.1703125 0.08125 0.03125
4 0.49453125 0.025 0.1390625 0.05
3 0.21796875 0.30859375 0.059375 0.0609375
3 0.33125 0.33984375 0.109375 0.096875
3 0.19765625 0.1328125 0.0578125 0.0578125
3 0.5375 0.16796875 0.1484375 0.153125
4 0.34296875 0.05703125 0.1125 0.0390625
0 0.21328125 0.209375 0.05625 0.04375
4 0.34609375 0.03984375 0.1125 0.028125
3 0.1484375 0.15859375 0.040625 0.0390625
0 0.23046875 0.78359375 0.053125 0.0375
3 0.690625 0.2328125 0.246875 0.19375
4 0.825 0.16640625 0.26875 0.05625
4 0.8171875 0.2484375 0.253125 0.053125
4 0.8625 0.05859375 0.184375 0.071875
3 0.415625 0.12109375 0.1265625 0.121875
3 0.2 0.64140625 0.0625 0.0484375
5 0.0984375 0.2 0.05 0.0390625
5 0.065625 0.109375 0.0453125 0.025