3 0.58359375 0.18515625 0.121875 0.13125
3 0.30390625 0.23828125 0.2703125 0.1921875
1 0.7265625 0.2109375 0.09375 0.046875
3 0.44140625 0.18359375 0.175 0.14375
3 0.853125 0.13828125 0.0359375 0.0328125
3 0.66640625 0.121875 0.096875 0.08125
3 0.71953125 0.43515625 0.0875 0.084375
0 0.61328125 0.3859375 0.13125 0.053125
0 0.44296875 0.88203125 0.19375 0.0984375
0 0.503125 0.46015625 0.190625 0.071875
0 0.6859375 0.2796875 0.084375 0.021875
0 0.76171875 0.29296875 0.0796875 0.03125
5 0.55234375 0.86640625 0.2 0.225
5 0.85078125 0.6234375 0.178125 0.2015625
3 0.7109375 0.35859375 0.0796875 0.0640625
4 0.1703125 0.07890625 0.196875 0.06875
4 0.47578125 0.0578125 0.225 0.040625
3 0.63984375 0.63046875 0.1140625 0.121875
3 0.75625 0.9296875 0.0734375 0.090625
3 0.76328125 0.82734375 0.0546875 0.0546875
1 0.775 0.7421875 0.04375 0.0421875
5 0.85234375 0.22265625 0.0953125 0.0765625
3 0.703125 0.0734375 0.053125 0.0546875
0 0.80390625 0.09609375 0.0578125 0.015625
0 0.809375 0.12109375 0.059375 0.015625
0 0.78046875 0.146875 0.0671875 0.01875
3 0.76953125 0.1796875 0.0625 0.01875
0 0.75625 0.2484375 0.0703125 0.0203125
0 0.7609375 0.3265625 0.065625 0.015625
5 0.9078125 0.18515625 0.0390625 0.0375
3 0.8765625 0.109375 0.0359375 0.025
3 0.85078125 0.08984375 0.0375 0.0265625
1 0.84140625 0.36640625 0.03125 0.021875
3 0.8046875 0.49609375 0.04375 0.04375
0 0.83671875 0.4296875 0.025 0.0125