3 0.971875 0.23359375 0.05625 0.0875
3 0.1296875 0.7453125 0.259375 0.31875
0 0.14921875 0.50390625 0.090625 0.1875
3 0.79140625 0.6546875 0.1859375 0.20625
3 0.85546875 0.5296875 0.159375 0.184375
3 0.47734375 0.45 0.140625 0.18125
0 0.83203125 0.2546875 0.0453125 0.1109375
1 0.921875 0.3828125 0.109375 0.175
4 0.76328125 0.75859375 0.0953125 0.18125
4 0.98671875 0.4953125 0.0265625 0.1375
0 0.3828125 0.15390625 0.0265625 0.046875
0 0.753125 0.22421875 0.021875 0.1015625
3 0.02890625 0.221875 0.0578125 0.115625
3 0.61640625 0.2265625 0.078125 0.103125
3 0.79921875 0.13203125 0.05 0.059375
3 0.83046875 0.16640625 0.05625 0.06875
5 0.8921875 0.13125 0.05 0.0875
3 0.9296875 0.090625 0.0390625 0.05625
0 0.21640625 0.47890625 0.0640625 0.1875
3 0.66953125 0.196875 0.05 0.075
3 0.71796875 0.1734375 0.040625 0.06875
1 0.7515625 0.1875 0.0515625 0.1
3 0.86171875 0.11171875 0.01875 0.0578125
4 0.9703125 0.265625 0.015625 0.065625
4 0.99453125 0.31875 0.0109375 0.146875
4 0.86640625 0.85859375 0.05625 0.128125