2 0.69921875 0.30234375 0.2359375 0.3875
3 0.92734375 0.33046875 0.090625 0.1015625
3 0.09453125 0.6859375 0.1875 0.30625
1 0.5125 0.51796875 0.115625 0.215625
3 0.35390625 0.44765625 0.1796875 0.109375
3 0.81953125 0.7015625 0.2296875 0.2828125
0 0.1734375 0.5078125 0.06875 0.171875
0 0.4578125 0.36953125 0.0453125 0.15
0 0.8296875 0.275 0.034375 0.0984375
3 0.39140625 0.65625 0.2875 0.328125
0 0.8875 0.2703125 0.021875 0.1015625
0 0.86015625 0.25078125 0.0265625 0.078125
3 0.8640625 0.165625 0.075 0.05
3 0.85859375 0.53203125 0.16875 0.140625
3 0.2859375 0.21953125 0.08125 0.046875
4 0.9875 0.31171875 0.025 0.0640625
1 0.55859375 0.16171875 0.03125 0.04375
4 0.75703125 0.91015625 0.0640625 0.1796875
3 0.41484375 0.33828125 0.121875 0.090625
3 0.1640625 0.434375 0.178125 0.159375
4 0.96484375 0.61875 0.05625 0.090625
4 0.63359375 0.965625 0.0578125 0.06875
4 0.93671875 0.21953125 0.046875 0.0671875
1 0.95703125 0.1546875 0.0203125 0.04375
0 0.9296875 0.1671875 0.0125 0.0265625
0 0.93515625 0.14140625 0.015625 0.028125
0 0.9109375 0.1578125 0.015625 0.04375
0 0.97421875 0.1046875 0.0375 0.065625
0 0.97578125 0.175 0.0171875 0.053125
3 0.909375 0.10859375 0.0375 0.0515625
0 0.86796875 0.20546875 0.028125 0.03125
3 0.5296875 0.28984375 0.0640625 0.1140625
2 0.56796875 0.2671875 0.0203125 0.203125
0 0.35390625 0.3546875 0.03125 0.059375
0 0.23515625 0.44609375 0.04375 0.165625
0 0.03203125 0.49453125 0.059375 0.1
1 0.2515625 0.59140625 0.0359375 0.2171875
1 0.37109375 0.18125 0.0375 0.0453125
1 0.4609375 0.16015625 0.028125 0.046875
1 0.51875 0.1609375 0.0375 0.0390625