3 0.23828125 0.68671875 0.18984375 0.259375
0 0.66953125 0.4 0.0515625 0.090625
3 0.1796875 0.540625 0.1515625 0.15859375
3 0.1625 0.18125 0.04375 0.0453125
2 0.34609375 0.31640625 0.22734375 0.26796875
0 0.740625 0.49375 0.04375 0.16328125
0 0.77265625 0.38515625 0.06328125 0.08828125
3 0.4828125 0.4796875 0.13125 0.1609375
3 0.12421875 0.34375 0.08359375 0.1046875
0 0.65546875 0.51171875 0.065625 0.18515625
1 0.19296875 0.30078125 0.0671875 0.109375
0 0.11953125 0.20078125 0.025 0.05234375
1 0.88828125 0.24140625 0.0578125 0.07734375
0 0.17734375 0.2078125 0.03046875 0.06015625
3 0.18203125 0.159375 0.03671875 0.034375
3 0.5359375 0.3859375 0.12109375 0.10390625
4 0.040625 0.51015625 0.06953125 0.11796875
5 0.38515625 0.18203125 0.06796875 0.0765625
3 0.121875 0.17109375 0.03359375 0.034375
1 0.84921875 0.5109375 0.15078125 0.15703125
1 0.13359375 0.14609375 0.028125 0.02734375
0 0.8328125 0.65625 0.0890625 0.2421875
0 0.08046875 0.1890625 0.0203125 0.0484375
1 0.728125 0.22890625 0.06328125 0.0484375
4 0.05234375 0.321875 0.0390625 0.07421875
3 0.13046875 0.15859375 0.025 0.02734375
0 0.69765625 0.603125 0.06484375 0.22890625
0 0.9515625 0.55390625 0.04296875 0.19921875
3 0.98671875 0.53359375 0.0265625 0.13515625
3 0.95 0.25234375 0.05625 0.10625
0 0.45703125 0.3078125 0.01640625 0.1171875
0 0.59765625 0.359375 0.03046875 0.11875
3 0.57890625 0.32890625 0.0765625 0.103125
0 0.5671875 0.3265625 0.02421875 0.05
3 0.2375 0.18671875 0.0296875 0.04375
4 0.053125 0.4171875 0.02265625 0.14375
4 0.31640625 0.54375 0.034375 0.178125
0 0.34140625 0.4796875 0.034375 0.171875
4 0.0828125 0.83359375 0.08984375 0.175
4 0.4625 0.93515625 0.09453125 0.1296875
0 0.54375 0.575 0.0453125 0.240625