5 0.540625 0.259375 0.1984375 0.28984375
3 0.6328125 0.521875 0.16640625 0.1890625
3 0.2515625 0.67734375 0.17421875 0.215625
1 0.2953125 0.40546875 0.096875 0.1875
3 0.1875 0.53828125 0.15 0.15
3 0.8390625 0.51640625 0.215625 0.21640625
1 0.98359375 0.2609375 0.03203125 0.10625
1 0.115625 0.41015625 0.10390625 0.16484375
3 0.68828125 0.2265625 0.065625 0.05859375
0 0.5234375 0.56953125 0.07734375 0.240625
0 0.2328125 0.25546875 0.03125 0.075
1 0.9484375 0.25859375 0.103125 0.1015625
0 0.628125 0.60859375 0.05546875 0.2078125
0 0.384375 0.5453125 0.053125 0.1890625
0 0.39140625 0.3484375 0.025 0.11171875
3 0.34921875 0.3671875 0.084375 0.12265625
4 0.16484375 0.7984375 0.08515625 0.23359375
4 0.034375 0.5125 0.06875 0.1234375
4 0.04765625 0.35234375 0.028125 0.1203125
0 0.265625 0.26015625 0.02421875 0.07578125
0 0.134375 0.22890625 0.0140625 0.06796875
0 0.15078125 0.24140625 0.0234375 0.07421875
0 0.09296875 0.2125 0.01875 0.0625
3 0.06640625 0.28203125 0.0671875 0.0875
5 0.221875 0.159375 0.10390625 0.146875
3 0.34296875 0.27890625 0.071875 0.0609375
3 0.32578125 0.22265625 0.06484375 0.0640625
3 0.765625 0.23359375 0.06953125 0.06953125
5 0.3515625 0.134375 0.0640625 0.0671875
0 0.11953125 0.17265625 0.0140625 0.04921875
0 0.15078125 0.17578125 0.015625 0.0453125
0 0.0875 0.16171875 0.009375 0.02734375
0 0.096875 0.1359375 0.00859375 0.0296875
3 0.1109375 0.121875 0.02421875 0.03125
0 0.47890625 0.4359375 0.0515625 0.16171875
0 0.471875 0.34140625 0.0296875 0.07265625
0 0.934375 0.27421875 0.0265625 0.0734375