3 0.73984375 0.5625 0.21328125 0.215625
3 0.18125 0.53515625 0.14609375 0.1484375
3 0.3328125 0.4453125 0.14375 0.15703125
5 0.30546875 0.24609375 0.065625 0.09375
5 0.91171875 0.41875 0.1734375 0.24140625
5 0.43984375 0.2375 0.10703125 0.11015625
3 0.5765625 0.46171875 0.1546875 0.16484375
3 0.2375 0.68984375 0.203125 0.27421875
0 0.2390625 0.30625 0.0421875 0.1
3 0.3953125 0.334375 0.09921875 0.10390625
0 0.2078125 0.22265625 0.0421875 0.0984375
1 0.14296875 0.23203125 0.04609375 0.06484375
4 0.015625 0.82109375 0.0296875 0.3578125
0 0.1359375 0.37265625 0.05078125 0.1171875
3 0.1125 0.19921875 0.03125 0.03046875
0 0.09296875 0.15078125 0.03359375 0.05390625
0 0.4765625 0.50390625 0.0609375 0.2046875
3 0.48046875 0.3109375 0.07890625 0.09609375
5 0.6 0.30078125 0.12109375 0.15546875
0 0.6390625 0.3828125 0.0359375 0.0984375
0 0.75625 0.84453125 0.09609375 0.3109375
0 0.89140625 0.8375 0.09765625 0.32265625
0 0.83046875 0.696875 0.05859375 0.2203125
4 0.48203125 0.9421875 0.08203125 0.115625
4 0.103125 0.859375 0.06328125 0.14453125
4 0.0828125 0.77578125 0.05390625 0.0921875
3 0.1171875 0.3375 0.08828125 0.10546875
3 0.36640625 0.2390625 0.04296875 0.06484375
4 0.03515625 0.5140625 0.06640625 0.09921875
4 0.05234375 0.41875 0.02109375 0.1515625
4 0.04453125 0.309375 0.01171875 0.03828125
4 0.065625 0.315625 0.02109375 0.046875