3 0.128125 0.2671875 0.0578125 0.096875
3 0.2328125 0.6875 0.1734375 0.25625
2 0.665625 0.1921875 0.1328125 0.11484375
2 0.6890625 0.5328125 0.55625 0.56171875
3 0.18671875 0.55859375 0.1453125 0.16796875
4 0.053125 0.3453125 0.0375 0.1046875
1 0.11796875 0.41640625 0.09921875 0.16015625
5 0.19375 0.20078125 0.0703125 0.11015625
0 0.1296875 0.1875 0.015625 0.05
4 0.040625 0.5109375 0.06484375 0.13515625
4 0.353125 0.67265625 0.05078125 0.12578125
4 0.42578125 0.6328125 0.04609375 0.19375
4 0.13046875 0.29921875 0.021875 0.0578125
4 0.0390625 0.3078125 0.01171875 0.0359375
0 0.1796875 0.275 0.021875 0.090625
0 0.14453125 0.19296875 0.01328125 0.05078125
0 0.15625 0.209375 0.0140625 0.06015625
0 0.1609375 0.16640625 0.00859375 0.0375
3 0.22734375 0.21171875 0.0125 0.05859375
3 0.13125 0.1359375 0.0234375 0.0328125
3 0.07578125 0.13984375 0.02265625 0.02890625
3 0.06640625 0.26484375 0.03515625 0.06328125
1 0.565625 0.18359375 0.03359375 0.04375