3 0.475 0.28203125 0.103125 0.1125
3 0.11796875 0.184375 0.1 0.06875
3 0.7765625 0.68984375 0.240625 0.3
1 0.80625 0.34765625 0.09375 0.153125
3 0.89609375 0.30234375 0.0765625 0.103125
0 0.67890625 0.28828125 0.0421875 0.1125
3 0.83125 0.53125 0.15625 0.19375
0 0.87421875 0.20703125 0.0234375 0.0796875
3 0.85390625 0.16953125 0.0625 0.0578125
1 0.796875 0.134375 0.0515625 0.0875
0 0.91015625 0.1671875 0.034375 0.0734375
3 0.66875 0.21328125 0.065625 0.053125
4 0.9453125 0.853125 0.065625 0.171875
2 0.18671875 0.6546875 0.371875 0.659375
5 0.93359375 0.09140625 0.04375 0.065625
3 0.67578125 0.1640625 0.0578125 0.040625
4 0.9765625 0.47890625 0.046875 0.1390625
1 0.84609375 0.121875 0.04375 0.0375
0 0.93046875 0.12578125 0.021875 0.04375
3 0.7453125 0.18046875 0.0640625 0.0875
1 0.84453125 0.10078125 0.034375 0.028125
0 0.940625 0.11640625 0.034375 0.04375
4 0.53671875 0.94140625 0.0875 0.115625
4 0.97265625 0.3828125 0.03125 0.159375
4 0.8671875 0.359375 0.01875 0.115625
4 0.97421875 0.27109375 0.040625 0.0375
3 0.6140625 0.259375 0.090625 0.146875
5 0.25859375 0.13046875 0.171875 0.1671875
1 0.0625 0.16328125 0.0421875 0.0328125
0 0.04375 0.21015625 0.03125 0.0625
1 0.37734375 0.1421875 0.0375 0.0546875
0 0.42109375 0.1421875 0.0140625 0.0375
5 0.4921875 0.1359375 0.06875 0.05625
1 0.56796875 0.1109375 0.028125 0.028125
3 0.64296875 0.09453125 0.01875 0.0375
5 0.73046875 0.11953125 0.059375 0.0390625
0 0.884375 0.1125 0.015625 0.05
3 0.91015625 0.0875 0.021875 0.05625
3 0.94296875 0.22734375 0.053125 0.08125