1 0.14140625 0.49609375 0.2828125 0.253125
0 0.4296875 0.52578125 0.20625 0.071875
1 0.60625 0.503125 0.184375 0.121875
1 0.815625 0.7875 0.125 0.071875
1 0.640625 0.92265625 0.171875 0.1078125
3 0.7671875 0.5515625 0.09375 0.0875
2 0.93046875 0.521875 0.128125 0.125
1 0.3828125 0.23515625 0.2984375 0.2078125
0 0.41015625 0.06171875 0.2453125 0.1234375
3 0.7953125 0.66640625 0.096875 0.084375
0 0.68515625 0.659375 0.1375 0.04375
0 0.7375 0.82890625 0.13125 0.04375
0 0.796875 0.88125 0.1078125 0.034375
0 0.790625 0.7296875 0.0953125 0.03125
3 0.31875 0.7890625 0.3046875 0.221875
3 0.4890625 0.85 0.178125 0.165625
4 0.5390625 0.990625 0.14375 0.01875
3 0.90234375 0.88359375 0.0609375 0.0484375
5 0.92578125 0.7296875 0.146875 0.1296875
4 0.70390625 0.9890625 0.140625 0.021875
4 0.18984375 0.76796875 0.328125 0.0890625
0 0.84765625 0.26875 0.059375 0.0234375
1 0.8734375 0.4234375 0.05 0.04375
0 0.75546875 0.46796875 0.10625 0.0375
3 0.78046875 0.97265625 0.090625 0.0546875
0 0.82578125 0.91640625 0.08125 0.025
0 0.8671875 0.84609375 0.0625 0.021875
5 0.934375 0.828125 0.115625 0.0640625
3 0.8859375 0.940625 0.046875 0.0421875
0 0.7453125 0.7015625 0.109375 0.028125