3 0.32734375 0.246875 0.290625 0.221875
3 0.471875 0.1859375 0.240625 0.1671875
0 0.70859375 0.29296875 0.1375 0.0546875
1 0.91953125 0.11875 0.0578125 0.0359375
2 0.52578125 0.86875 0.6875 0.2625
3 0.88046875 0.19375 0.053125 0.059375
0 0.85390625 0.21484375 0.078125 0.0328125
0 0.72421875 0.12890625 0.140625 0.084375
5 0.9 0.5578125 0.065625 0.075
3 0.93515625 0.14921875 0.040625 0.034375
4 0.7203125 0.05625 0.2 0.0703125
1 0.85078125 0.8578125 0.06875 0.0828125
4 0.5484375 0.03125 0.16875 0.0625
4 0.71171875 0.11171875 0.171875 0.034375
4 0.871875 0.06640625 0.059375 0.015625
0 0.90625 0.075 0.059375 0.021875
5 0.97421875 0.25859375 0.0515625 0.0671875
0 0.8890625 0.61796875 0.046875 0.021875
0 0.88125 0.6640625 0.04375 0.0171875
1 0.50234375 0.7078125 0.25625 0.071875