3 0.63984375 0.3203125 0.078125 0.0984375
3 0.7203125 0.2640625 0.075 0.0734375
5 0.27265625 0.25859375 0.328125 0.3828125
1 0.8921875 0.43203125 0.1125 0.1640625
3 0.8203125 0.57109375 0.15625 0.1578125
3 0.8328125 0.2796875 0.0828125 0.078125
0 0.559375 0.390625 0.05625 0.1296875
0 0.66875 0.46640625 0.05 0.159375
4 0.7328125 0.8484375 0.071875 0.225
5 0.60390625 0.2046875 0.140625 0.184375
3 0.76328125 0.73984375 0.228125 0.278125
0 0.55390625 0.65390625 0.0828125 0.24375
0 0.746875 0.390625 0.05625 0.1328125
1 0.821875 0.1890625 0.0578125 0.0875
3 0.0125 0.28203125 0.025 0.109375
3 0.76171875 0.19296875 0.040625 0.065625
4 0.97421875 0.53203125 0.0515625 0.121875
5 0.41953125 0.515625 0.15625 0.253125
4 0.9671875 0.365625 0.0328125 0.1234375
3 0.95078125 0.2953125 0.075 0.084375
0 0.37890625 0.63046875 0.065625 0.259375
0 0.28359375 0.72421875 0.08125 0.303125
3 0.71796875 0.21328125 0.0359375 0.040625
2 0.73125 0.10625 0.06875 0.078125
0 0.90234375 0.16953125 0.0171875 0.053125
0 0.8859375 0.165625 0.0125 0.053125
3 0.86640625 0.15078125 0.028125 0.04375
3 0.91640625 0.20390625 0.04375 0.059375
0 0.89140625 0.234375 0.0171875 0.06875
0 0.8703125 0.21796875 0.0125 0.071875
0 0.89296875 0.121875 0.0078125 0.0328125
0 0.79140625 0.20078125 0.0125 0.059375