3 0.23984375 0.68828125 0.18671875 0.25625
2 0.68125 0.6 0.51484375 0.63671875
2 0.775 0.2015625 0.18125 0.1296875
3 0.18203125 0.546875 0.13984375 0.16796875
0 0.40625 0.34140625 0.040625 0.11328125
3 0.43671875 0.28203125 0.08203125 0.0765625
1 0.11796875 0.41484375 0.1015625 0.1625
0 0.35234375 0.359375 0.040625 0.11796875
5 0.1609375 0.18984375 0.05703125 0.10390625
0 0.19453125 0.26640625 0.0328125 0.0828125
0 0.9265625 0.246875 0.0625 0.10078125
4 0.05078125 0.3421875 0.03671875 0.10703125
4 0.040625 0.51015625 0.06328125 0.13203125
3 0.9859375 0.26328125 0.028125 0.1109375
3 0.121875 0.2484375 0.07578125 0.0796875
0 0.97265625 0.715625 0.05234375 0.3
0 0.984375 0.47734375 0.02890625 0.140625
4 0.3984375 0.65078125 0.0390625 0.14765625
4 0.41484375 0.5640625 0.0359375 0.05703125
4 0.13359375 0.3015625 0.01796875 0.05546875
0 0.1171875 0.18515625 0.01015625 0.046875
3 0.19765625 0.1921875 0.0171875 0.05
3 0.06953125 0.2734375 0.0328125 0.07421875