3 0.7390625 0.7296875 0.209375 0.2875
0 0.44453125 0.55 0.084375 0.21875
3 0.79765625 0.57265625 0.1609375 0.18125
0 0.71640625 0.3671875 0.0640625 0.1484375
1 0.83046875 0.25234375 0.0796875 0.0953125
3 0.5859375 0.3828125 0.109375 0.165625
3 0.696875 0.21015625 0.0625 0.065625
0 0.78984375 0.1828125 0.015625 0.05625
3 0.86484375 0.34375 0.103125 0.10625
0 0.85625 0.41640625 0.046875 0.1609375
0 0.84765625 0.15703125 0.009375 0.0453125
3 0.83125 0.13671875 0.03125 0.040625
0 0.853125 0.17578125 0.03125 0.046875
4 0.48125 0.9578125 0.13125 0.084375
4 0.92109375 0.79765625 0.0890625 0.2984375
4 0.94453125 0.50234375 0.0390625 0.215625
4 0.92578125 0.45078125 0.028125 0.15625
3 0.5875 0.2890625 0.0765625 0.08125
3 0.56640625 0.25703125 0.0546875 0.1046875
0 0.76640625 0.171875 0.0125 0.06875
0 0.7953125 0.15390625 0.0140625 0.040625
0 0.82421875 0.15234375 0.0140625 0.05625
2 0.89140625 0.1265625 0.053125 0.09375
0 0.909375 0.159375 0.015625 0.05625
0 0.38203125 0.1875 0.0125 0.034375
0 0.33671875 0.1953125 0.0140625 0.0265625
3 0.09453125 0.23125 0.071875 0.078125
1 0.015625 0.2421875 0.03125 0.059375