3 0.2375 0.6890625 0.18125 0.25234375
3 0.92109375 0.52578125 0.1578125 0.209375
3 0.18203125 0.54453125 0.13984375 0.15546875
3 0.0984375 0.27890625 0.06953125 0.08515625
1 0.11484375 0.403125 0.103125 0.1484375
3 0.17734375 0.3125 0.090625 0.09140625
3 0.4859375 0.2796875 0.0578125 0.08203125
1 0.24453125 0.22265625 0.0453125 0.05859375
0 0.5734375 0.3578125 0.0484375 0.12734375
0 0.346875 0.428125 0.04609375 0.1265625
4 0.02578125 0.3625 0.05078125 0.128125
0 0.26484375 0.3265625 0.03828125 0.090625
0 0.63203125 0.44921875 0.06015625 0.16328125
4 0.03984375 0.5 0.07109375 0.1546875
1 0.334375 0.33984375 0.07109375 0.0859375
2 0.621875 0.1921875 0.13203125 0.08984375
1 0.43984375 0.34140625 0.0703125 0.1390625
0 0.3328125 0.2390625 0.0734375 0.10546875
1 0.41796875 0.86328125 0.22265625 0.26640625
3 0.38046875 0.3046875 0.0421875 0.07890625
5 0.25 0.153125 0.08203125 0.0875
3 0.1703125 0.221875 0.04296875 0.04921875
0 0.17890625 0.23671875 0.0203125 0.04609375
4 0.22265625 0.39921875 0.03203125 0.1578125
1 0.8953125 0.2421875 0.040625 0.04609375