1 0.09921875 0.634375 0.1984375 0.328125
2 0.8734375 0.078125 0.084375 0.128125
5 0.509375 0.26015625 0.121875 0.19375
1 0.42265625 0.5515625 0.140625 0.26875
3 0.3375 0.38046875 0.15625 0.121875
3 0.6578125 0.25703125 0.09375 0.084375
0 0.759375 0.2828125 0.05 0.096875
3 0.81953125 0.525 0.153125 0.175
5 0.45078125 0.37109375 0.04375 0.09375
3 0.78359375 0.225 0.078125 0.0890625
4 0.97265625 0.49375 0.0546875 0.1125
0 0.2453125 0.49609375 0.06875 0.203125
3 0.553125 0.43125 0.165625 0.171875
3 0.76875 0.68515625 0.234375 0.2921875
3 0.75546875 0.13046875 0.05 0.0375
3 0.88984375 0.16875 0.0625 0.0640625
4 0.8609375 0.3484375 0.04375 0.1359375
3 0.5890625 0.2046875 0.04375 0.0671875
3 0.6984375 0.14765625 0.053125 0.0375
3 0.3765625 0.2671875 0.1078125 0.109375
3 0.69296875 0.18515625 0.06875 0.03125
0 0.86328125 0.2078125 0.028125 0.06875
3 0.5859375 0.31484375 0.125 0.071875
0 0.1453125 0.39921875 0.0609375 0.14375
4 0.9640625 0.36796875 0.028125 0.11875
3 0.8796875 0.2953125 0.084375 0.0875
0 0.03046875 0.48515625 0.0609375 0.1734375