2 0.06640625 0.89765625 0.1328125 0.2046875
3 0.90859375 0.3125 0.09375 0.1375
3 0.8953125 0.3265625 0.075 0.1
0 0.20703125 0.85859375 0.1453125 0.2828125
3 0.84140625 0.5421875 0.1515625 0.171875
3 0.7875 0.6953125 0.1859375 0.2625
0 0.6984375 0.26953125 0.040625 0.0984375
3 0.59453125 0.3140625 0.1 0.115625
0 0.29921875 0.36328125 0.0703125 0.0890625
3 0.78515625 0.24140625 0.0625 0.075
1 0.06015625 0.5015625 0.1203125 0.240625
3 0.415625 0.32890625 0.090625 0.121875
3 0.65703125 0.22421875 0.0484375 0.0703125
0 0.41328125 0.590625 0.078125 0.25
0 0.83984375 0.1984375 0.0234375 0.0484375
3 0.7453125 0.19921875 0.046875 0.053125
3 0.85859375 0.24453125 0.0671875 0.0375
5 0.2390625 0.54609375 0.271875 0.28125
3 0.06875 0.240625 0.1109375 0.0984375
3 0.8578125 0.27265625 0.0703125 0.0765625
3 0.1609375 0.21953125 0.090625 0.065625
0 0.5015625 0.353125 0.0359375 0.153125
0 0.6484375 0.3890625 0.05 0.134375
5 0.92890625 0.13203125 0.05625 0.09375
0 0.8921875 0.19140625 0.028125 0.0609375
4 0.725 0.8015625 0.0328125 0.2203125
4 0.6421875 0.9 0.065625 0.2
4 0.94765625 0.81796875 0.075 0.153125
4 0.9703125 0.45859375 0.034375 0.209375
4 0.9390625 0.4515625 0.0296875 0.2
4 0.82265625 0.42265625 0.04375 0.0625
4 0.9765625 0.29296875 0.034375 0.0515625
0 0.8078125 0.17109375 0.053125 0.0515625
3 0.77421875 0.1671875 0.028125 0.0375
3 0.85703125 0.178125 0.034375 0.0625
1 0.8765625 0.1484375 0.028125 0.040625
2 0.84453125 0.10625 0.071875 0.0859375
0 0.43984375 0.36015625 0.034375 0.1203125