3 0.23828125 0.6859375 0.18359375 0.25859375
3 0.13203125 0.29609375 0.109375 0.0953125
1 0.4921875 0.34609375 0.07734375 0.11796875
5 0.69765625 0.290625 0.275 0.25625
3 0.8359375 0.59296875 0.2390625 0.2296875
3 0.2625 0.33671875 0.10859375 0.1109375
3 0.18359375 0.54140625 0.14375 0.15859375
3 0.428125 0.49375 0.1421875 0.18125
1 0.1171875 0.40078125 0.10078125 0.14765625
0 0.21328125 0.18203125 0.015625 0.05546875
4 0.03515625 0.49921875 0.065625 0.1453125
0 0.34140625 0.24765625 0.028125 0.0796875
3 0.40234375 0.33828125 0.08515625 0.1
4 0.04609375 0.3515625 0.0171875 0.1171875
4 0.0640625 0.3578125 0.01640625 0.11640625
1 0.4078125 0.86328125 0.21796875 0.2625
1 0.1125 0.15546875 0.01953125 0.04296875
3 0.13828125 0.184375 0.02734375 0.0453125
1 0.14453125 0.1671875 0.0234375 0.04609375
0 0.18125 0.18671875 0.01328125 0.05234375
0 0.17109375 0.15234375 0.009375 0.0421875
0 0.11953125 0.19609375 0.01328125 0.0546875
0 0.09453125 0.15234375 0.009375 0.04453125
0 0.328125 0.34609375 0.02578125 0.1203125
0 0.50703125 0.6140625 0.04921875 0.23203125
0 0.55546875 0.50859375 0.0546875 0.18671875
0 0.65703125 0.61953125 0.06875 0.2390625
5 0.6203125 0.4109375 0.1640625 0.22734375
2 0.34765625 0.13828125 0.053125 0.0546875
2 0.20390625 0.096875 0.0390625 0.04296875
5 0.14921875 0.0796875 0.03671875 0.04765625
1 0.4578125 0.1640625 0.0171875 0.02890625
1 0.49765625 0.16796875 0.025 0.02734375