2 0.35859375 0.36953125 0.2015625 0.3109375
2 0.32421875 0.18125 0.14921875 0.090625
3 0.1328125 0.33046875 0.07421875 0.09296875
5 0.675 0.2203125 0.24921875 0.12578125
3 0.20390625 0.18203125 0.03671875 0.0453125
1 0.0953125 0.178125 0.04140625 0.0640625
4 0.234375 0.84140625 0.046875 0.15625
3 0.18828125 0.540625 0.1625 0.14765625
3 0.2296875 0.7 0.22265625 0.2796875
4 0.046875 0.47578125 0.04296875 0.18046875
4 0.08203125 0.85625 0.07890625 0.11796875
0 0.19140625 0.28984375 0.028125 0.10625
0 0.159375 0.146875 0.0109375 0.04140625
4 0.0796875 0.759375 0.0609375 0.07734375
4 0.1171875 0.459375 0.01953125 0.0796875
4 0.1703125 0.43359375 0.028125 0.0640625
4 0.18671875 0.37421875 0.02265625 0.03515625
4 0.08515625 0.46015625 0.02109375 0.18046875
4 0.07578125 0.29921875 0.015625 0.02578125
4 0.14375 0.37734375 0.0234375 0.05703125
1 0.45234375 0.171875 0.02734375 0.04296875
3 0.06171875 0.22890625 0.03515625 0.06953125
2 0.75625 0.63984375 0.48125 0.715625
3 0.12578125 0.1515625 0.03203125 0.0375
3 0.08046875 0.12890625 0.0171875 0.02890625
3 0.8265625 0.21484375 0.0515625 0.0453125
3 0.421875 0.15859375 0.025 0.0328125