3 0.3890625 0.51640625 0.159375 0.1375
3 0.21328125 0.16875 0.1 0.075
3 0.66953125 0.16328125 0.2078125 0.203125
3 0.5484375 0.103125 0.184375 0.1625
0 0.84296875 0.87265625 0.2875 0.159375
0 0.290625 0.36328125 0.103125 0.0359375
3 0.2359375 0.92109375 0.084375 0.109375
0 0.43515625 0.38671875 0.2 0.059375
5 0.078125 0.10390625 0.15625 0.065625
5 0.090625 0.18125 0.14375 0.084375
5 0.2125 0.24921875 0.203125 0.10625
3 0.31796875 0.52734375 0.115625 0.1171875
3 0.08125 0.015625 0.040625 0.0203125
0 0.22734375 0.09296875 0.090625 0.01875
0 0.1953125 0.06484375 0.078125 0.021875
0 0.1953125 0.10234375 0.09375 0.015625
4 0.83515625 0.01875 0.209375 0.0375
4 0.78984375 0.19921875 0.3 0.121875
0 0.20390625 0.78828125 0.046875 0.03125