3 0.58046875 0.09765625 0.1078125 0.1953125
3 0.70390625 0.7953125 0.284375 0.2140625
3 0.15234375 0.8453125 0.0359375 0.0375
3 0.33125 0.91484375 0.115625 0.0921875
1 0.234375 0.8890625 0.0671875 0.05
3 0.53671875 0.840625 0.14375 0.146875
2 0.36484375 0.61484375 0.475 0.303125
1 0.21640625 0.8859375 0.0390625 0.046875
3 0.87109375 0.1546875 0.2578125 0.309375
0 0.19921875 0.9515625 0.0734375 0.01875
1 0.1796875 0.93203125 0.0625 0.03125
3 0.19609375 0.83125 0.05625 0.0484375
1 0.2546875 0.8828125 0.0484375 0.034375
1 0.675 0.32109375 0.3359375 0.1875
3 0.26640625 0.79609375 0.090625 0.028125
3 0.1234375 0.87890625 0.05625 0.034375
0 0.328125 0.83203125 0.103125 0.0421875
0 0.4984375 0.203125 0.196875 0.06875
4 0.42265625 0.99453125 0.15625 0.0109375
4 0.3203125 0.990625 0.0875 0.01875
1 0.2171875 0.09609375 0.05625 0.06875
3 0.4546875 0.18515625 0.1640625 0.2046875
3 0.21796875 0.2546875 0.04375 0.0671875
2 0.3359375 0.40390625 0.2625 0.11875
0 0.49140625 0.44375 0.2015625 0.021875
0 0.484375 0.0234375 0.0609375 0.046875
3 0.63046875 0.096875 0.2203125 0.19375
1 0.678125 0.053125 0.16875 0.10625
4 0.646875 0.9546875 0.2625 0.0390625
4 0.85703125 0.94609375 0.153125 0.065625
4 0.96953125 0.77890625 0.059375 0.040625
4 0.97890625 0.665625 0.040625 0.053125
4 0.515625 0.9921875 0.109375 0.015625
3 0.27421875 0.96171875 0.05 0.05625
4 0.24921875 0.9296875 0.0421875 0.0125
0 0.1734375 0.89296875 0.0484375 0.04375
3 0.20625 0.796875 0.040625 0.034375
0 0.16875 0.78515625 0.0203125 0.03125
0 0.325 0.7703125 0.125 0.025