0 0.6609375 0.43125 0.07890625 0.209375
3 0.18203125 0.5421875 0.14375 0.1609375
5 0.81328125 0.39609375 0.18359375 0.234375
3 0.23671875 0.69296875 0.18984375 0.2625
5 0.4078125 0.33203125 0.1234375 0.19765625
3 0.1828125 0.41484375 0.14296875 0.13125
0 0.43203125 0.4703125 0.0578125 0.1625
5 0.2890625 0.15390625 0.08515625 0.140625
1 0.0953125 0.19609375 0.04375 0.06875
3 0.21640625 0.22578125 0.0640625 0.075
0 0.1890625 0.26015625 0.03046875 0.0734375
0 0.1671875 0.2109375 0.028125 0.06328125
0 0.30546875 0.26015625 0.01796875 0.07890625
5 0.2015625 0.1609375 0.04921875 0.06484375
3 0.10625 0.1203125 0.02578125 0.04296875
3 0.92421875 0.25078125 0.090625 0.0921875
3 0.4953125 0.346875 0.05859375 0.16484375
0 0.3484375 0.459375 0.05 0.18359375
4 0.053125 0.47109375 0.0296875 0.1703125
4 0.08203125 0.825 0.05625 0.15546875
4 0.265625 0.97421875 0.05546875 0.0515625
4 0.05 0.3203125 0.01796875 0.0515625
3 0.12265625 0.33359375 0.07734375 0.13046875
0 0.134375 0.3578125 0.02890625 0.0671875
3 0.07265625 0.29453125 0.0484375 0.0828125
3 0.08359375 0.11484375 0.0203125 0.03359375
3 0.09765625 0.1515625 0.0125 0.0234375
3 0.1234375 0.15078125 0.01015625 0.04375
5 0.35390625 0.2 0.06875 0.15390625