3 0.29765625 0.7734375 0.265625 0.2234375
3 0.77265625 0.77109375 0.06875 0.0671875
4 0.5859375 0.82421875 0.10625 0.04375
3 0.71796875 0.61484375 0.078125 0.078125
2 0.23359375 0.11875 0.4671875 0.2375
0 0.69921875 0.7515625 0.1046875 0.0390625
4 0.5859375 0.878125 0.1375 0.046875
5 0.83828125 0.4984375 0.109375 0.11875
3 0.70390625 0.46015625 0.0453125 0.084375
0 0.74765625 0.72109375 0.0875 0.0375
3 0.4515625 0.821875 0.159375 0.146875
3 0.7546875 0.93203125 0.0671875 0.053125
3 0.6671875 0.87734375 0.0875 0.0703125
0 0.6265625 0.66484375 0.13125 0.053125
4 0.11328125 0.66015625 0.2265625 0.0703125
0 0.68671875 0.625 0.0953125 0.0359375
4 0.5390625 0.9296875 0.178125 0.0359375
2 0.34921875 0.3203125 0.6078125 0.509375
5 0.83046875 0.75234375 0.096875 0.1203125
2 0.54375 0.065625 0.403125 0.13125
4 0.53046875 0.95078125 0.1890625 0.0484375
4 0.13359375 0.94140625 0.2671875 0.08125
0 0.65859375 0.678125 0.115625 0.04375
0 0.76015625 0.8671875 0.08125 0.0296875
5 0.91484375 0.7875 0.05625 0.0546875
5 0.85 0.88203125 0.1 0.040625
0 0.83828125 0.9203125 0.08125 0.0296875
4 0.65078125 0.9359375 0.046875 0.03125
3 0.79921875 0.37265625 0.040625 0.071875
0 0.78515625 0.2875 0.0484375 0.1
3 0.7671875 0.18515625 0.06875 0.084375