2 0.17265625 0.0953125 0.215625 0.190625
3 0.596875 0.8015625 0.2328125 0.171875
3 0.7421875 0.7375 0.296875 0.209375
1 0.22421875 0.74453125 0.096875 0.0609375
1 0.4546875 0.521875 0.196875 0.125
3 0.2375 0.63671875 0.08125 0.0671875
3 0.25234375 0.5 0.146875 0.10625
4 0.3484375 0.9484375 0.134375 0.0296875
0 0.17890625 0.81171875 0.0609375 0.034375
3 0.29765625 0.6828125 0.10625 0.090625
0 0.89375 0.04765625 0.2125 0.0921875
0 0.5140625 0.2046875 0.209375 0.0703125
0 0.246875 0.5859375 0.09375 0.0375
5 0.3625 0.08671875 0.34375 0.1734375
4 0.834375 0.696875 0.303125 0.121875
3 0.271875 0.84296875 0.1 0.0796875
4 0.86640625 0.90390625 0.2125 0.1375
4 0.509375 0.965625 0.1875 0.06875
3 0.290625 0.940625 0.1234375 0.09375
0 0.18359375 0.89921875 0.06875 0.0171875
0 0.13515625 0.90703125 0.053125 0.0125
0 0.14765625 0.8859375 0.05625 0.0125
0 0.3015625 0.5 0.1046875 0.025
0 0.30390625 0.5640625 0.1109375 0.0328125
0 0.20546875 0.7140625 0.071875 0.0171875
5 0.11015625 0.43984375 0.171875 0.140625
1 0.18046875 0.33359375 0.04375 0.040625