3 0.890625 0.5625 0.21875 0.1984375
5 0.60390625 0.3546875 0.1578125 0.2
3 0.796875 0.4078125 0.165625 0.1484375
2 0.15078125 0.15546875 0.0953125 0.125
3 0.71328125 0.70390625 0.265625 0.290625
3 0.228125 0.7125 0.225 0.275
3 0.41171875 0.36640625 0.1078125 0.109375
3 0.5125 0.303125 0.075 0.078125
0 0.4828125 0.353125 0.046875 0.10625
3 0.18046875 0.5515625 0.14375 0.15625
0 0.35234375 0.43203125 0.0546875 0.125
3 0.27109375 0.3484375 0.1046875 0.13125
4 0.12578125 0.40078125 0.0265625 0.1375
0 0.17265625 0.29140625 0.028125 0.0859375
4 0.0328125 0.515625 0.065625 0.121875
3 0.36875 0.27265625 0.078125 0.04375
0 0.1953125 0.31015625 0.028125 0.0890625
3 0.38203125 0.23203125 0.05625 0.0375
3 0.16796875 0.24296875 0.06875 0.0546875
0 0.97734375 0.6828125 0.04375 0.184375
0 0.4484375 0.28515625 0.0375 0.0796875
4 0.0875 0.36796875 0.025 0.1234375
3 0.259375 0.2734375 0.0546875 0.0328125
3 0.63203125 0.5109375 0.190625 0.1421875
1 0.9578125 0.896875 0.084375 0.20625
3 0.13203125 0.33984375 0.0625 0.109375
3 0.0703125 0.2875 0.0609375 0.059375
0 0.08203125 0.190625 0.034375 0.0546875
3 0.296875 0.26640625 0.0359375 0.0640625
1 0.30234375 0.215625 0.0359375 0.040625
3 0.3109375 0.196875 0.04375 0.0375
3 0.21875 0.2265625 0.0265625 0.06875
0 0.24609375 0.22734375 0.021875 0.0453125
3 0.20546875 0.19453125 0.015625 0.04375
0 0.23671875 0.18203125 0.0421875 0.034375
2 0.4046875 0.146875 0.059375 0.0734375
1 0.79140625 0.23203125 0.05625 0.0515625
0 0.8328125 0.24921875 0.0171875 0.0375
0 0.86328125 0.4234375 0.0375 0.0828125