3 0.184375 0.41484375 0.13203125 0.121875
3 0.2375 0.69296875 0.190625 0.26875
1 0.21015625 0.27265625 0.04609375 0.09296875
3 0.1828125 0.55625 0.14296875 0.17421875
3 0.1375 0.146875 0.0328125 0.0359375
3 0.121875 0.3328125 0.08046875 0.0953125
3 0.4328125 0.2796875 0.0828125 0.0875
0 0.384375 0.38515625 0.05234375 0.13046875
0 0.87734375 0.55546875 0.0984375 0.1921875
0 0.4578125 0.4953125 0.07109375 0.18984375
0 0.278125 0.31328125 0.021875 0.084375
0 0.2921875 0.2375 0.0296875 0.0796875
5 0.8625 0.44609375 0.2234375 0.19765625
5 0.6203125 0.14921875 0.2 0.1765625
3 0.35703125 0.28828125 0.06328125 0.0796875
4 0.07890625 0.82578125 0.0671875 0.19609375
4 0.0578125 0.521875 0.04140625 0.225
3 0.62734375 0.359375 0.1203125 0.11328125
3 0.92578125 0.24375 0.08984375 0.0734375
3 0.8234375 0.2359375 0.05390625 0.0546875
1 0.7390625 0.225 0.0421875 0.04296875
5 0.221875 0.14765625 0.07578125 0.0953125
3 0.0734375 0.29609375 0.05390625 0.05390625
0 0.09609375 0.19609375 0.01484375 0.0578125
0 0.12109375 0.190625 0.01484375 0.05859375
0 0.14609375 0.21953125 0.01875 0.0671875
3 0.1796875 0.23046875 0.01875 0.06171875
0 0.24765625 0.24375 0.01953125 0.0703125
0 0.32578125 0.23828125 0.015625 0.065625
5 0.184375 0.09296875 0.03828125 0.0390625
3 0.109375 0.12421875 0.025 0.0359375
3 0.090625 0.14921875 0.0265625 0.0375
1 0.36484375 0.159375 0.0203125 0.03046875
3 0.49375 0.1953125 0.04375 0.04375
0 0.428125 0.16328125 0.01171875 0.02578125