3 0.30859375 0.48359375 0.17265625 0.1734375
1 0.12421875 0.221875 0.05703125 0.0765625
3 0.2375 0.68671875 0.2078125 0.271875
5 0.66640625 0.41640625 0.203125 0.31328125
0 0.4546875 0.33984375 0.05859375 0.109375
3 0.18671875 0.5390625 0.1515625 0.14375
3 0.9265625 0.25078125 0.1078125 0.08671875
0 0.2296875 0.2671875 0.03359375 0.0796875
3 0.1796875 0.21875 0.046875 0.07578125
3 0.1796875 0.1546875 0.04140625 0.03828125
4 0.06328125 0.8921875 0.07734375 0.215625
3 0.12578125 0.3296875 0.0765625 0.08203125
4 0.0546875 0.4765625 0.0484375 0.209375
3 0.2875 0.24453125 0.05546875 0.05859375
1 0.2890625 0.20078125 0.0484375 0.0484375
0 0.13515625 0.3890625 0.053125 0.13671875
0 0.53046875 0.51640625 0.06015625 0.209375
4 0.07734375 0.81484375 0.0453125 0.19609375
3 0.8171875 0.2265625 0.04375 0.059375
0 0.09921875 0.128125 0.01640625 0.0546875
3 0.1328125 0.1390625 0.0359375 0.0421875
0 0.0828125 0.11484375 0.0109375 0.03359375
0 0.590625 0.2015625 0.01875 0.04609375
5 0.48203125 0.1671875 0.04453125 0.0625
3 0.07265625 0.30546875 0.065625 0.08359375