3 0.61015625 0.915625 0.240625 0.16875
1 0.2671875 0.25 0.0984375 0.05625
3 0.696875 0.2296875 0.2734375 0.196875
3 0.5453125 0.17109375 0.175 0.146875
5 0.24921875 0.675 0.271875 0.25
3 0.67890625 0.65625 0.271875 0.246875
3 0.2703125 0.17734375 0.096875 0.0609375
0 0.35625 0.20859375 0.103125 0.040625
0 0.3890625 0.50859375 0.15625 0.053125
0 0.2375 0.3078125 0.0890625 0.0375
3 0.3328125 0.1109375 0.109375 0.084375
1 0.21796875 0.11640625 0.08125 0.053125
3 0.27421875 0.3515625 0.06875 0.0875
0 0.25546875 0.9765625 0.11875 0.046875
1 0.784375 0.96484375 0.4046875 0.0703125
3 0.44296875 0.671875 0.19375 0.1890625
3 0.3546875 0.3328125 0.1140625 0.10625
3 0.33359375 0.43203125 0.1046875 0.1046875
3 0.1484375 0.0765625 0.05 0.040625
4 0.8828125 0.06953125 0.234375 0.0890625
5 0.165625 0.1796875 0.084375 0.05