1 0.81484375 0.88046875 0.053125 0.0328125
3 0.28828125 0.79375 0.2984375 0.203125
3 0.42421875 0.8421875 0.2328125 0.1765625
3 0.66796875 0.9140625 0.109375 0.0859375
0 0.64921875 0.38671875 0.121875 0.0484375
0 0.62265625 0.53203125 0.14375 0.0546875
2 0.4140625 0.184375 0.540625 0.36875
3 0.76171875 0.73671875 0.0921875 0.059375
3 0.84140625 0.82265625 0.046875 0.0484375
3 0.8703125 0.9359375 0.0484375 0.0390625
4 0.6609375 0.97734375 0.15625 0.0453125
1 0.7234375 0.65 0.121875 0.05625
3 0.796875 0.934375 0.065625 0.0640625
3 0.7625 0.84609375 0.090625 0.053125
3 0.85859375 0.89609375 0.028125 0.0375
4 0.18359375 0.9546875 0.20625 0.090625
4 0.5046875 0.984375 0.184375 0.03125
0 0.675 0.83671875 0.146875 0.0390625
0 0.8640625 0.86953125 0.05 0.015625
0 0.65 0.45625 0.15 0.04375
5 0.85390625 0.13828125 0.2921875 0.275