3 0.2171875 0.71640625 0.2125 0.271875
2 0.56015625 0.54765625 0.428125 0.5625
3 0.15546875 0.565625 0.15 0.171875
0 0.8125 0.6796875 0.075 0.259375
0 0.10546875 0.22265625 0.040625 0.0828125
3 0.93671875 0.2828125 0.125 0.075
0 0.9015625 0.83828125 0.1125 0.321875
1 0.17109375 0.2875 0.0640625 0.103125
2 0.70625 0.3453125 0.365625 0.3328125
4 0.234375 0.8921875 0.090625 0.215625
4 0.0453125 0.86328125 0.0875 0.2734375
4 0.0203125 0.4796875 0.040625 0.1875
4 0.08203125 0.4859375 0.046875 0.1203125
4 0.1453125 0.44921875 0.034375 0.08125
3 0.10078125 0.34296875 0.078125 0.1125
0 0.28515625 0.23125 0.03125 0.084375
3 0.203125 0.20546875 0.040625 0.06875
3 0.15546875 0.2015625 0.05 0.06875
3 0.078125 0.190625 0.034375 0.0484375
1 0.11796875 0.15 0.0296875 0.046875
5 0.41015625 0.15859375 0.053125 0.071875