0 0.7875 0.68359375 0.0765625 0.25546875
2 0.5515625 0.5359375 0.37578125 0.50078125
1 0.81171875 0.23515625 0.090625 0.065625
3 0.22734375 0.69140625 0.21875 0.2640625
1 0.18203125 0.259375 0.05625 0.090625
4 0.23515625 0.840625 0.07890625 0.16796875
3 0.9296875 0.665625 0.13671875 0.29375
3 0.184375 0.54140625 0.15546875 0.146875
0 0.27734375 0.209375 0.03359375 0.06640625
4 0.17109375 0.4265625 0.03125 0.07890625
4 0.1015625 0.4953125 0.0453125 0.171875
3 0.13359375 0.32109375 0.0625 0.08125
0 0.1234375 0.20546875 0.0375 0.07421875
3 0.21171875 0.19140625 0.04453125 0.053125
2 0.6125 0.309375 0.321875 0.27109375
4 0.12578125 0.40546875 0.03671875 0.128125
4 0.08359375 0.8515625 0.075 0.15
0 0.92109375 0.253125 0.0375 0.06953125
4 0.20390625 0.4125 0.02890625 0.09375
4 0.065625 0.359375 0.04765625 0.0890625
3 0.065625 0.23359375 0.0359375 0.06875
0 0.15078125 0.2046875 0.01875 0.065625
3 0.175 0.1765625 0.0265625 0.06484375
0 0.190625 0.2015625 0.01328125 0.0390625
1 0.08359375 0.146875 0.0234375 0.0453125
0 0.0875 0.1453125 0.009375 0.02265625
3 0.09453125 0.17734375 0.02421875 0.05
1 0.13515625 0.146875 0.025 0.040625
0 0.10859375 0.15078125 0.01171875 0.0296875