3 0.2390625 0.68828125 0.18515625 0.25703125
3 0.18671875 0.5578125 0.1421875 0.16875
2 0.6890625 0.5328125 0.5421875 0.5625
0 0.184375 0.24609375 0.03046875 0.0765625
5 0.109375 0.1390625 0.03203125 0.07734375
0 0.9609375 0.64765625 0.06640625 0.315625
1 0.334375 0.33125 0.0671875 0.13359375
0 0.4203125 0.365625 0.046875 0.1140625
0 0.22265625 0.22578125 0.02109375 0.05625
1 0.11796875 0.41796875 0.096875 0.17109375
0 0.2171875 0.2359375 0.0234375 0.078125
4 0.0484375 0.34765625 0.021875 0.10859375
3 0.97734375 0.27265625 0.0453125 0.0546875
4 0.03359375 0.4765625 0.06640625 0.16796875
0 0.9171875 0.2421875 0.03125 0.0671875
1 0.41171875 0.86484375 0.20703125 0.26953125
3 0.28359375 0.265625 0.0421875 0.09921875
4 0.14296875 0.3109375 0.02734375 0.04921875
3 0.06875 0.23203125 0.0328125 0.07421875
0 0.0875 0.19453125 0.01640625 0.053125
0 0.07734375 0.153125 0.01015625 0.03671875
3 0.23984375 0.19609375 0.0265625 0.05390625
3 0.05078125 0.275 0.04921875 0.05078125