3 0.29140625 0.21875 0.2828125 0.2140625
2 0.6 0.71796875 0.571875 0.515625
3 0.4453125 0.1578125 0.1875 0.153125
3 0.77734375 0.23671875 0.075 0.053125
0 0.7515625 0.1703125 0.0890625 0.021875
0 0.76484375 0.2015625 0.0921875 0.0265625
3 0.73984375 0.353125 0.0875 0.0859375
4 0.66953125 0.01875 0.1125 0.0375
4 0.103125 0.04140625 0.20625 0.08125
4 0.60390625 0.0953125 0.1375 0.04375
5 0.88046875 0.221875 0.0921875 0.0875
1 0.86484375 0.0859375 0.0484375 0.0296875
0 0.76328125 0.1140625 0.06875 0.028125
5 0.8046875 0.1203125 0.09375 0.0578125
5 0.92265625 0.10390625 0.078125 0.05