3 0.2390625 0.1921875 0.0375 0.06171875
0 0.71875 0.409375 0.04375 0.14375
1 0.44609375 0.3328125 0.07421875 0.12265625
3 0.2390625 0.69140625 0.19375 0.26328125
3 0.18125 0.546875 0.14375 0.16796875
2 0.8453125 0.68359375 0.309375 0.6328125
1 0.16796875 0.21171875 0.03125 0.065625
1 0.16796875 0.2140625 0.034375 0.0609375
0 0.64609375 0.48984375 0.0625 0.17421875
3 0.12578125 0.34765625 0.0890625 0.1078125
4 0.26875 0.8953125 0.128125 0.17578125
3 0.33984375 0.28125 0.06640625 0.090625
3 0.115625 0.15859375 0.0375 0.04609375
3 0.1625 0.184375 0.03984375 0.04921875
0 0.3859375 0.2703125 0.03046875 0.0875
5 0.78125 0.1359375 0.35859375 0.271875
3 0.20703125 0.26953125 0.06328125 0.0859375
4 0.06015625 0.3515625 0.0515625 0.1578125
4 0.06640625 0.83046875 0.06328125 0.178125
4 0.03046875 0.49453125 0.0609375 0.153125
0 0.1828125 0.32265625 0.028125 0.109375
0 0.2296875 0.2109375 0.0203125 0.0640625
0 0.18828125 0.1703125 0.01328125 0.04375
0 0.13515625 0.15078125 0.0109375 0.034375
3 0.140625 0.14140625 0.01953125 0.0359375
3 0.096875 0.21640625 0.0609375 0.05859375
4 0.09609375 0.24453125 0.01328125 0.03515625