3 0.128125 0.34296875 0.08125 0.1046875
3 0.24296875 0.69296875 0.1953125 0.2671875
3 0.71328125 0.38046875 0.1203125 0.14140625
3 0.18046875 0.55 0.14375 0.17734375
3 0.54921875 0.37265625 0.12734375 0.125
1 0.26171875 0.2484375 0.05390625 0.09140625
0 0.14140625 0.165625 0.01875 0.04140625
2 0.87109375 0.578125 0.25078125 0.56171875
4 0.06484375 0.34296875 0.0578125 0.17109375
0 0.2296875 0.29140625 0.03046875 0.08125
4 0.040625 0.50625 0.071875 0.1359375
0 0.13125 0.15859375 0.02890625 0.04921875
3 0.37734375 0.2625 0.07734375 0.08984375
1 0.8890625 0.2171875 0.07109375 0.025
0 0.17734375 0.2796875 0.028125 0.08671875
0 0.20390625 0.26171875 0.0234375 0.08359375
0 0.0953125 0.14453125 0.0140625 0.04609375
0 0.11484375 0.12578125 0.009375 0.03984375
0 0.58359375 0.18828125 0.0109375 0.04375
3 0.51875 0.18984375 0.04140625 0.0515625
0 0.62109375 0.471875 0.0578125 0.1984375