3 0.4203125 0.14453125 0.184375 0.165625
3 0.2609375 0.203125 0.278125 0.209375
3 0.64296875 0.078125 0.115625 0.090625
2 0.33828125 0.771875 0.675 0.45625
1 0.81484375 0.10234375 0.053125 0.0421875
5 0.80703125 0.57890625 0.0609375 0.0984375
1 0.71796875 0.2953125 0.090625 0.0578125
3 0.77265625 0.06796875 0.0515625 0.05625
0 0.65390625 0.375 0.11875 0.04375
4 0.6390625 0.01796875 0.1546875 0.0359375
4 0.46328125 0.0078125 0.1484375 0.015625
0 0.68046875 0.4578125 0.1125 0.059375
0 0.63359375 0.15390625 0.1375 0.0375
4 0.109375 0.025 0.21875 0.05
3 0.765625 0.21796875 0.078125 0.0515625
3 0.7625 0.14140625 0.084375 0.05
1 0.775 0.73984375 0.05 0.059375
5 0.85390625 0.95 0.2921875 0.1