3 0.22109375 0.6953125 0.22265625 0.26953125
5 0.29296875 0.1046875 0.0921875 0.10234375
1 0.46328125 0.6296875 0.1640625 0.284375
2 0.28046875 0.28984375 0.13984375 0.2484375
0 0.884375 0.57578125 0.078125 0.140625
1 0.11015625 0.1703125 0.04765625 0.06953125
0 0.75859375 0.7171875 0.08515625 0.259375
0 0.45234375 0.3203125 0.05234375 0.09765625
0 0.38515625 0.31484375 0.03984375 0.08046875
4 0.03671875 0.4921875 0.06953125 0.1515625
4 0.078125 0.8609375 0.09140625 0.15546875
4 0.08359375 0.35703125 0.034375 0.13828125
3 0.05078125 0.18203125 0.05859375 0.05859375
4 0.3140625 0.884375 0.0875 0.21953125
4 0.05078125 0.77265625 0.09921875 0.21328125
3 0.58359375 0.3484375 0.1171875 0.1359375
3 0.184375 0.53984375 0.15234375 0.14765625
4 0.05390625 0.3984375 0.03671875 0.128125
3 0.134375 0.328125 0.07890625 0.13359375
3 0.1421875 0.39765625 0.04609375 0.134375
0 0.14140625 0.21796875 0.015625 0.075
0 0.1796875 0.18515625 0.03984375 0.0875
2 0.10078125 0.1015625 0.03828125 0.07578125
0 0.8984375 0.715625 0.0921875 0.29375
1 0.48671875 0.171875 0.0203125 0.03828125
2 0.51796875 0.1671875 0.0421875 0.059375
3 0.92578125 0.2484375 0.090625 0.10234375
3 0.821875 0.2328125 0.05078125 0.06328125
1 0.76328125 0.22890625 0.04453125 0.05546875
1 0.3953125 0.26640625 0.0546875 0.08671875