3 0.31484375 0.39921875 0.140625 0.1125
3 0.52578125 0.178125 0.1890625 0.153125
0 0.58671875 0.95234375 0.25 0.0953125
0 0.46328125 0.73515625 0.2015625 0.071875
3 0.2953125 0.11484375 0.103125 0.08125
3 0.68828125 0.240625 0.2828125 0.209375
3 0.1953125 0.22265625 0.071875 0.0625
3 0.23046875 0.97578125 0.0796875 0.0484375
3 0.2171875 0.353125 0.0796875 0.0671875
0 0.290625 0.47109375 0.1125 0.0421875
0 0.26875 0.24375 0.103125 0.046875
3 0.19296875 0.87109375 0.059375 0.06875
1 0.428125 0.56328125 0.2046875 0.14375
4 0.86796875 0.06328125 0.240625 0.125
4 0.51171875 0.0609375 0.228125 0.046875
3 0.38046875 0.18515625 0.1109375 0.134375
4 0.38359375 0.17890625 0.1046875 0.034375
0 0.19296875 0.12578125 0.084375 0.021875
0 0.1671875 0.18203125 0.0671875 0.0203125
5 0.05546875 0.13046875 0.0703125 0.05
3 0.184375 0.05234375 0.059375 0.053125
3 0.1078125 0.165625 0.0515625 0.0390625
3 0.20234375 0.96171875 0.0734375 0.0765625
0 0.1515625 0.60390625 0.05 0.01875
0 0.190625 0.784375 0.034375 0.0203125
3 0.0921875 0.0984375 0.05625 0.034375
3 0.25625 0.06796875 0.046875 0.05625
5 0.028125 0.16484375 0.05625 0.0453125
3 0.075 0.2375 0.046875 0.03125
3 0.1359375 0.48984375 0.03125 0.0484375