1 0.365625 0.28828125 0.06875 0.11953125
3 0.58671875 0.3453125 0.1234375 0.13125
3 0.22421875 0.659375 0.17734375 0.1828125
0 0.2921875 0.39453125 0.0546875 0.15
3 0.18203125 0.5453125 0.15078125 0.1671875
3 0.9265625 0.84765625 0.14375 0.3046875
3 0.49140625 0.30078125 0.075 0.0953125
3 0.7421875 0.22109375 0.07890625 0.05625
0 0.45 0.3484375 0.04765625 0.128125
1 0.11875 0.4109375 0.10390625 0.16015625
3 0.25859375 0.25859375 0.0703125 0.08359375
3 0.1359375 0.1671875 0.03671875 0.0546875
4 0.046875 0.3453125 0.025 0.11875
4 0.2765625 0.753125 0.10234375 0.1875
3 0.2953125 0.21640625 0.0484375 0.06953125
0 0.2921875 0.228125 0.0203125 0.059375
4 0.03984375 0.51796875 0.0671875 0.12109375
5 0.19609375 0.20703125 0.0484375 0.090625
1 0.62265625 0.2046875 0.0578125 0.0359375
3 0.0640625 0.2765625 0.07890625 0.084375
4 0.07421875 0.30390625 0.015625 0.06484375
3 0.1828125 0.159375 0.02421875 0.0359375
3 0.40078125 0.25703125 0.02265625 0.08125
0 0.74453125 0.2328125 0.01796875 0.02890625