3 0.2625 0.64765625 0.29375 0.296875
3 0.32734375 0.89453125 0.2625 0.209375
5 0.8375 0.16953125 0.121875 0.0921875
3 0.44921875 0.16875 0.1625 0.1625
3 0.7390625 0.34609375 0.103125 0.0859375
1 0.69375 0.18203125 0.1296875 0.075
0 0.52421875 0.41640625 0.18125 0.090625
3 0.80078125 0.26484375 0.09375 0.0671875
0 0.7390625 0.43828125 0.1 0.05
4 0.13671875 0.03828125 0.19375 0.0765625
2 0.81796875 0.76640625 0.153125 0.1859375
1 0.4890625 0.9875 0.178125 0.025
4 0.4890625 0.0234375 0.134375 0.046875
0 0.6328125 0.30859375 0.13125 0.05625
4 0.65703125 0.03828125 0.140625 0.065625
4 0.178125 0.25703125 0.24375 0.08125
0 0.12578125 0.73828125 0.2515625 0.0921875
3 0.27421875 0.2171875 0.29375 0.240625
4 0.7953125 0.05390625 0.075 0.025
0 0.8515625 0.090625 0.06875 0.0265625
1 0.71875 0.21875 0.096875 0.05625
0 0.85 0.11875 0.071875 0.021875
2 0.92890625 0.06484375 0.078125 0.034375