2 0.31015625 0.30625 0.2046875 0.25859375
3 0.23984375 0.6921875 0.1953125 0.26796875
3 0.903125 0.58359375 0.19296875 0.22578125
3 0.1796875 0.54140625 0.1484375 0.1578125
3 0.58671875 0.3015625 0.09375 0.10859375
3 0.64765625 0.403125 0.11484375 0.13203125
3 0.53671875 0.453125 0.1515625 0.1796875
5 0.2 0.14921875 0.04375 0.06015625
3 0.115625 0.13203125 0.028125 0.0515625
1 0.73671875 0.62109375 0.1515625 0.2640625
4 0.03984375 0.509375 0.06796875 0.12265625
0 0.19296875 0.2453125 0.0265625 0.06484375
0 0.16171875 0.1765625 0.0109375 0.05
3 0.8125 0.44765625 0.1609375 0.11171875
3 0.13984375 0.1921875 0.034375 0.0578125
3 0.125 0.340625 0.08515625 0.12265625
1 0.0875 0.19609375 0.0375 0.0625
3 0.934375 0.25390625 0.128125 0.0890625
0 0.48203125 0.321875 0.0234375 0.115625
0 0.521875 0.3453125 0.0484375 0.08203125
5 0.75625 0.22265625 0.08828125 0.06015625
4 0.0453125 0.315625 0.02890625 0.06484375
1 0.50390625 0.709375 0.1359375 0.31640625
0 0.98359375 0.678125 0.03203125 0.19609375
0 0.42265625 0.51640625 0.05625 0.184375
0 0.5921875 0.63125 0.046875 0.1984375
0 0.43671875 0.38125 0.0375 0.11640625
3 0.40859375 0.346875 0.03828125 0.1125
4 0.13359375 0.37265625 0.02109375 0.1234375
4 0.05390625 0.409375 0.0234375 0.12734375
3 0.08046875 0.30234375 0.03125 0.08203125
3 0.17578125 0.215625 0.02265625 0.0625
0 0.08046875 0.14609375 0.0140625 0.021875
0 0.17734375 0.1734375 0.0125 0.01953125
0 0.21015625 0.18125 0.015625 0.025
3 0.2296875 0.17421875 0.03125 0.0234375
3 0.40078125 0.25703125 0.0234375 0.07265625
0 0.95625 0.26953125 0.02421875 0.071875
0 0.8953125 0.253125 0.0328125 0.0484375
5 0.4765625 0.16796875 0.03515625 0.0421875
4 0.08046875 0.80390625 0.05859375 0.13203125