1 0.253125 0.70078125 0.0625 0.05625
3 0.54375 0.81796875 0.153125 0.153125
1 0.43828125 0.4015625 0.190625 0.11875
3 0.69765625 0.76875 0.253125 0.2015625
1 0.446875 0.59765625 0.175 0.1
3 0.36484375 0.521875 0.103125 0.103125
5 0.18046875 0.66875 0.109375 0.1140625
1 0.4078125 0.8828125 0.153125 0.1109375
0 0.37578125 0.7140625 0.11875 0.046875
3 0.2765625 0.90390625 0.09375 0.0703125
3 0.39140625 0.28984375 0.15 0.109375
3 0.31796875 0.8265625 0.09375 0.1078125
0 0.5421875 0.1078125 0.1875 0.078125
1 0.221875 0.2734375 0.0484375 0.046875
3 0.33828125 0.71015625 0.1078125 0.06875
0 0.3671875 0.6546875 0.11875 0.034375
3 0.3109375 0.46015625 0.075 0.084375
4 0.503125 0.96640625 0.1515625 0.05625
4 0.36171875 0.9828125 0.121875 0.034375
1 0.14296875 0.915625 0.053125 0.0375
0 0.59140625 0.503125 0.23125 0.0625
0 0.165625 0.84296875 0.05 0.028125
5 0.2765625 0.6015625 0.13125 0.1078125
1 0.8671875 0.60625 0.265625 0.196875
4 0.3890625 0.834375 0.1453125 0.0296875
0 0.2921875 0.76015625 0.090625 0.03125
3 0.25 0.784375 0.0625 0.0546875
2 0.17734375 0.503125 0.09375 0.0984375
2 0.11875 0.75703125 0.075 0.046875
5 0.09453125 0.81015625 0.06875 0.0453125
1 0.24140625 0.12578125 0.065625 0.06875
0 0.4640625 0.4765625 0.1578125 0.046875
0 0.48359375 0.08125 0.19375 0.0421875
0 0.26484375 0.08359375 0.0375 0.01875
0 0.2328125 0.190625 0.0484375 0.015625
0 0.20625 0.3703125 0.0328125 0.0125
0 0.2203125 0.31171875 0.028125 0.015625
0 0.1421875 0.8796875 0.046875 0.0109375