4 0.046875 0.353125 0.02578125 0.12890625
3 0.065625 0.28828125 0.06484375 0.0734375
3 0.446875 0.5703125 0.16640625 0.1890625
3 0.19296875 0.53671875 0.16484375 0.13828125
3 0.24296875 0.69140625 0.175 0.24921875
0 0.3203125 0.40078125 0.040625 0.13828125
3 0.31328125 0.28671875 0.06875 0.0828125
3 0.20078125 0.31171875 0.071875 0.1
3 0.6578125 0.4578125 0.12265625 0.1359375
3 0.6390625 0.35390625 0.13125 0.1125
3 0.26875 0.24296875 0.04921875 0.06484375
0 0.5359375 0.3859375 0.046875 0.1375
0 0.36640625 0.36796875 0.03515625 0.11796875
0 0.41796875 0.38125 0.040625 0.140625
0 0.68046875 0.5796875 0.06796875 0.20703125
3 0.21640625 0.20390625 0.04375 0.0765625
1 0.12265625 0.39609375 0.0890625 0.12890625
1 0.10546875 0.1765625 0.03359375 0.09296875
4 0.2546875 0.83828125 0.03359375 0.30078125
4 0.03671875 0.509375 0.059375 0.13203125
5 0.94375 0.3859375 0.1125 0.47734375
1 0.4421875 0.296875 0.09609375 0.1734375