3 0.4328125 0.89296875 0.1921875 0.165625
3 0.6703125 0.546875 0.109375 0.121875
0 0.584375 0.68125 0.171875 0.065625
3 0.7375 0.04296875 0.096875 0.084375
3 0.72265625 0.78359375 0.103125 0.09375
3 0.2671875 0.8359375 0.296875 0.2328125
0 0.53046875 0.29921875 0.19375 0.075
3 0.5390625 0.4953125 0.1890625 0.190625
1 0.28671875 0.12265625 0.415625 0.2453125
3 0.859375 0.940625 0.071875 0.04375
5 0.89921875 0.9140625 0.103125 0.0578125
3 0.68828125 0.953125 0.078125 0.084375
0 0.75234375 0.93203125 0.09375 0.0296875
0 0.80703125 0.89140625 0.071875 0.025
0 0.81015625 0.86171875 0.06875 0.0203125
3 0.5953125 0.9046875 0.115625 0.134375
3 0.79375 0.309375 0.08125 0.0828125
4 0.5828125 0.8703125 0.125 0.034375
4 0.56953125 0.828125 0.178125 0.0390625
4 0.4828125 0.99296875 0.2359375 0.0140625
4 0.115625 0.9796875 0.23125 0.040625
3 0.76953125 0.0875 0.078125 0.0890625
3 0.765625 0.2125 0.0578125 0.065625
3 0.834375 0.85234375 0.0640625 0.0421875
1 0.878125 0.99296875 0.053125 0.0140625