1 0.3734375 0.39375 0.1 0.0765625
3 0.440625 0.7890625 0.1328125 0.1875
3 0.7453125 0.84921875 0.2875 0.3015625
3 0.52734375 0.81171875 0.15625 0.221875
1 0.3375 0.2046875 0.1375 0.075
3 0.72890625 0.20546875 0.278125 0.20625
3 0.58046875 0.1453125 0.1875 0.1609375
2 0.2046875 0.7296875 0.14375 0.1828125
3 0.29296875 0.3734375 0.0734375 0.0453125
3 0.23671875 0.35859375 0.0625 0.0640625
0 0.846875 0.6140625 0.296875 0.11875
3 0.5171875 0.43359375 0.234375 0.1875
3 0.46484375 0.58125 0.171875 0.1375
5 0.23125 0.26015625 0.115625 0.0640625
1 0.26328125 0.1671875 0.103125 0.06875
1 0.2640625 0.95703125 0.078125 0.0859375
0 0.21484375 0.0484375 0.0625 0.021875
0 0.3375 0.44453125 0.1078125 0.01875
3 0.2109375 0.09765625 0.0734375 0.0453125
0 0.23515625 0.090625 0.075 0.0234375
3 0.36640625 0.609375 0.109375 0.13125
3 0.225 0.20390625 0.040625 0.0421875
1 0.240625 0.1671875 0.0375 0.0625
4 0.54375 0.0140625 0.11875 0.028125
4 0.44375 0.009375 0.1625 0.01875
4 0.3328125 0.009375 0.06875 0.01875
3 0.16875 0.16015625 0.034375 0.0375
0 0.32421875 0.33125 0.13125 0.0375
0 0.415625 0.25703125 0.15625 0.0453125
3 0.35546875 0.08203125 0.125 0.0890625
4 0.4171875 0.08984375 0.15 0.0328125
0 0.29921875 0.26796875 0.103125 0.021875
3 0.16796875 0.4109375 0.046875 0.0375
3 0.23671875 0.30703125 0.071875 0.034375
0 0.3265625 0.46171875 0.1046875 0.01875
0 0.2828125 0.42421875 0.0875 0.025
0 0.33671875 0.5359375 0.0703125 0.034375
2 0.12734375 0.053125 0.090625 0.0453125
3 0.16171875 0.08515625 0.04375 0.0328125
3 0.18671875 0.11796875 0.046875 0.0234375
3 0.1484375 0.1265625 0.0359375 0.0265625