3 0.4828125 0.3015625 0.1703125 0.165625
2 0.80078125 0.11328125 0.3984375 0.225
2 0.184375 0.29375 0.128125 0.18125
3 0.30078125 0.453125 0.08125 0.09375
1 0.2328125 0.91171875 0.071875 0.0625
1 0.39453125 0.734375 0.1640625 0.0921875
3 0.4875 0.0765625 0.1828125 0.153125
3 0.7125 0.78984375 0.28125 0.240625
1 0.25078125 0.79453125 0.0875 0.0671875
3 0.53046875 0.8328125 0.115625 0.146875
3 0.2671875 0.6734375 0.0703125 0.0765625
5 0.11015625 0.83671875 0.071875 0.0796875
3 0.3296875 0.89921875 0.096875 0.0890625
0 0.3375 0.61484375 0.11875 0.03125
0 0.3390625 0.69296875 0.121875 0.0203125
4 0.86015625 0.77890625 0.175 0.071875
4 0.88125 0.9625 0.1515625 0.06875
0 0.36328125 0.4140625 0.11875 0.046875
3 0.2234375 0.77109375 0.071875 0.0796875
0 0.228125 0.87109375 0.084375 0.01875
5 0.971875 0.81484375 0.05625 0.309375
0 0.63203125 0.38125 0.159375 0.08125
4 0.4171875 0.8328125 0.1125 0.028125
0 0.35 0.33359375 0.0765625 0.040625
4 0.42734375 0.865625 0.0890625 0.03125
0 0.14140625 0.9015625 0.0484375 0.0125
0 0.146875 0.90234375 0.0453125 0.0171875
4 0.46015625 0.990625 0.2078125 0.01875
0 0.2609375 0.040625 0.065625 0.040625
5 0.09453125 0.9140625 0.084375 0.0625
4 0.45859375 0.97421875 0.2109375 0.0515625
0 0.503125 0.4265625 0.171875 0.0484375
0 0.43984375 0.496875 0.184375 0.053125
0 0.3109375 0.67578125 0.1125 0.0234375
0 0.215625 0.70234375 0.0375 0.015625
0 0.1875 0.70078125 0.0171875 0.0140625
0 0.2015625 0.73125 0.065625 0.0125
0 0.18515625 0.7234375 0.0546875 0.0125
0 0.24140625 0.84609375 0.078125 0.01875
0 0.22109375 0.8578125 0.0703125 0.0125
0 0.16953125 0.87109375 0.0421875 0.0125
0 0.15078125 0.8875 0.04375 0.0125
4 0.20859375 0.95625 0.065625 0.0140625
4 0.215625 0.94453125 0.04375 0.009375
4 0.18671875 0.934375 0.0375 0.015625
0 0.18671875 0.9140625 0.025 0.0125
4 0.3375 0.94140625 0.040625 0.015625
4 0.31015625 0.97265625 0.046875 0.025
4 0.4859375 0.90703125 0.0734375 0.028125
4 0.4859375 0.93203125 0.1515625 0.028125
4 0.70625 0.88671875 0.2828125 0.0640625
4 0.771875 0.9515625 0.06875 0.0421875
0 0.2953125 0.77578125 0.115625 0.021875
2 0.103125 0.725 0.0625 0.05
2 0.090625 0.7734375 0.06875 0.046875
5 0.07109375 0.81953125 0.034375 0.0265625
5 0.13828125 0.4703125 0.103125 0.0875
3 0.184375 0.42578125 0.04375 0.0328125
3 0.2 0.38203125 0.0234375 0.034375
3 0.21796875 0.16796875 0.0609375 0.05625
0 0.225 0.1296875 0.04375 0.0234375