0 0.5375 0.5359375 0.221875 0.05625
0 0.5328125 0.41796875 0.203125 0.0484375
0 0.46484375 0.47734375 0.184375 0.04375
0 0.33515625 0.32265625 0.1203125 0.0375
1 0.81953125 0.8015625 0.3609375 0.253125
1 0.42890625 0.825 0.1671875 0.090625
1 0.31796875 0.43984375 0.1359375 0.08125
1 0.4203125 0.10703125 0.18125 0.090625
3 0.32734375 0.23984375 0.121875 0.1171875
3 0.5609375 0.1765625 0.159375 0.1375
3 0.715625 0.24140625 0.271875 0.1828125
3 0.44296875 0.3625 0.1484375 0.08125
3 0.31796875 0.36484375 0.084375 0.053125
3 0.49921875 0.7015625 0.165625 0.1765625
5 0.36171875 0.56484375 0.171875 0.1484375
0 0.2171875 0.28203125 0.075 0.021875
3 0.28515625 0.10859375 0.1 0.090625
4 0.528125 0.028125 0.121875 0.05625
4 0.37421875 0.04609375 0.1453125 0.021875
4 0.3078125 0.03203125 0.059375 0.01875
5 0.259375 0.5796875 0.2375 0.2015625
2 0.1359375 0.37734375 0.065625 0.071875
0 0.17421875 0.16328125 0.0453125 0.0125
0 0.1640625 0.18359375 0.040625 0.0125
2 0.0890625 0.21171875 0.053125 0.040625
0 0.1890625 0.09765625 0.05625 0.0140625
3 0.1703125 0.1234375 0.0546875 0.0328125