2 0.321875 0.1828125 0.1703125 0.140625
3 0.83671875 0.5578125 0.14375 0.1734375
3 0.78046875 0.6734375 0.171875 0.1890625
1 0.41484375 0.4875 0.128125 0.240625
1 0.81484375 0.25625 0.053125 0.096875
0 0.76171875 0.43359375 0.0375 0.171875
0 0.56484375 0.35703125 0.053125 0.140625
1 0.29453125 0.66796875 0.1765625 0.30625
3 0.77734375 0.17890625 0.04375 0.04375
3 0.89140625 0.4375 0.1125 0.1390625
0 0.66796875 0.28125 0.01875 0.103125
4 0.97265625 0.51875 0.0546875 0.1546875
0 0.00703125 0.2671875 0.0125 0.103125
5 0.17265625 0.221875 0.090625 0.078125
3 0.73671875 0.27265625 0.0671875 0.096875
0 0.88515625 0.203125 0.0125 0.0640625
0 0.8671875 0.15078125 0.0125 0.0421875
3 0.50625 0.3 0.090625 0.1
3 0.90078125 0.17890625 0.034375 0.0546875
3 0.40703125 0.340625 0.11875 0.096875
4 0.67265625 0.77265625 0.046875 0.2671875
4 0.753125 0.821875 0.05 0.24375
4 0.9265625 0.86015625 0.05625 0.1625
4 0.971875 0.35625 0.01875 0.1234375
4 0.95078125 0.3859375 0.015625 0.121875
3 0.940625 0.28671875 0.046875 0.096875
3 0.9625 0.20546875 0.025 0.0609375
0 0.8671875 0.2359375 0.015625 0.078125
0 0.84765625 0.22734375 0.009375 0.0625
0 0.84375 0.18671875 0.0125 0.0421875
0 0.6796875 0.246875 0.0125 0.053125
3 0.7640625 0.23984375 0.046875 0.08125
0 0.7625 0.1921875 0.0109375 0.028125
0 0.928125 0.18125 0.0140625 0.065625