3 0.13359375 0.33046875 0.075 0.08515625
3 0.3609375 0.321875 0.08203125 0.1078125
3 0.45078125 0.28515625 0.075 0.0984375
3 0.19609375 0.4140625 0.125 0.1234375
3 0.18359375 0.5578125 0.1453125 0.17109375
0 0.53046875 0.4265625 0.0515625 0.140625
3 0.23671875 0.696875 0.19296875 0.26875
3 0.58515625 0.359375 0.11015625 0.1171875
3 0.33046875 0.2640625 0.06640625 0.075
3 0.8265625 0.23046875 0.0828125 0.0578125
3 0.29296875 0.228125 0.05703125 0.06484375
5 0.1671875 0.19921875 0.065625 0.103125
1 0.6375 0.52421875 0.14140625 0.2375
5 0.14375 0.11640625 0.06015625 0.12890625
1 0.265625 0.1953125 0.0421875 0.078125
3 0.92421875 0.253125 0.10859375 0.09453125
4 0.07578125 0.85859375 0.1015625 0.2828125
0 0.184375 0.24609375 0.025 0.0765625
0 0.1453125 0.2453125 0.02578125 0.08828125
0 0.215625 0.18359375 0.01953125 0.065625
5 0.21328125 0.10234375 0.0296875 0.0609375
4 0.04375 0.4796875 0.03359375 0.21328125
4 0.07421875 0.4703125 0.03125 0.190625
0 0.12578125 0.359375 0.03828125 0.084375
0 0.09296875 0.171875 0.0109375 0.0515625