3 0.42890625 0.44609375 0.13359375 0.1703125
3 0.24140625 0.69609375 0.19765625 0.278125
1 0.31640625 0.2921875 0.0703125 0.1109375
3 0.18984375 0.56640625 0.159375 0.19609375
1 0.1203125 0.409375 0.10703125 0.159375
0 0.41953125 0.28515625 0.03984375 0.08984375
1 0.18203125 0.24921875 0.08125 0.109375
0 0.453125 0.3234375 0.04140625 0.078125
4 0.04765625 0.3421875 0.0265625 0.1234375
1 0.728125 0.22734375 0.06953125 0.046875
1 0.9859375 0.25 0.02734375 0.12109375
0 0.7265625 0.73203125 0.0953125 0.20703125
0 0.540625 0.6078125 0.08125 0.2390625
4 0.26484375 0.7640625 0.07109375 0.2453125
4 0.034375 0.4890625 0.04921875 0.1796875
4 0.07421875 0.328125 0.02109375 0.11328125
0 0.2609375 0.30859375 0.0359375 0.10703125
0 0.13203125 0.23828125 0.02265625 0.08984375
0 0.1078125 0.1890625 0.0125 0.0609375
0 0.26875 0.22734375 0.02421875 0.075
3 0.18984375 0.17421875 0.05859375 0.05703125
3 0.11015625 0.14921875 0.040625 0.06015625
0 0.51484375 0.346875 0.03125 0.13203125
0 0.7890625 0.22890625 0.01953125 0.05390625
0 0.4703125 0.17109375 0.01015625 0.02421875
0 0.78828125 0.86796875 0.1203125 0.2640625