0 0.46171875 0.06484375 0.240625 0.0859375
5 0.5109375 0.25703125 0.20625 0.175
3 0.46953125 0.828125 0.175 0.1578125
3 0.5625 0.58828125 0.159375 0.16875
3 0.72578125 0.76953125 0.09375 0.08125
5 0.4046875 0.43828125 0.290625 0.240625
0 0.81171875 0.85234375 0.059375 0.028125
3 0.79375 0.665625 0.078125 0.078125
3 0.8296875 0.81015625 0.05625 0.040625
0 0.7953125 0.80546875 0.0703125 0.0234375
3 0.33203125 0.77890625 0.2203125 0.2
5 0.8484375 0.1140625 0.2125 0.228125
0 0.35703125 0.23984375 0.265625 0.0921875
3 0.81328125 0.72265625 0.0625 0.0453125
0 0.6515625 0.740625 0.153125 0.040625
1 0.80859375 0.26484375 0.0625 0.053125
3 0.70859375 0.9296875 0.10625 0.0890625
0 0.85078125 0.90859375 0.05625 0.021875
3 0.8609375 0.92890625 0.046875 0.0390625
4 0.66328125 0.96953125 0.1375 0.0171875
0 0.065625 0.05078125 0.13125 0.1015625
4 0.20234375 0.740625 0.2421875 0.065625
4 0.1828125 0.93671875 0.20625 0.065625
4 0.49140625 0.97578125 0.1203125 0.0484375
4 0.61640625 0.85078125 0.13125 0.028125
4 0.64296875 0.95 0.109375 0.0171875
3 0.87890625 0.8203125 0.0375 0.03125
5 0.92890625 0.840625 0.0609375 0.059375
3 0.89140625 0.9078125 0.03125 0.0234375
3 0.90546875 0.884375 0.028125 0.025
3 0.825 0.95546875 0.05625 0.03125
5 0.90703125 0.60546875 0.065625 0.0734375