3 0.1796875 0.54140625 0.14765625 0.16171875
3 0.22734375 0.684375 0.17421875 0.2390625
3 0.6109375 0.35859375 0.1171875 0.13828125
2 0.43828125 0.24140625 0.16015625 0.19375
3 0.81796875 0.4546875 0.18671875 0.18984375
3 0.21328125 0.23828125 0.0625 0.078125
3 0.2328125 0.40390625 0.1125 0.1390625
3 0.31953125 0.28125 0.07265625 0.12265625
1 0.5859375 0.8203125 0.184375 0.359375
0 0.40234375 0.32578125 0.0375 0.1078125
0 0.1375 0.19453125 0.0171875 0.05390625
4 0.046875 0.35234375 0.01875 0.1453125
3 0.95703125 0.2578125 0.08359375 0.0921875
0 0.30859375 0.30546875 0.02265625 0.12734375
0 0.1171875 0.165625 0.01796875 0.05390625
0 0.096875 0.13828125 0.0234375 0.059375
4 0.25546875 0.78125 0.05859375 0.2578125
4 0.07578125 0.8 0.04921875 0.140625
4 0.140625 0.32890625 0.015625 0.1015625
4 0.06875 0.3640625 0.01640625 0.1265625
4 0.08203125 0.36171875 0.01640625 0.13984375
4 0.040625 0.5140625 0.05078125 0.10625
3 0.10625 0.32421875 0.0375 0.1109375
3 0.15078125 0.26875 0.0625 0.07421875
0 0.1703125 0.20859375 0.0171875 0.06328125
0 0.17109375 0.16484375 0.0140625 0.02109375
3 0.14140625 0.15859375 0.028125 0.03359375
0 0.4421875 0.31328125 0.02890625 0.10546875
0 0.528125 0.378125 0.0359375 0.13984375
3 0.70859375 0.23125 0.05 0.046875
5 0.21484375 0.08984375 0.06328125 0.084375