0 0.6796875 0.35625 0.04375 0.115625
1 0.49375 0.5078125 0.1234375 0.203125
3 0.903125 0.603125 0.1609375 0.19375
3 0.8390625 0.78359375 0.215625 0.29375
0 0.29453125 0.46484375 0.0703125 0.128125
2 0.31640625 0.20078125 0.146875 0.0984375
4 0.80546875 0.85703125 0.0796875 0.2859375
3 0.18203125 0.58203125 0.275 0.303125
3 0.7390625 0.26640625 0.071875 0.078125
0 0.47734375 0.76953125 0.109375 0.2796875
1 0.92890625 0.40546875 0.10625 0.2
3 0.80703125 0.31328125 0.0890625 0.1203125
3 0.846875 0.21015625 0.05625 0.065625
3 0.9375 0.2 0.046875 0.0609375
0 0.978125 0.1546875 0.0140625 0.040625
0 0.99921875 0.1359375 0.0015625 0.0328125
2 0.925 0.08125 0.0421875 0.06875
2 0.69453125 0.14375 0.059375 0.075
0 0.51484375 0.20234375 0.0140625 0.04375
0 0.484375 0.20859375 0.0125 0.04375