3 0.53046875 0.60703125 0.2078125 0.190625
3 0.246875 0.228125 0.059375 0.053125
3 0.22578125 0.2859375 0.084375 0.059375
3 0.753125 0.2109375 0.290625 0.19375
3 0.590625 0.1578125 0.184375 0.1546875
0 0.7609375 0.8125 0.334375 0.109375
0 0.52109375 0.7921875 0.209375 0.08125
3 0.315625 0.47421875 0.128125 0.103125
1 0.44375 0.0890625 0.165625 0.109375
3 0.4296875 0.44765625 0.16875 0.11875
1 0.2296875 0.08828125 0.0578125 0.0375
1 0.3375 0.18671875 0.13125 0.071875
4 0.553125 0.0125 0.1375 0.025
4 0.3734375 0.01953125 0.14375 0.03125
1 0.228125 0.69296875 0.04375 0.071875
5 0.28203125 0.334375 0.1125 0.0875
1 0.2484375 0.13515625 0.090625 0.0359375
0 0.171875 0.08671875 0.05625 0.021875
1 0.19609375 0.06015625 0.065625 0.0359375
4 0.84453125 0.24765625 0.30625 0.0625
3 0.21953125 0.16875 0.059375 0.040625
5 0.1265625 0.15625 0.10625 0.0625
0 0.1953125 0.2 0.05625 0.0140625
0 0.3765625 0.321875 0.1546875 0.040625