2 0.196875 0.14609375 0.09375 0.0984375
5 0.7265625 0.4484375 0.29375 0.3828125
5 0.46796875 0.2140625 0.1625 0.2171875
0 0.21484375 0.32109375 0.0390625 0.10234375
3 0.18359375 0.54375 0.14921875 0.1578125
3 0.12734375 0.19296875 0.04765625 0.05703125
4 0.0671875 0.35546875 0.05078125 0.1421875
2 0.94453125 0.2390625 0.09921875 0.1796875
0 0.32421875 0.30390625 0.034375 0.1046875
4 0.03671875 0.496875 0.06328125 0.13828125
0 0.23828125 0.26328125 0.028125 0.0953125
4 0.05859375 0.825 0.096875 0.1640625
0 0.28203125 0.29140625 0.03359375 0.0984375
3 0.16640625 0.24453125 0.05625 0.08515625
3 0.25859375 0.71484375 0.19375 0.31015625
4 0.25703125 0.79296875 0.06171875 0.2265625
0 0.409375 0.31484375 0.02890625 0.09609375
3 0.084375 0.2890625 0.02421875 0.08984375
0 0.07890625 0.1703125 0.0140625 0.0546875
0 0.09765625 0.1640625 0.01484375 0.05859375
1 0.1203125 0.1609375 0.02421875 0.0265625
3 0.11015625 0.121875 0.0234375 0.03203125
2 0.31328125 0.1203125 0.05078125 0.0640625
3 0.60078125 0.19609375 0.04453125 0.04140625
0 0.63671875 0.19375 0.0203125 0.05
1 0.7890625 0.2 0.03359375 0.03125
1 0.75390625 0.2359375 0.05859375 0.053125
0 0.875 0.240625 0.0203125 0.028125