2 0.70546875 0.109375 0.5890625 0.21875
3 0.56015625 0.80390625 0.178125 0.159375
1 0.20234375 0.8328125 0.078125 0.0453125
3 0.72578125 0.75234375 0.28125 0.2171875
3 0.33671875 0.8609375 0.11875 0.078125
3 0.14921875 0.865625 0.05 0.0328125
0 0.25 0.646875 0.09375 0.0328125
0 0.5 0.68125 0.18125 0.065625
0 0.24453125 0.76953125 0.065625 0.0296875
0 0.2578125 0.74609375 0.1 0.040625
0 0.16875 0.89140625 0.05625 0.028125
5 0.2734375 0.534375 0.21875 0.13125
0 0.23828125 0.625 0.0875 0.01875
4 0.89140625 0.92265625 0.15625 0.059375
4 0.80078125 0.9296875 0.1046875 0.059375
4 0.48203125 0.94140625 0.2125 0.0453125
4 0.46640625 0.91484375 0.190625 0.025
4 0.32734375 0.95703125 0.071875 0.028125
4 0.4171875 0.79609375 0.090625 0.034375
0 0.2375 0.81640625 0.078125 0.01875
0 0.1421875 0.8328125 0.040625 0.0109375
0 0.14296875 0.81171875 0.034375 0.0109375
3 0.16015625 0.79453125 0.04375 0.0265625
3 0.1859375 0.78046875 0.0578125 0.028125
0 0.190625 0.75 0.028125 0.025
4 0.76171875 0.46875 0.2046875 0.0421875
4 0.82578125 0.38359375 0.3484375 0.053125
4 0.91640625 0.4671875 0.1671875 0.053125
0 0.26875 0.00546875 0.05625 0.0109375