3 0.77265625 0.70546875 0.203125 0.271875
1 0.43984375 0.43828125 0.121875 0.1578125
3 0.83828125 0.559375 0.146875 0.1875
1 0.8 0.29765625 0.065625 0.109375
3 0.6203125 0.29609375 0.09375 0.1109375
5 0.63203125 0.134375 0.109375 0.065625
2 0.17578125 0.45234375 0.35 0.56875
0 0.87890625 0.21484375 0.034375 0.071875
3 0.70859375 0.22734375 0.065625 0.078125
4 0.97421875 0.5140625 0.0515625 0.1359375
0 0.90390625 0.16328125 0.01875 0.053125
0 0.5140625 0.3734375 0.05 0.146875
0 0.67578125 0.32265625 0.040625 0.10625
3 0.88984375 0.34765625 0.0703125 0.11875
3 0.4046875 0.334375 0.103125 0.103125
4 0.975 0.35703125 0.021875 0.1375
4 0.94921875 0.36328125 0.03125 0.14375
4 0.9125 0.3796875 0.0375 0.165625
3 0.9125 0.140625 0.028125 0.0515625
1 0.94765625 0.1296875 0.03125 0.0546875
5 0.82578125 0.07890625 0.05 0.0828125