3 0.38828125 0.49609375 0.1625 0.18359375
2 0.8375 0.3765625 0.32421875 0.37265625
3 0.18515625 0.32890625 0.09765625 0.10390625
1 0.32421875 0.33359375 0.09921875 0.12421875
0 0.77421875 0.5453125 0.08203125 0.17734375
3 0.22890625 0.221875 0.0625 0.06953125
0 0.34609375 0.26171875 0.04921875 0.0703125
0 0.253125 0.275 0.03125 0.08359375
3 0.11796875 0.1921875 0.0421875 0.05234375
4 0.0328125 0.50546875 0.0578125 0.121875
3 0.16953125 0.15078125 0.0390625 0.0421875
0 0.62421875 0.54609375 0.07734375 0.2140625
3 0.2265625 0.69453125 0.22421875 0.290625
0 0.29765625 0.246875 0.028125 0.05078125
3 0.18515625 0.5453125 0.1578125 0.1609375
4 0.06328125 0.35859375 0.05 0.1484375
3 0.575 0.42734375 0.1546875 0.17578125
3 0.1390625 0.14453125 0.03125 0.03671875
0 0.1625 0.19375 0.021875 0.05390625
4 0.07578125 0.8359375 0.05625 0.15859375
4 0.1390625 0.35078125 0.0265625 0.10234375
3 0.10703125 0.31640625 0.0328125 0.1015625
0 0.09375 0.21640625 0.021875 0.065625
0 0.19140625 0.2046875 0.0203125 0.06796875
0 0.2734375 0.2046875 0.0171875 0.0609375
0 0.08515625 0.159375 0.00859375 0.0421875
3 0.1078125 0.14609375 0.03359375 0.03671875
5 0.16015625 0.07578125 0.04609375 0.06875
3 0.46328125 0.18046875 0.034375 0.0390625
3 0.53984375 0.19296875 0.04296875 0.05625
4 0.2609375 0.78203125 0.05234375 0.20390625