1 0.3796875 0.52265625 0.18125 0.103125
0 0.30234375 0.7796875 0.1359375 0.028125
1 0.20546875 0.7734375 0.075 0.0375
1 0.40859375 0.9234375 0.2109375 0.1078125
1 0.14453125 0.50703125 0.04375 0.03125
1 0.15 0.4765625 0.05 0.025
0 0.171875 0.91875 0.0609375 0.0125
1 0.14609375 0.91640625 0.03125 0.0296875
1 0.11953125 0.903125 0.0265625 0.028125
2 0.159375 0.72578125 0.121875 0.0984375
2 0.1109375 0.57265625 0.1 0.0921875
2 0.0734375 0.7625 0.0546875 0.046875
2 0.0359375 0.8828125 0.028125 0.0234375
5 0.03125 0.91171875 0.053125 0.0296875
5 0.0578125 0.9546875 0.0546875 0.0390625
5 0.1265625 0.34453125 0.171875 0.2
5 0.30078125 0.35 0.246875 0.11875
1 0.9609375 0.19609375 0.078125 0.29375
1 0.48671875 0.09140625 0.278125 0.1828125
3 0.55625 0.86484375 0.19375 0.1515625
3 0.70390625 0.78671875 0.29375 0.190625
0 0.21484375 0.82421875 0.078125 0.021875
0 0.15703125 0.88671875 0.053125 0.0125
0 0.12578125 0.85078125 0.0421875 0.015625
0 0.140625 0.83671875 0.05 0.0109375
3 0.16875 0.97890625 0.0625 0.0421875
0 0.1515625 0.9515625 0.05625 0.009375
0 0.1421875 0.93828125 0.0546875 0.0125