3 0.67890625 0.20546875 0.265625 0.1953125
1 0.209375 0.2109375 0.09375 0.0640625
2 0.14609375 0.61640625 0.128125 0.140625
3 0.5296875 0.1484375 0.171875 0.15625
3 0.259375 0.4234375 0.0953125 0.084375
2 0.1 0.1609375 0.05625 0.059375
1 0.65234375 0.48671875 0.3046875 0.1734375
3 0.24765625 0.0671875 0.0859375 0.0703125
1 0.134375 0.13515625 0.03125 0.028125
5 0.16171875 0.3171875 0.090625 0.059375
3 0.25 0.3 0.0875 0.0796875
3 0.16875 0.1625 0.053125 0.046875
3 0.16953125 0.05625 0.046875 0.05
1 0.37890625 0.07890625 0.1609375 0.109375
3 0.56640625 0.703125 0.284375 0.253125
3 0.146875 0.2046875 0.03125 0.040625
3 0.4234375 0.58828125 0.159375 0.1203125
3 0.31171875 0.50625 0.1359375 0.11875
3 0.240625 0.3515625 0.078125 0.0421875
0 0.2015625 0.10703125 0.06875 0.025
0 0.1484375 0.08828125 0.053125 0.028125
4 0.31953125 0.0125 0.1171875 0.025
1 0.15546875 0.1328125 0.046875 0.021875
1 0.1171875 0.0453125 0.0453125 0.025
3 0.2078125 0.80390625 0.06875 0.0765625
0 0.096875 0.09921875 0.034375 0.009375
4 0.50703125 0.0109375 0.1140625 0.021875