3 0.809375 0.7109375 0.2328125 0.275
1 0.425 0.33359375 0.08125 0.1328125
1 0.83515625 0.28828125 0.0625 0.115625
4 0.859375 0.4125 0.028125 0.115625
3 0.8546875 0.54296875 0.15625 0.1375
0 0.71015625 0.35859375 0.046875 0.14375
2 0.028125 0.23359375 0.05625 0.1875
0 0.74375 0.290625 0.0125 0.115625
3 0.92734375 0.334375 0.103125 0.096875
4 0.8078125 0.8640625 0.08125 0.171875
1 0.30546875 0.63046875 0.178125 0.296875
3 0.653125 0.30078125 0.08125 0.08125
3 0.659375 0.23046875 0.0625 0.05625
0 0.65625 0.38515625 0.04375 0.134375
3 0.74375 0.1859375 0.0546875 0.046875
4 0.95859375 0.9015625 0.08125 0.134375
4 0.93359375 0.7125 0.071875 0.2328125
0 0.88046875 0.23046875 0.0234375 0.0890625
3 0.75078125 0.2234375 0.0375 0.040625
2 0.1359375 0.78203125 0.271875 0.4359375
3 0.053125 0.509375 0.10625 0.1578125
5 0.6515625 0.1328125 0.084375 0.065625
5 0.42734375 0.19453125 0.071875 0.05625
3 0.79296875 0.20703125 0.0484375 0.046875
3 0.70859375 0.22265625 0.05625 0.065625
0 0.340625 0.43125 0.075 0.0953125
5 0.55234375 0.15625 0.05 0.05
3 0.578125 0.28203125 0.0625 0.0828125
0 0.5359375 0.26953125 0.0125 0.028125
3 0.50390625 0.35 0.05625 0.1375
0 0.546875 0.3765625 0.040625 0.1234375
0 0.5875 0.42578125 0.0375 0.15625
0 0.615625 0.35859375 0.025 0.1296875
0 0.43828125 0.484375 0.046875 0.1875
0 0.3015625 0.39375 0.0515625 0.15625
0 0.37734375 0.20078125 0.0125 0.03125
0 0.45625 0.1859375 0.0109375 0.040625
0 0.7640625 0.2953125 0.021875 0.1125
0 0.78125 0.271875 0.0125 0.09375
0 0.7015625 0.23984375 0.0234375 0.059375
0 0.84453125 0.2078125 0.015625 0.03125
0 0.8625 0.2453125 0.009375 0.0765625
0 0.8328125 0.17109375 0.0109375 0.053125
0 0.89609375 0.153125 0.009375 0.0375
0 0.94453125 0.18828125 0.0140625 0.053125
0 0.95390625 0.13515625 0.009375 0.05
4 0.95703125 0.21953125 0.015625 0.075
4 0.96875 0.178125 0.009375 0.028125
4 0.9625 0.3375 0.01875 0.04375
4 0.99296875 0.3140625 0.0140625 0.040625
4 0.99296875 0.46640625 0.0140625 0.2296875
4 0.96484375 0.46875 0.025 0.18125
4 0.88984375 0.43828125 0.0203125 0.075
4 0.9640625 0.79453125 0.0421875 0.078125
0 0.80859375 0.2421875 0.015625 0.071875
3 0.875 0.1328125 0.0234375 0.021875
3 0.8625 0.14296875 0.034375 0.021875
3 0.85 0.17890625 0.034375 0.0640625
3 0.86484375 0.19609375 0.028125 0.0625
3 0.78515625 0.1703125 0.03125 0.040625
5 0.796875 0.0953125 0.05625 0.0640625
2 0.7234375 0.109375 0.040625 0.065625
0 0.59765625 0.15078125 0.009375 0.0296875
1 0.5265625 0.17734375 0.03125 0.028125
5 0.27734375 0.17734375 0.15625 0.1375
3 0.2046875 0.2296875 0.059375 0.0484375
3 0.175 0.2171875 0.05 0.0625
1 0.11484375 0.25625 0.06875 0.0609375