3 0.303125 0.246875 0.278125 0.2015625
3 0.4578125 0.18671875 0.16875 0.1453125
3 0.7890625 0.1765625 0.0890625 0.05
3 0.865625 0.171875 0.05 0.034375
1 0.77421875 0.28828125 0.090625 0.053125
3 0.66640625 0.1296875 0.1015625 0.0796875
4 0.659375 0.0609375 0.159375 0.05625
1 0.55078125 0.49453125 0.2 0.096875
2 0.46953125 0.76640625 0.6328125 0.4671875
0 0.72890625 0.34140625 0.1 0.034375
4 0.49609375 0.03984375 0.1359375 0.071875
3 0.80703125 0.2296875 0.071875 0.046875
0 0.74609375 0.39453125 0.0984375 0.034375
3 0.80078125 0.1171875 0.065625 0.0578125
3 0.87109375 0.11328125 0.0390625 0.040625
4 0.18125 0.06953125 0.178125 0.134375
0 0.63671875 0.1984375 0.1515625 0.0375