4 0.640625 0.925 0.15 0.0203125
5 0.6953125 0.38515625 0.2125 0.140625
3 0.27734375 0.75546875 0.271875 0.209375
3 0.453125 0.80546875 0.15 0.1578125
3 0.68828125 0.5515625 0.146875 0.0828125
0 0.871875 0.84609375 0.096875 0.053125
1 0.82265625 0.73515625 0.046875 0.04375
5 0.58984375 0.1890625 0.290625 0.2296875
0 0.57734375 0.69296875 0.1625 0.0484375
0 0.91875 0.89765625 0.1 0.06875
1 0.04375 0.23125 0.0875 0.38125
3 0.6796875 0.65625 0.1109375 0.0875
3 0.75078125 0.6078125 0.084375 0.0484375
3 0.721875 0.70546875 0.0875 0.046875
3 0.70078125 0.8015625 0.090625 0.0875
3 0.66875 0.8703125 0.1296875 0.09375
0 0.60625 0.8578125 0.140625 0.046875
0 0.4953125 0.62578125 0.20625 0.0359375
0 0.5203125 0.50859375 0.18125 0.046875
0 0.30703125 0.2296875 0.25625 0.0703125
4 0.0859375 0.615625 0.171875 0.084375
4 0.084375 0.92265625 0.16875 0.0453125
4 0.14921875 0.92578125 0.19375 0.0859375
4 0.171875 0.98359375 0.34375 0.0328125
4 0.4671875 0.9640625 0.13125 0.071875
4 0.575 0.940625 0.1546875 0.0234375
4 0.68359375 0.95 0.053125 0.028125
3 0.734375 0.921875 0.0421875 0.059375
3 0.7890625 0.93125 0.05625 0.0390625
3 0.82421875 0.91015625 0.05625 0.03125
0 0.83671875 0.88125 0.059375 0.015625
0 0.82265625 0.871875 0.059375 0.0078125
0 0.8109375 0.86171875 0.059375 0.0109375
0 0.79609375 0.83984375 0.071875 0.01875
0 0.7859375 0.8234375 0.05625 0.0171875
0 0.775 0.80859375 0.0453125 0.0171875
0 0.75546875 0.775 0.0671875 0.0203125
0 0.7890625 0.790625 0.0578125 0.0125
0 0.64296875 0.665625 0.1265625 0.025
3 0.7609375 0.7234375 0.065625 0.0453125
0 0.78671875 0.6625 0.05625 0.01875
5 0.796875 0.1359375 0.1125 0.16875