3 0.553125 0.09921875 0.2078125 0.1875
3 0.45859375 0.25390625 0.19375 0.1875
2 0.75703125 0.68671875 0.259375 0.19375
3 0.30546875 0.77578125 0.275 0.2015625
1 0.6140625 0.28359375 0.1140625 0.1
3 0.4578125 0.83828125 0.165625 0.146875
3 0.45078125 0.4984375 0.2515625 0.19375
0 0.65859375 0.56796875 0.13125 0.05
1 0.7296875 0.85390625 0.096875 0.0578125
3 0.6 0.4625 0.1421875 0.1453125
3 0.14296875 0.05 0.284375 0.096875
3 0.82109375 0.8546875 0.05 0.034375
0 0.56328125 0.3515625 0.1625 0.06875
0 0.7953125 0.828125 0.090625 0.015625
0 0.7953125 0.809375 0.06875 0.01875
0 0.6640625 0.79375 0.1296875 0.0375
3 0.34375 0.0546875 0.21875 0.109375
3 0.8078125 0.7859375 0.0703125 0.025
3 0.8 0.8890625 0.0515625 0.05
0 0.7296875 0.03046875 0.06875 0.028125
1 0.78515625 0.2609375 0.0625 0.0765625
0 0.84765625 0.91640625 0.0625 0.034375
3 0.68671875 0.50390625 0.0875 0.0671875
0 0.7 0.8171875 0.103125 0.0234375
4 0.59140625 0.89921875 0.16875 0.0484375
0 0.85703125 0.88515625 0.053125 0.0390625
4 0.49296875 0.975 0.13125 0.05
0 0.71875 0.43671875 0.0625 0.028125
4 0.590625 0.9734375 0.1578125 0.0265625
4 0.6328125 0.94140625 0.1125 0.025
4 0.6984375 0.9765625 0.04375 0.0296875
3 0.7421875 0.534375 0.0375 0.046875
3 0.81171875 0.43671875 0.0375 0.040625
0 0.25703125 0.2609375 0.296875 0.09375
0 0.0890625 0.19609375 0.178125 0.140625
3 0.6671875 0.89296875 0.109375 0.075
3 0.728125 0.946875 0.040625 0.05