1 0.58671875 0.4046875 0.153125 0.096875
3 0.30703125 0.23203125 0.26875 0.2125
0 0.72265625 0.20703125 0.0921875 0.0375
0 0.7984375 0.17109375 0.046875 0.0265625
3 0.45625 0.184375 0.159375 0.146875
3 0.67421875 0.503125 0.1078125 0.090625
4 0.49375 0.03671875 0.1203125 0.059375
1 0.84609375 0.10390625 0.0515625 0.03125
3 0.8265625 0.15 0.040625 0.0453125
4 0.6328125 0.1234375 0.121875 0.0234375
1 0.66328125 0.13203125 0.103125 0.071875
2 0.41328125 0.821875 0.8203125 0.35625
4 0.6453125 0.0640625 0.134375 0.046875
3 0.7875 0.06484375 0.0546875 0.025
3 0.86953125 0.1171875 0.0375 0.021875
3 0.86171875 0.14296875 0.025 0.025
2 0.875 0.290625 0.059375 0.06875
5 0.92265625 0.16171875 0.053125 0.0375
5 0.80703125 0.5890625 0.0515625 0.0546875
1 0.8046875 0.5296875 0.03125 0.0390625