3 0.2421875 0.69375 0.19296875 0.26015625
0 0.6859375 0.53828125 0.09296875 0.20625
2 0.940625 0.23671875 0.11484375 0.16953125
3 0.18046875 0.54609375 0.14375 0.171875
0 0.58984375 0.43984375 0.0671875 0.15625
3 0.54609375 0.375 0.10625 0.1359375
0 0.4546875 0.3265625 0.03359375 0.09296875
2 0.11171875 0.14375 0.0734375 0.1015625
4 0.040625 0.50859375 0.0671875 0.134375
1 0.16328125 0.16640625 0.03671875 0.0546875
0 0.26484375 0.2140625 0.02578125 0.0640625
0 0.32734375 0.28515625 0.03359375 0.0890625
5 0.5578125 0.12734375 0.17578125 0.13671875
3 0.1171875 0.33203125 0.0484375 0.09453125
4 0.15234375 0.340625 0.0234375 0.115625
4 0.05234375 0.35078125 0.025 0.13203125
4 0.0703125 0.3796875 0.021875 0.0890625
0 0.1046875 0.22578125 0.015625 0.084375
0 0.16328125 0.20546875 0.01484375 0.05625
0 0.19140625 0.20625 0.01640625 0.0625
4 0.403125 0.67265625 0.04765625 0.28828125
2 0.9546875 0.70546875 0.08984375 0.5890625