5 0.3421875 0.18515625 0.1078125 0.175
2 0.56328125 0.26796875 0.20234375 0.18828125
1 0.11953125 0.40234375 0.0921875 0.14140625
0 0.3953125 0.47109375 0.04453125 0.1640625
3 0.4296875 0.40546875 0.1203125 0.12265625
3 0.2484375 0.69765625 0.18125 0.2421875
3 0.1828125 0.56015625 0.16015625 0.16484375
0 0.175 0.28828125 0.03359375 0.0984375
3 0.2 0.215625 0.03828125 0.0640625
3 0.059375 0.27734375 0.06953125 0.0765625
1 0.09765625 0.18203125 0.0390625 0.0703125
1 0.13984375 0.17734375 0.03046875 0.0484375
1 0.675 0.553125 0.11640625 0.2234375
4 0.259375 0.8375 0.04453125 0.303125
4 0.034375 0.50859375 0.0578125 0.12734375
4 0.04453125 0.3515625 0.02734375 0.11328125
0 0.2359375 0.246875 0.0359375 0.0765625
1 0.678125 0.40234375 0.14921875 0.16640625
3 0.81875 0.253125 0.13046875 0.10078125
0 0.93984375 0.27421875 0.04453125 0.07734375
3 0.9921875 0.571875 0.01484375 0.1671875
2 0.56328125 0.159375 0.11015625 0.06640625
2 0.253125 0.1140625 0.03984375 0.0578125