3 0.23671875 0.684375 0.18984375 0.2546875
3 0.18359375 0.53828125 0.13671875 0.15390625
2 0.7265625 0.6890625 0.546875 0.62109375
0 0.309375 0.3671875 0.0421875 0.13359375
3 0.33671875 0.29140625 0.07734375 0.0859375
0 0.23046875 0.23671875 0.03671875 0.08359375
5 0.28359375 0.18359375 0.11796875 0.125
0 0.1375 0.378125 0.04765625 0.10390625
4 0.346875 0.7640625 0.06328125 0.27265625
4 0.27890625 0.8765625 0.078125 0.24140625
4 0.07265625 0.853125 0.08046875 0.2546875
4 0.03671875 0.4921875 0.04296875 0.140625
4 0.06875 0.35859375 0.0140625 0.1328125
4 0.053125 0.41875 0.02578125 0.14921875
3 0.11953125 0.33125 0.071875 0.0953125
3 0.07578125 0.29296875 0.0578125 0.05078125
1 0.1234375 0.2 0.03515625 0.07265625
1 0.10703125 0.16796875 0.02734375 0.04765625
0 0.08046875 0.2015625 0.015625 0.0546875
0 0.2859375 0.24609375 0.0125 0.06796875
0 0.17265625 0.22890625 0.01328125 0.05859375
0 0.15625 0.23984375 0.01953125 0.06875
3 0.92109375 0.25234375 0.1015625 0.0859375
1 0.82421875 0.228125 0.0671875 0.07421875
5 0.43046875 0.13671875 0.0828125 0.0890625
1 0.440625 0.415625 0.0703125 0.1609375
3 0.46484375 0.3234375 0.11015625 0.05546875
1 0.52265625 0.18515625 0.04453125 0.04375
3 0.69921875 0.24453125 0.05390625 0.03984375
2 0.13359375 0.0703125 0.04140625 0.07421875
2 0.15859375 0.13125 0.0265625 0.0515625
3 0.21171875 0.18671875 0.03046875 0.0453125