3 0.24609375 0.66015625 0.18046875 0.20703125
0 0.39453125 0.27109375 0.03046875 0.08203125
3 0.18125 0.5390625 0.1390625 0.1578125
2 0.7140625 0.60390625 0.5703125 0.56328125
3 0.8203125 0.2234375 0.06328125 0.05703125
0 0.1078125 0.17734375 0.034375 0.0671875
1 0.32109375 0.328125 0.0828125 0.140625
0 0.2171875 0.278125 0.0421875 0.0921875
3 0.253125 0.24296875 0.05078125 0.06015625
3 0.3265625 0.24921875 0.06875 0.0375
2 0.22421875 0.15859375 0.07734375 0.09765625
2 0.58203125 0.16484375 0.1453125 0.12421875
3 0.9234375 0.2453125 0.08828125 0.075
0 0.421875 0.36171875 0.03671875 0.1375
4 0.07578125 0.8796875 0.0765625 0.240625
4 0.29140625 0.87578125 0.0640625 0.23671875
4 0.2125 0.78359375 0.06328125 0.29375
3 0.12890625 0.33359375 0.07734375 0.10078125
0 0.13984375 0.39140625 0.04140625 0.13125
4 0.03984375 0.509375 0.0796875 0.13125
0 0.07265625 0.28984375 0.05234375 0.040625
4 0.08125 0.36171875 0.0203125 0.1234375
5 0.39453125 0.14609375 0.04765625 0.05390625
2 0.14765625 0.07578125 0.03984375 0.07890625
2 0.47734375 0.17421875 0.0171875 0.040625
2 0.13359375 0.2234375 0.02734375 0.065625