3 0.42734375 0.83671875 0.2359375 0.225
2 0.54921875 0.41796875 0.4125 0.29375
3 0.31015625 0.23984375 0.2578125 0.190625
0 0.459375 0.59140625 0.2109375 0.05625
3 0.4671875 0.18515625 0.140625 0.14375
0 0.7390625 0.1609375 0.09375 0.034375
1 0.77734375 0.171875 0.075 0.05
0 0.81015625 0.21796875 0.0546875 0.0421875
3 0.88125 0.25078125 0.021875 0.034375
1 0.8015625 0.1015625 0.065625 0.046875
3 0.84453125 0.12890625 0.034375 0.028125
3 0.83828125 0.175 0.0484375 0.0453125
5 0.90625 0.1765625 0.034375 0.028125
1 0.590625 0.1171875 0.159375 0.09375
3 0.859375 0.10078125 0.0328125 0.03125
3 0.86640625 0.1421875 0.0203125 0.021875
5 0.796875 0.41328125 0.14375 0.15
1 0.12890625 0.4546875 0.2578125 0.14375
4 0.325 0.10078125 0.26875 0.0625
4 0.50859375 0.0265625 0.140625 0.053125
4 0.6546875 0.0359375 0.1515625 0.059375
0 0.7375 0.2546875 0.084375 0.0875
3 0.7234375 0.92421875 0.10625 0.1328125
3 0.79375 0.665625 0.0625 0.075
0 0.765625 0.77890625 0.0609375 0.021875
1 0.75859375 0.81875 0.0609375 0.05625
0 0.8 0.57890625 0.01875 0.0171875