3 0.1234375 0.33984375 0.084375 0.09765625
3 0.52265625 0.6421875 0.1796875 0.23671875
3 0.39375 0.4109375 0.10546875 0.17578125
3 0.59140625 0.31875 0.1203125 0.08984375
3 0.23515625 0.6921875 0.2 0.25390625
3 0.909375 0.73515625 0.16875 0.3671875
0 0.5515625 0.4453125 0.05 0.11640625
3 0.184375 0.53984375 0.14921875 0.1484375
1 0.69453125 0.221875 0.05546875 0.05546875
0 0.67890625 0.484375 0.06484375 0.14921875
0 0.634375 0.43671875 0.0515625 0.14296875
2 0.25078125 0.2328125 0.171875 0.25390625
1 0.33046875 0.3625 0.05703125 0.1078125
3 0.91640625 0.51875 0.16171875 0.15390625
4 0.03671875 0.50546875 0.06484375 0.14609375
3 0.9375 0.259375 0.1171875 0.09453125
3 0.56484375 0.3953125 0.11796875 0.103125
3 0.40859375 0.2921875 0.090625 0.0453125
0 0.7625 0.4359375 0.0625 0.15234375
0 0.69140625 0.53671875 0.0859375 0.25625
0 0.10625 0.21484375 0.02578125 0.084375
0 0.14453125 0.228125 0.01875 0.07421875
4 0.05234375 0.38515625 0.03203125 0.09296875
0 0.16640625 0.221875 0.021875 0.06484375
4 0.3203125 0.8984375 0.07109375 0.203125
4 0.3890625 0.971875 0.0828125 0.0546875
1 0.784375 0.2390625 0.06796875 0.05390625
1 0.4609375 0.38203125 0.0328125 0.125
0 0.49140625 0.30546875 0.03515625 0.06640625
0 0.35859375 0.2578125 0.04609375 0.065625
3 0.34609375 0.2296875 0.040625 0.0828125
4 0.390625 0.94609375 0.04453125 0.10703125
3 0.45859375 0.28046875 0.02578125 0.078125
3 0.13203125 0.1671875 0.0296875 0.04921875
0 0.09375 0.1546875 0.0453125 0.046875
5 0.60625 0.19609375 0.06484375 0.059375