1 0.321875 0.478125 0.353125 0.19375
2 0.703125 0.28125 0.303125 0.1859375
1 0.6 0.7125 0.190625 0.171875
3 0.31484375 0.17109375 0.278125 0.234375
0 0.66171875 0.5546875 0.1234375 0.05625
1 0.8640625 0.0578125 0.075 0.0375
0 0.6765625 0.42265625 0.103125 0.05
3 0.7953125 0.91640625 0.084375 0.084375
0 0.6703125 0.4875 0.1234375 0.05
4 0.19921875 0.02890625 0.175 0.05625
0 0.80625 0.109375 0.096875 0.025
5 0.953125 0.21484375 0.09375 0.084375
4 0.09765625 0.02578125 0.1921875 0.0515625
3 0.4796875 0.128125 0.1546875 0.1609375
4 0.66171875 0.01328125 0.13125 0.0265625
3 0.71015625 0.06796875 0.096875 0.084375
0 0.890625 0.02734375 0.059375 0.01875
0 0.83203125 0.14921875 0.06875 0.01875
4 0.12734375 0.24375 0.2546875 0.084375
0 0.634375 0.07890625 0.153125 0.0484375
3 0.75078125 0.4203125 0.103125 0.075
3 0.81171875 0.821875 0.0828125 0.0703125
1 0.83125 0.68515625 0.05625 0.0375
1 0.878125 0.4390625 0.0484375 0.0234375
1 0.86953125 0.4765625 0.046875 0.028125
5 0.9375 0.0453125 0.0875 0.05625
1 0.77265625 0.965625 0.103125 0.06875
3 0.875 0.0890625 0.065625 0.0296875
4 0.88671875 0.125 0.046875 0.009375
4 0.86640625 0.13359375 0.059375 0.0125
4 0.8609375 0.1578125 0.0609375 0.015625