3 0.53828125 0.74453125 0.196875 0.203125
3 0.36171875 0.65703125 0.13125 0.146875
1 0.253125 0.946875 0.08125 0.0921875
1 0.46796875 0.43828125 0.1875 0.109375
3 0.265625 0.24296875 0.075 0.0625
0 0.36328125 0.2953125 0.1234375 0.05
3 0.534375 0.16953125 0.1421875 0.15
0 0.2765625 0.18671875 0.0828125 0.0328125
0 0.221875 0.13671875 0.05 0.0328125
4 0.29921875 0.1171875 0.1078125 0.034375
3 0.18203125 0.15546875 0.04375 0.0546875
3 0.20859375 0.2875 0.05625 0.053125
0 0.27109375 0.309375 0.0828125 0.034375
0 0.3265625 0.36484375 0.103125 0.040625
0 0.34140625 0.4828125 0.1140625 0.046875
1 0.18828125 0.20390625 0.0375 0.0375
3 0.2234375 0.196875 0.03125 0.05
0 0.24453125 0.3375 0.075 0.0328125
4 0.3359375 0.0546875 0.128125 0.04375
4 0.496875 0.02578125 0.1265625 0.05
3 0.76171875 0.85078125 0.34375 0.2859375
1 0.14921875 0.06953125 0.0625 0.03125
0 0.34296875 0.434375 0.071875 0.034375
4 0.80703125 0.25546875 0.215625 0.08125
3 0.703125 0.22265625 0.2765625 0.215625
4 0.85234375 0.05 0.153125 0.075
3 0.225 0.73125 0.075 0.08125
3 0.409375 0.121875 0.1234375 0.1328125
3 0.15859375 0.1046875 0.053125 0.01875
2 0.13125 0.3625 0.0828125 0.078125
5 0.1578125 0.43359375 0.053125 0.0375
5 0.08125 0.14453125 0.0484375 0.028125
5 0.11484375 0.0671875 0.075 0.04375
0 0.1828125 0.56328125 0.0390625 0.015625