1 0.63125 0.4859375 0.11171875 0.1859375
2 0.76015625 0.20625 0.1765625 0.13984375
1 0.37890625 0.528125 0.12890625 0.23046875
3 0.18203125 0.56171875 0.16484375 0.190625
1 0.1171875 0.4265625 0.1015625 0.18125
3 0.234375 0.69921875 0.203125 0.26953125
3 0.10234375 0.2796875 0.07421875 0.0875
0 0.8234375 0.5375 0.07421875 0.19765625
5 0.271875 0.1703125 0.04453125 0.06328125
3 0.24296875 0.23359375 0.05546875 0.05546875
1 0.18359375 0.2140625 0.04921875 0.07734375
1 0.28359375 0.2234375 0.03984375 0.05234375
3 0.38984375 0.35859375 0.11875 0.1234375
3 0.35859375 0.25390625 0.0765625 0.075
3 0.94453125 0.5265625 0.10390625 0.2
4 0.053125 0.36328125 0.03046875 0.1265625
3 0.32890625 0.2296875 0.046875 0.05078125
1 0.1546875 0.13203125 0.06015625 0.0671875
4 0.03671875 0.49375 0.05078125 0.146875
3 0.1125 0.16328125 0.03359375 0.0390625
1 0.415625 0.86640625 0.21640625 0.2671875
2 0.36796875 0.14140625 0.08125 0.06796875
5 0.19375 0.090625 0.0359375 0.05859375