0 0.41953125 0.3453125 0.215625 0.08125
3 0.534375 0.83984375 0.165625 0.1484375
5 0.3828125 0.18828125 0.2421875 0.1890625
3 0.68984375 0.78359375 0.271875 0.196875
5 0.3171875 0.60625 0.203125 0.128125
3 0.40234375 0.8390625 0.1359375 0.146875
0 0.459375 0.58203125 0.16875 0.059375
5 0.1328125 0.7296875 0.1453125 0.0890625
1 0.1765625 0.9296875 0.0703125 0.0453125
3 0.20703125 0.8046875 0.078125 0.065625
0 0.24296875 0.8328125 0.075 0.03125
0 0.1921875 0.85546875 0.065625 0.028125
0 0.24296875 0.7125 0.08125 0.01875
5 0.140625 0.8203125 0.065625 0.0515625
3 0.0984375 0.91875 0.04375 0.0265625
3 0.2328125 0.07421875 0.0953125 0.09375
3 0.33203125 0.5171875 0.1703125 0.0609375
0 0.4484375 0.66796875 0.1890625 0.0515625
4 0.4609375 0.97265625 0.175 0.03125
4 0.82578125 0.94296875 0.1609375 0.0578125
4 0.9765625 0.7546875 0.046875 0.05625
4 0.30546875 0.9765625 0.053125 0.01875
3 0.31875 0.9015625 0.134375 0.08125
0 0.34375 0.8890625 0.06875 0.0296875
3 0.278125 0.95234375 0.084375 0.05
3 0.0921875 0.9421875 0.034375 0.021875
3 0.13046875 0.9265625 0.025 0.0125
3 0.1296875 0.90078125 0.0453125 0.0109375
5 0.18046875 0.6625 0.159375 0.071875