3 0.33671875 0.42734375 0.121875 0.109375
3 0.32578125 0.5515625 0.1359375 0.0953125
3 0.2828125 0.63671875 0.090625 0.078125
3 0.2296875 0.72265625 0.090625 0.065625
3 0.690625 0.784375 0.275 0.225
5 0.14453125 0.91953125 0.075 0.046875
1 0.37890625 0.80546875 0.146875 0.1
3 0.54921875 0.8328125 0.1921875 0.153125
2 0.721875 0.11953125 0.546875 0.2390625
4 0.49921875 0.97421875 0.1109375 0.0515625
3 0.2171875 0.83671875 0.0625 0.065625
3 0.3234375 0.89296875 0.096875 0.0765625
3 0.20703125 0.64921875 0.040625 0.065625
0 0.21171875 0.89609375 0.0765625 0.0328125
1 0.18828125 0.77890625 0.0875 0.046875
1 0.1671875 0.52421875 0.0484375 0.025
4 0.84375 0.9390625 0.159375 0.06875
2 0.2203125 0.028125 0.190625 0.05625
4 0.3515625 0.95078125 0.128125 0.0375
2 0.171875 0.378125 0.1015625 0.103125
0 0.36484375 0.6015625 0.125 0.05
5 0.17109375 0.7109375 0.040625 0.059375
4 0.93828125 0.5484375 0.1234375 0.0640625
4 0.36796875 0.88515625 0.140625 0.01875
5 0.1640625 0.55859375 0.053125 0.0421875
1 0.13671875 0.62421875 0.025 0.0296875
2 0.08359375 0.9203125 0.046875 0.04375
0 0.2515625 0.85859375 0.08125 0.01875
3 0.15625 0.87734375 0.0453125 0.0125
0 0.1640625 0.86484375 0.046875 0.0140625
1 0.16875 0.83671875 0.03125 0.03125
0 0.1703125 0.8171875 0.053125 0.01875
3 0.14140625 0.83515625 0.03125 0.028125