3 0.43984375 0.62734375 0.2078125 0.203125
3 0.63984375 0.66875 0.0875 0.1453125
3 0.68046875 0.5484375 0.090625 0.0859375
3 0.30078125 0.2234375 0.265625 0.2125
5 0.78828125 0.24375 0.121875 0.084375
1 0.7171875 0.1953125 0.1046875 0.0640625
3 0.5375 0.67421875 0.1625 0.178125
0 0.6515625 0.23203125 0.109375 0.046875
3 0.7890625 0.29765625 0.053125 0.040625
3 0.4578125 0.175 0.15 0.14375
0 0.709375 0.46875 0.0625 0.0375
3 0.79140625 0.3453125 0.0375 0.05
0 0.70703125 0.4234375 0.08125 0.040625
0 0.7390625 0.253125 0.071875 0.0265625
4 0.0203125 0.48671875 0.040625 0.075
3 0.6046875 0.4984375 0.121875 0.1265625
3 0.57421875 0.3609375 0.165625 0.1390625
4 0.48359375 0.0296875 0.0984375 0.059375
0 0.81640625 0.065625 0.0640625 0.0265625
3 0.65859375 0.11796875 0.1015625 0.075
1 0.696875 0.3609375 0.05625 0.0875
3 0.76328125 0.17578125 0.071875 0.0734375
0 0.7890625 0.1015625 0.0609375 0.021875
3 0.80703125 0.1140625 0.059375 0.053125
3 0.75078125 0.3359375 0.040625 0.0765625
3 0.6515625 0.4984375 0.059375 0.1234375
0 0.3875 0.43046875 0.240625 0.0671875
2 0.79140625 0.83671875 0.15 0.1828125
3 0.83359375 0.45859375 0.0671875 0.0484375