2 0.1828125 0.88203125 0.11875 0.084375
2 0.12109375 0.7421875 0.053125 0.046875
5 0.0984375 0.88671875 0.0375 0.053125
2 0.06171875 0.89609375 0.028125 0.028125
2 0.08046875 0.84921875 0.0546875 0.0296875
5 0.23125 0.23828125 0.090625 0.103125
3 0.54609375 0.3484375 0.2140625 0.18125
3 0.42265625 0.51328125 0.128125 0.0953125
3 0.43203125 0.671875 0.190625 0.16875
3 0.67109375 0.76015625 0.215625 0.184375
3 0.54296875 0.83046875 0.1421875 0.15
3 0.26171875 0.73125 0.0828125 0.06875
1 0.21875 0.79765625 0.0703125 0.0421875
4 0.2375 0.69765625 0.0828125 0.04375
1 0.40234375 0.884375 0.165625 0.109375
0 0.46953125 0.4484375 0.1609375 0.05
0 0.2859375 0.628125 0.08125 0.040625
0 0.27734375 0.7765625 0.109375 0.021875
0 0.23515625 0.88828125 0.08125 0.021875
0 0.20859375 0.7734375 0.05625 0.0171875
4 0.925 0.83046875 0.15 0.0984375