2 0.3171875 0.34375 0.1921875 0.2859375
2 0.290625 0.16875 0.13515625 0.084375
3 0.1328125 0.33125 0.07265625 0.09140625
4 0.084375 0.82421875 0.07421875 0.18828125
3 0.1796875 0.16953125 0.04375 0.04609375
4 0.23359375 0.84140625 0.08515625 0.1640625
3 0.11484375 0.14375 0.0359375 0.04609375
3 0.06796875 0.22734375 0.03125 0.06171875
1 0.0875 0.16953125 0.03671875 0.053125
2 0.7265625 0.6015625 0.546875 0.796875
3 0.18671875 0.5421875 0.16015625 0.153125
3 0.22578125 0.6953125 0.21875 0.2734375
0 0.1671875 0.27734375 0.0328125 0.10703125
4 0.06171875 0.471875 0.05703125 0.1984375
4 0.11328125 0.459375 0.025 0.09921875
4 0.1671875 0.41796875 0.03515625 0.08046875
4 0.18984375 0.38046875 0.02734375 0.03515625
4 0.0765625 0.3390625 0.04765625 0.1015625
0 0.140625 0.13984375 0.00859375 0.04375