3 0.69921875 0.2453125 0.2890625 0.2140625
0 0.52734375 0.73828125 0.228125 0.103125
2 0.190625 0.97890625 0.1875 0.0421875
3 0.5359375 0.17734375 0.190625 0.159375
0 0.4171875 0.63125 0.1734375 0.075
3 0.3453125 0.5828125 0.15 0.11875
0 0.29140625 0.48203125 0.103125 0.0375
2 0.08828125 0.1 0.1125 0.08125
4 0.49296875 0.02890625 0.15 0.0578125
1 0.11328125 0.15703125 0.0609375 0.040625
0 0.16640625 0.27109375 0.071875 0.028125
0 0.2453125 0.33984375 0.0984375 0.0375
5 0.07265625 0.59609375 0.1453125 0.1953125
3 0.2984375 0.10625 0.10625 0.053125
4 0.3078125 0.1453125 0.128125 0.025
4 0.31875 0.034375 0.146875 0.028125
4 0.35078125 0.0546875 0.1 0.025
0 0.1796875 0.09296875 0.09375 0.0171875
0 0.15703125 0.1578125 0.0625 0.015625
0 0.1578125 0.1890625 0.06875 0.01875
4 0.67578125 0.42421875 0.3203125 0.053125