3 0.73828125 0.6953125 0.084375 0.059375
3 0.68046875 0.5109375 0.115625 0.10625
3 0.2921875 0.775 0.2703125 0.20625
3 0.4546875 0.834375 0.1703125 0.146875
2 0.4203125 0.16953125 0.8375 0.3390625
3 0.8359375 0.91484375 0.053125 0.0375
3 0.66328125 0.89296875 0.1015625 0.0796875
0 0.73359375 0.63828125 0.09375 0.01875
0 0.7203125 0.73203125 0.0984375 0.028125
3 0.7328125 0.5859375 0.078125 0.071875
5 0.7859375 0.66171875 0.0796875 0.0578125
0 0.70703125 0.82734375 0.0921875 0.0359375
4 0.4953125 0.9734375 0.134375 0.053125
5 0.90390625 0.8609375 0.0890625 0.0515625
5 0.79453125 0.83828125 0.1125 0.065625
5 0.85703125 0.734375 0.1125 0.0921875
0 0.696875 0.76953125 0.10625 0.025
0 0.76953125 0.765625 0.0609375 0.01875
1 0.834375 0.88359375 0.071875 0.03125
4 0.6109375 0.88203125 0.1625 0.025
4 0.61640625 0.96875 0.1 0.028125
4 0.646875 0.94453125 0.146875 0.01875
4 0.69921875 0.9734375 0.0515625 0.0234375
4 0.1671875 0.93984375 0.165625 0.06875
1 0.84296875 0.53046875 0.0375 0.021875