3 0.675 0.76484375 0.20625 0.190625
0 0.54609375 0.584375 0.196875 0.078125
5 0.10859375 0.853125 0.0625 0.05
2 0.228125 0.15 0.1453125 0.1875
3 0.54609375 0.81875 0.16875 0.1484375
0 0.2890625 0.63984375 0.0890625 0.040625
1 0.4140625 0.878125 0.1625 0.109375
5 0.3015625 0.46171875 0.303125 0.190625
1 0.15859375 0.88203125 0.034375 0.0375
3 0.28203125 0.79296875 0.1 0.0640625
0 0.2171875 0.78203125 0.0421875 0.015625
4 0.5171875 0.95859375 0.1296875 0.06875
3 0.28046875 0.9453125 0.0734375 0.0765625
0 0.19921875 0.91484375 0.0578125 0.021875
3 0.17578125 0.83046875 0.053125 0.040625
4 0.34375 0.9609375 0.1125 0.0484375
4 0.87578125 0.76875 0.2 0.0984375
0 0.659375 0.41953125 0.265625 0.084375
0 0.5765625 0.5296875 0.228125 0.05
0 0.43984375 0.51484375 0.1640625 0.040625
0 0.378125 0.71328125 0.15625 0.0265625
4 0.80078125 0.83984375 0.203125 0.05625
4 0.2265625 0.89140625 0.08125 0.01875
0 0.2046875 0.7625 0.05625 0.01875
3 0.1390625 0.909375 0.03125 0.0203125
3 0.1109375 0.9 0.01875 0.0203125
3 0.1765625 0.94765625 0.040625 0.0328125
0 0.15859375 0.9234375 0.0375 0.009375
3 0.1921875 0.8703125 0.0484375 0.0296875
1 0.21640625 0.31328125 0.040625 0.046875
1 0.19140625 0.41328125 0.0421875 0.034375
1 0.196875 0.36796875 0.04375 0.0375