2 0.790625 0.203125 0.128125 0.1625
1 0.59453125 0.56328125 0.14375 0.0875
0 0.38203125 0.54296875 0.221875 0.08125
1 0.6328125 0.8484375 0.14375 0.0828125
3 0.73671875 0.7921875 0.0796875 0.0671875
0 0.709375 0.68984375 0.090625 0.0515625
3 0.775 0.74296875 0.06875 0.0640625
3 0.5703125 0.39296875 0.196875 0.15
4 0.45390625 0.98125 0.1125 0.0375
3 0.25234375 0.7765625 0.3 0.2265625
5 0.74921875 0.021875 0.1515625 0.04375
3 0.8203125 0.81640625 0.053125 0.0515625
4 0.15 0.7515625 0.240625 0.0671875
3 0.4109375 0.83828125 0.190625 0.1578125
3 0.5828125 0.25859375 0.159375 0.121875
4 0.26640625 0.240625 0.246875 0.075
4 0.62578125 0.97734375 0.134375 0.040625
5 0.83046875 0.48203125 0.0796875 0.06875
2 0.86015625 0.60703125 0.065625 0.06875
3 0.840625 0.90390625 0.046875 0.040625