3 0.51015625 0.315625 0.0984375 0.109375
3 0.165625 0.221875 0.096875 0.065625
3 0.8015625 0.709375 0.2328125 0.290625
1 0.83046875 0.3796875 0.090625 0.146875
3 0.9171875 0.3359375 0.075 0.0984375
0 0.7078125 0.321875 0.040625 0.109375
3 0.8546875 0.55625 0.1515625 0.1875
0 0.896875 0.24296875 0.021875 0.0765625
3 0.8765625 0.20703125 0.0625 0.05625
1 0.821875 0.1734375 0.05 0.084375
0 0.93046875 0.2046875 0.03125 0.0703125
3 0.69765625 0.25 0.0640625 0.0515625
4 0.96484375 0.8671875 0.0640625 0.165625
2 0.20859375 0.67578125 0.40625 0.6375
5 0.95390625 0.13203125 0.04375 0.0640625
3 0.7046875 0.20234375 0.05625 0.040625
4 0.9859375 0.50703125 0.028125 0.134375
1 0.86953125 0.16171875 0.0421875 0.0375
0 0.95078125 0.16484375 0.021875 0.040625
3 0.771875 0.2171875 0.0625 0.084375
1 0.8671875 0.14140625 0.034375 0.028125
0 0.9609375 0.15625 0.03125 0.04375
4 0.57109375 0.94765625 0.0859375 0.1046875
4 0.98828125 0.4125 0.0234375 0.153125
4 0.88984375 0.390625 0.01875 0.1125
4 0.98671875 0.3046875 0.0265625 0.0375
3 0.64453125 0.29375 0.0875 0.1421875
5 0.30078125 0.16953125 0.165625 0.1609375
1 0.11171875 0.2015625 0.040625 0.03125
0 0.09296875 0.24609375 0.03125 0.059375
1 0.415625 0.18046875 0.0375 0.053125
0 0.4578125 0.18125 0.0125 0.0375
5 0.5265625 0.175 0.065625 0.053125
1 0.6 0.15078125 0.0265625 0.0265625
3 0.67265625 0.13515625 0.0171875 0.0375
5 0.7578125 0.159375 0.05625 0.0375
0 0.90625 0.15234375 0.015625 0.046875
3 0.93125 0.128125 0.021875 0.0546875
3 0.9625 0.2625 0.053125 0.0796875