3 0.6953125 0.23359375 0.265625 0.190625
3 0.2921875 0.12421875 0.096875 0.1125
1 0.34375 0.49609375 0.121875 0.0796875
5 0.28671875 0.70859375 0.265625 0.284375
3 0.59921875 0.8515625 0.2375 0.246875
3 0.334375 0.259375 0.115625 0.1125
3 0.54609375 0.17734375 0.1625 0.1484375
3 0.496875 0.43046875 0.1875 0.146875
1 0.40078125 0.109375 0.153125 0.103125
0 0.17421875 0.20859375 0.0578125 0.015625
4 0.5015625 0.0296875 0.15 0.059375
0 0.2421875 0.340625 0.08125 0.028125
3 0.33515625 0.40390625 0.103125 0.0875
4 0.35 0.0359375 0.121875 0.0171875
4 0.35625 0.05390625 0.1203125 0.0171875
1 0.87109375 0.409375 0.2578125 0.225
1 0.14765625 0.1046875 0.04375 0.01875
3 0.17734375 0.13125 0.046875 0.028125
1 0.159375 0.13671875 0.046875 0.025
0 0.1796875 0.175 0.053125 0.0140625
0 0.14375 0.16484375 0.04375 0.009375
0 0.1890625 0.11171875 0.05625 0.0125
0 0.14453125 0.0859375 0.046875 0.009375
0 0.34375 0.32734375 0.1234375 0.0265625
0 0.62109375 0.51171875 0.240625 0.05
0 0.51171875 0.56171875 0.1921875 0.05625
0 0.6265625 0.66640625 0.246875 0.0703125
5 0.4109375 0.62890625 0.234375 0.16875
2 0.1296875 0.34765625 0.05625 0.0546875
2 0.08671875 0.1984375 0.04375 0.040625
5 0.06875 0.1421875 0.05 0.0375
1 0.15625 0.4609375 0.0296875 0.01875
1 0.159375 0.50234375 0.028125 0.025