2 0.76171875 0.484375 0.190625 0.15625
3 0.5703125 0.21015625 0.1484375 0.153125
3 0.30625 0.775 0.275 0.209375
0 0.471875 0.14921875 0.2 0.078125
4 0.61015625 0.7203125 0.1578125 0.03125
3 0.7171875 0.690625 0.096875 0.075
3 0.73125 0.909375 0.0875 0.071875
5 0.89296875 0.6265625 0.096875 0.128125
1 0.5953125 0.8984375 0.1421875 0.096875
3 0.4609375 0.8296875 0.159375 0.146875
3 0.7546875 0.62578125 0.078125 0.0625
1 0.79375 0.8234375 0.0578125 0.04375
0 0.6265625 0.5734375 0.1 0.0390625
0 0.45546875 0.49609375 0.221875 0.05
0 0.49765625 0.43984375 0.2234375 0.0546875
4 0.6546875 0.9859375 0.1125 0.028125
0 0.775 0.77578125 0.078125 0.028125
1 0.6953125 0.58984375 0.1125 0.05625
3 0.72578125 0.825 0.090625 0.059375
0 0.778125 0.73359375 0.075 0.021875
3 0.80546875 0.946875 0.0546875 0.0421875
1 0.13671875 0.59140625 0.271875 0.209375
3 0.57109375 0.4328125 0.14375 0.13125
2 0.915625 0.78359375 0.0625 0.046875
0 0.79921875 0.68203125 0.0671875 0.021875
4 0.4984375 0.971875 0.1375 0.05625
3 0.81015625 0.8828125 0.059375 0.0421875
0 0.825 0.74921875 0.0625 0.015625
3 0.859375 0.8421875 0.040625 0.0296875
5 0.9078125 0.8828125 0.0765625 0.046875
5 0.859375 0.80390625 0.046875 0.0453125
1 0.80703125 0.79140625 0.0703125 0.021875
0 0.834375 0.734375 0.0359375 0.0140625
0 0.790625 0.853125 0.071875 0.015625
0 0.7859375 0.82734375 0.028125 0.01875
0 0.8296875 0.9125 0.0625 0.015625
3 0.86953125 0.92890625 0.0359375 0.021875
3 0.821875 0.8609375 0.05 0.0109375
3 0.7796875 0.22109375 0.05 0.065625