1 0.39765625 0.4046875 0.159375 0.0875
3 0.54453125 0.16796875 0.1765625 0.153125
3 0.33046875 0.10859375 0.109375 0.0875
3 0.7109375 0.22578125 0.290625 0.215625
4 0.5125 0.02421875 0.128125 0.0484375
2 0.6390625 0.73671875 0.721875 0.5265625
0 0.37578125 0.171875 0.121875 0.05
0 0.246875 0.27265625 0.0875 0.0328125
4 0.865625 0.0671875 0.115625 0.04375
0 0.23125 0.32109375 0.0875 0.03125
3 0.196875 0.15234375 0.0734375 0.04375
1 0.2125 0.2375 0.08125 0.0375
3 0.18671875 0.0875 0.065625 0.046875
3 0.17265625 0.18515625 0.0625 0.040625
1 0.16640625 0.5140625 0.04375 0.0390625
4 0.37421875 0.04609375 0.09375 0.025
4 0.26484375 0.01015625 0.021875 0.009375
4 0.27421875 0.0546875 0.0515625 0.021875