3 0.7828125 0.090625 0.3203125 0.18125
3 0.7234375 0.76015625 0.2875 0.2375
3 0.4 0.6609375 0.153125 0.103125
1 0.35546875 0.7640625 0.146875 0.084375
3 0.334375 0.86953125 0.1109375 0.09375
0 0.4734375 0.48203125 0.18125 0.0515625
3 0.33125 0.4828125 0.115625 0.09375
3 0.57578125 0.80625 0.2 0.171875
1 0.23125 0.79453125 0.090625 0.075
4 0.915625 0.9265625 0.1234375 0.0734375
1 0.20703125 0.834375 0.0875 0.0625
3 0.23984375 0.06171875 0.071875 0.121875
0 0.3171875 0.41015625 0.121875 0.04375
4 0.83671875 0.91484375 0.1328125 0.0703125
3 0.190625 0.9046875 0.065625 0.084375
0 0.478125 0.55390625 0.184375 0.0609375
4 0.50703125 0.9640625 0.1625 0.071875
4 0.35859375 0.93515625 0.1375 0.046875
5 0.15546875 0.7671875 0.053125 0.0609375
4 0.434375 0.9578125 0.1625 0.0640625
3 0.19921875 0.71484375 0.065625 0.059375
1 0.109375 0.7328125 0.0375 0.05625
0 0.22890625 0.72421875 0.078125 0.0421875
0 0.340625 0.5640625 0.1109375 0.0375
3 0.26015625 0.94296875 0.059375 0.1
0 0.23984375 0.70625 0.0796875 0.0421875
0 0.21015625 0.76171875 0.075 0.0265625
3 0.1609375 0.525 0.04375 0.0625
4 0.79140625 0.91875 0.0625 0.0515625
3 0.1359375 0.82578125 0.040625 0.05625
0 0.2984375 0.58984375 0.0953125 0.0390625
0 0.22890625 0.64296875 0.084375 0.040625
5 0.18203125 0.33515625 0.128125 0.14375
1 0.2296875 0.2 0.0953125 0.103125