3 0.73125 0.41171875 0.1484375 0.1671875
2 0.22890625 0.14921875 0.075 0.06953125
3 0.5796875 0.4046875 0.12578125 0.128125
0 0.428125 0.5 0.06875 0.1796875
0 0.5265625 0.44296875 0.05625 0.14453125
3 0.48828125 0.3125 0.06875 0.08125
0 0.528125 0.6515625 0.0734375 0.240625
3 0.3359375 0.278125 0.07265625 0.0703125
1 0.92734375 0.2609375 0.10390625 0.08671875
3 0.23046875 0.7 0.23203125 0.271875
1 0.59453125 0.20390625 0.078125 0.04609375
3 0.1875 0.54453125 0.15390625 0.1578125
0 0.1421875 0.2625 0.03984375 0.084375
4 0.06328125 0.8375 0.0734375 0.16484375
4 0.040625 0.49765625 0.06171875 0.13203125
0 0.17890625 0.278125 0.02578125 0.08671875
4 0.0515625 0.359375 0.0328125 0.1359375
0 0.21484375 0.2890625 0.03359375 0.09453125
0 0.41953125 0.41015625 0.0578125 0.08828125
3 0.3984375 0.33984375 0.1078125 0.13125
3 0.41328125 0.25078125 0.06875 0.05234375
3 0.26953125 0.24140625 0.04140625 0.09140625
4 0.08046875 0.2046875 0.02265625 0.08828125
0 0.12734375 0.19140625 0.02265625 0.0625
3 0.16953125 0.17265625 0.04609375 0.05078125
0 0.6796875 0.68203125 0.10390625 0.28125
4 0.25234375 0.79140625 0.08203125 0.2765625
5 0.48203125 0.16796875 0.0671875 0.075
5 0.1125 0.13984375 0.04765625 0.07734375
1 0.2375 0.25703125 0.04453125 0.0921875
5 0.10390625 0.075 0.04609375 0.05390625