3 0.72265625 0.2609375 0.278125 0.2109375
3 0.47421875 0.903125 0.20625 0.1390625
3 0.259375 0.4125 0.0796875 0.065625
3 0.571875 0.19609375 0.190625 0.153125
3 0.296875 0.4890625 0.140625 0.0875
0 0.3375 0.45078125 0.1015625 0.040625
3 0.33203125 0.128125 0.109375 0.078125
2 0.9234375 0.97421875 0.153125 0.0515625
0 0.30703125 0.27109375 0.1234375 0.0625
3 0.41796875 0.203125 0.140625 0.125
3 0.2140625 0.24765625 0.065625 0.05625
4 0.85390625 0.346875 0.1921875 0.128125
1 0.2046875 0.1546875 0.09375 0.053125
3 0.20859375 0.3234375 0.06875 0.0515625
5 0.1359375 0.93046875 0.2609375 0.1390625
1 0.1921875 0.575 0.053125 0.0421875
4 0.884375 0.07890625 0.23125 0.0984375
4 0.5515625 0.0671875 0.2625 0.05625
3 0.2203125 0.0640625 0.08125 0.059375
0 0.2375 0.19140625 0.0984375 0.0265625
0 0.17890625 0.2015625 0.0625 0.015625
0 0.1703125 0.10859375 0.075 0.01875
0 0.16328125 0.23515625 0.04375 0.025
3 0.1140625 0.1375 0.04375 0.028125
3 0.109375 0.1 0.0375 0.03125
5 0.11328125 0.18359375 0.0890625 0.06875
5 0.08671875 0.26484375 0.059375 0.053125
1 0.165625 0.5359375 0.040625 0.034375
1 0.14453125 0.46875 0.0390625 0.03125
3 0.14921875 0.44140625 0.021875 0.0375
5 0.4625 0.7125 0.4625 0.278125