3 0.853125 0.678125 0.29375 0.325
3 0.6953125 0.1796875 0.259375 0.2015625
3 0.54140625 0.12109375 0.184375 0.159375
3 0.50234375 0.5453125 0.203125 0.2
0 0.278125 0.26484375 0.103125 0.04375
0 0.81328125 0.9890625 0.26875 0.021875
1 0.353125 0.3421875 0.1734375 0.096875
5 0.26015625 0.584375 0.25625 0.15
4 0.328125 0.015625 0.1421875 0.03125
4 0.8453125 0.22109375 0.2609375 0.071875
4 0.87265625 0.0203125 0.19375 0.040625
3 0.17734375 0.0421875 0.0796875 0.040625
0 0.18125 0.0734375 0.078125 0.0125
0 0.2203125 0.0953125 0.090625 0.0203125
0 0.18515625 0.10859375 0.075 0.01875
0 0.26640625 0.14140625 0.10625 0.021875
0 0.25859375 0.16796875 0.109375 0.025
0 0.35 0.2203125 0.15 0.0375
0 0.2078125 0.17890625 0.084375 0.0171875
0 0.19609375 0.140625 0.05625 0.021875
0 0.16484375 0.1578125 0.06875 0.0125
0 0.15078125 0.1390625 0.05 0.015625
3 0.21796875 0.24375 0.0796875 0.0640625
3 0.175 0.265625 0.0625 0.059375
3 0.1828125 0.203125 0.0859375 0.0375
2 0.07734375 0.27421875 0.06875 0.05
2 0.065625 0.08203125 0.071875 0.0375
3 0.13515625 0.11640625 0.0359375 0.0265625
1 0.234375 0.0140625 0.065625 0.028125