1 0.6578125 0.265625 0.140625 0.0875
3 0.48828125 0.82421875 0.1953125 0.190625
3 0.61640625 0.5921875 0.1390625 0.1171875
1 0.0578125 0.721875 0.115625 0.334375
2 0.8578125 0.70078125 0.178125 0.228125
5 0.88125 0.4703125 0.096875 0.115625
3 0.27265625 0.23828125 0.2890625 0.1953125
0 0.4671875 0.565625 0.146875 0.06875
3 0.45390625 0.1671875 0.14375 0.146875
4 0.30703125 0.0953125 0.1890625 0.059375
3 0.7546875 0.39453125 0.0578125 0.06875
4 0.1015625 0.21171875 0.184375 0.084375
4 0.52265625 0.025 0.1984375 0.05
0 0.6828125 0.4 0.103125 0.0359375
0 0.7046875 0.36328125 0.0875 0.04375
1 0.834375 0.15234375 0.0734375 0.0359375
2 0.753125 0.23828125 0.240625 0.134375
0 0.81328125 0.096875 0.05625 0.034375
4 0.115625 0.05625 0.215625 0.1046875
0 0.5875 0.17421875 0.1 0.05
4 0.63203125 0.1890625 0.14375 0.0375
3 0.778125 0.3453125 0.071875 0.059375
3 0.67578125 0.11015625 0.1046875 0.06875
0 0.23203125 0.82890625 0.3625 0.134375
0 0.7296875 0.4953125 0.128125 0.0625
0 0.6578125 0.44375 0.1484375 0.0421875
4 0.67734375 0.1484375 0.0921875 0.025
0 0.68984375 0.18671875 0.0703125 0.040625
4 0.5640625 0.128125 0.065625 0.0390625
4 0.01640625 0.0984375 0.0328125 0.06875
3 0.70859375 0.03984375 0.1 0.05625
3 0.78828125 0.87578125 0.0671875 0.0640625
0 0.7828125 0.86015625 0.040625 0.0125
0 0.77578125 0.8734375 0.0375 0.01875
0 0.77109375 0.98515625 0.059375 0.0296875
0 0.77109375 0.96484375 0.04375 0.015625
0 0.75390625 0.93515625 0.028125 0.03125
0 0.76875 0.8453125 0.04375 0.01875
0 0.73515625 0.3078125 0.096875 0.03125
0 0.82734375 0.05859375 0.05625 0.025
5 0.84296875 0.08828125 0.05 0.034375