1 0.16328125 0.24453125 0.05078125 0.08046875
3 0.85703125 0.58359375 0.209375 0.225
3 0.90390625 0.46953125 0.184375 0.128125
3 0.184375 0.540625 0.15390625 0.146875
2 0.52734375 0.5015625 0.3515625 0.484375
4 0.24140625 0.8375 0.09140625 0.1703125
3 0.22734375 0.6921875 0.21640625 0.265625
3 0.140625 0.32421875 0.07421875 0.08359375
4 0.10390625 0.4984375 0.04609375 0.13984375
0 0.25234375 0.196875 0.015625 0.05625
3 0.18984375 0.18671875 0.0453125 0.04296875
4 0.12734375 0.41015625 0.040625 0.121875
4 0.0578125 0.4671875 0.0484375 0.18125
0 0.11015625 0.2015625 0.01796875 0.0609375
4 0.165625 0.421875 0.0265625 0.08984375
4 0.0765625 0.825 0.07890625 0.1984375
4 0.2 0.396875 0.0203125 0.06328125
4 0.07734375 0.340625 0.01796875 0.04140625
3 0.0671875 0.2265625 0.03046875 0.07421875
4 0.05625 0.1828125 0.0125 0.02265625
0 0.16953125 0.18671875 0.01015625 0.02734375
3 0.14609375 0.17109375 0.0359375 0.05234375
4 0.07734375 0.3015625 0.0125 0.015625
3 0.08671875 0.16640625 0.0171875 0.0421875
0 0.07265625 0.1515625 0.0109375 0.04140625
0 0.08828125 0.13046875 0.0078125 0.025
0 0.10078125 0.1390625 0.01015625 0.01640625
0 0.12734375 0.19140625 0.01171875 0.0578125
0 0.37890625 0.153125 0.01015625 0.01953125
0 0.7296875 0.22421875 0.0203125 0.03828125
0 0.975 0.265625 0.03359375 0.06875
0 0.7 0.5921875 0.0453125 0.2265625
1 0.9609375 0.69375 0.078125 0.34609375
3 0.87578125 0.2640625 0.0671875 0.03125
1 0.8859375 0.2453125 0.059375 0.0640625
1 0.33046875 0.14296875 0.01640625 0.0203125
3 0.171875 0.15625 0.01953125 0.02421875
1 0.1234375 0.13359375 0.0203125 0.0375
2 0.53125 0.2390625 0.2625 0.15703125
3 0.41875 0.159375 0.0421875 0.03125
3 0.81796875 0.23125 0.05625 0.059375