3 0.596875 0.478125 0.1375 0.1796875
1 0.8875 0.40234375 0.1 0.153125
3 0.7578125 0.2046875 0.05 0.075
1 0.58515625 0.8640625 0.215625 0.271875
0 0.60234375 0.3359375 0.0453125 0.1
3 0.81953125 0.54609375 0.1625 0.15
0 0.61953125 0.26875 0.0390625 0.0859375
0 0.29609375 0.76484375 0.09375 0.30625
3 0.93984375 0.17890625 0.0359375 0.078125
1 0.8390625 0.18046875 0.04375 0.059375
0 0.85234375 0.25 0.0359375 0.08125
3 0.76796875 0.69765625 0.20625 0.2265625
2 0.42265625 0.16484375 0.1109375 0.09375
0 0.8140625 0.29921875 0.0375 0.090625
4 0.834375 0.815625 0.1109375 0.221875
4 0.9640625 0.3359375 0.034375 0.109375
3 0.94921875 0.271875 0.0796875 0.09375
1 0.50390625 0.16484375 0.053125 0.040625
5 0.1234375 0.4640625 0.246875 0.596875
5 0.81640625 0.1078125 0.053125 0.06875
3 0.815625 0.2234375 0.046875 0.0625
0 0.91953125 0.1703125 0.0125 0.0640625
0 0.8796875 0.18046875 0.015625 0.0625
0 0.9234375 0.13046875 0.0109375 0.0375
3 0.90390625 0.12578125 0.021875 0.040625
3 0.88046875 0.15390625 0.0375 0.046875
5 0.9015625 0.0671875 0.046875 0.0625
3 0.88046875 0.109375 0.025 0.0328125
3 0.85546875 0.13046875 0.0234375 0.0375
3 0.80390625 0.16484375 0.03125 0.053125
4 0.9734375 0.51875 0.053125 0.125