3 0.83515625 0.72578125 0.209375 0.2953125
0 0.825 0.284375 0.0375 0.10625
1 0.1046875 0.525 0.209375 0.3625
0 0.425 0.34296875 0.0625 0.1359375
5 0.5421875 0.29921875 0.115625 0.2078125
0 0.315625 0.48125 0.08125 0.196875
3 0.89453125 0.5609375 0.159375 0.184375
2 0.84765625 0.1578125 0.140625 0.190625
0 0.3109375 0.41875 0.0703125 0.184375
3 0.74296875 0.26953125 0.0890625 0.140625
0 0.7390625 0.303125 0.0609375 0.1125
0 0.9890625 0.1375 0.01875 0.053125
3 0.45390625 0.51640625 0.1875 0.190625
5 0.95703125 0.07421875 0.0578125 0.0875
1 0.60625 0.38203125 0.1 0.178125
0 0.8578125 0.24921875 0.03125 0.0765625
4 0.9671875 0.38671875 0.0484375 0.190625
0 0.72734375 0.4328125 0.059375 0.1625
3 0.03984375 0.26640625 0.0796875 0.0640625
1 0.021875 0.20859375 0.04375 0.0375
4 0.9921875 0.88359375 0.015625 0.1625
3 0.959375 0.33515625 0.08125 0.140625
3 0.940625 0.14296875 0.046875 0.0734375
0 0.89921875 0.28984375 0.034375 0.125
3 0.65078125 0.3109375 0.084375 0.121875
0 0.4625 0.31953125 0.0375 0.1328125
1 0.184375 0.2125 0.059375 0.065625
0 0.53671875 0.7125 0.0765625 0.3328125