3 0.68984375 0.86015625 0.31640625 0.2796875
3 0.93203125 0.77890625 0.1359375 0.2953125
3 0.25 0.7 0.178125 0.26328125
3 0.1921875 0.571875 0.12578125 0.21640625
0 0.39296875 0.41953125 0.04453125 0.15078125
3 0.459375 0.3734375 0.08828125 0.11953125
3 0.525 0.321875 0.06953125 0.09921875
0 0.2671875 0.38671875 0.04296875 0.1296875
0 0.31328125 0.3640625 0.03515625 0.11328125
1 0.16796875 0.23203125 0.04296875 0.0875
1 0.20390625 0.253125 0.05078125 0.09375
0 0.2703125 0.2890625 0.03203125 0.046875
3 0.35078125 0.25390625 0.07109375 0.08671875
3 0.8296875 0.23515625 0.08515625 0.07421875
0 0.3515625 0.2921875 0.01953125 0.084375
3 0.3921875 0.25390625 0.0359375 0.08671875
4 0.0453125 0.36171875 0.028125 0.1375
4 0.06640625 0.28046875 0.05859375 0.0828125
3 0.103125 0.22578125 0.059375 0.06796875
3 0.14140625 0.16015625 0.03046875 0.0390625
4 0.2625 0.8453125 0.0453125 0.28671875
4 0.03671875 0.515625 0.0421875 0.125
1 0.115625 0.40234375 0.09921875 0.12421875
0 0.828125 0.53984375 0.0640625 0.20625
0 0.2625 0.23515625 0.021875 0.05
0 0.91875 0.246875 0.0359375 0.06953125
3 0.990625 0.2546875 0.01875 0.10390625