1 0.25625 0.29453125 0.1 0.0578125
1 0.77890625 0.60390625 0.384375 0.2109375
1 0.415625 0.12109375 0.1671875 0.1
0 0.24140625 0.16484375 0.075 0.021875
1 0.18671875 0.1890625 0.059375 0.034375
1 0.1640625 0.484375 0.034375 0.021875
5 0.20234375 0.40859375 0.1140625 0.0671875
1 0.13671875 0.3953125 0.01875 0.021875
1 0.153125 0.09921875 0.05 0.03125
3 0.8046875 0.95234375 0.325 0.0953125
3 0.58359375 0.86640625 0.2484375 0.24375
3 0.403125 0.70703125 0.16875 0.159375
3 0.3234375 0.553125 0.1484375 0.115625
3 0.3125 0.40390625 0.1203125 0.0890625
3 0.2875 0.453125 0.1 0.05
3 0.70546875 0.2421875 0.253125 0.184375
3 0.55234375 0.18125 0.1921875 0.165625
4 0.34296875 0.01484375 0.109375 0.0296875
4 0.325 0.03203125 0.125 0.015625
4 0.33828125 0.05078125 0.125 0.0203125
3 0.27109375 0.1015625 0.103125 0.0796875
3 0.1984375 0.1046875 0.040625 0.05
3 0.18359375 0.13984375 0.0578125 0.0359375
3 0.178125 0.0578125 0.0625 0.040625
3 0.23515625 0.2703125 0.0625 0.053125
3 0.18203125 0.2734375 0.040625 0.0375
3 0.209375 0.21953125 0.065625 0.0421875
2 0.16796875 0.59296875 0.1125 0.115625
2 0.11484375 0.31328125 0.06875 0.0546875
5 0.0671875 0.1625 0.05 0.0359375
2 0.1421875 0.215625 0.0796875 0.06875
5 0.11796875 0.12265625 0.0546875 0.034375
3 0.21640625 0.7578125 0.034375 0.0765625
0 0.2328125 0.90703125 0.05625 0.0296875
4 0.5015625 0.03515625 0.165625 0.05625