0 0.5765625 0.28828125 0.1640625 0.0671875
3 0.6578125 0.88828125 0.11875 0.09375
3 0.428125 0.83984375 0.18125 0.15625
3 0.7296875 0.67109375 0.0875 0.0625
3 0.26640625 0.778125 0.290625 0.209375
1 0.70546875 0.74296875 0.109375 0.06875
0 0.55546875 0.16953125 0.153125 0.078125
4 0.57109375 0.81484375 0.1140625 0.05
0 0.79609375 0.8921875 0.0796875 0.03125
2 0.0859375 0.05234375 0.171875 0.103125
0 0.603125 0.65703125 0.1828125 0.040625
0 0.50546875 0.4421875 0.165625 0.075
3 0.76796875 0.1234375 0.0734375 0.1015625
3 0.86484375 0.9078125 0.0375 0.021875
3 0.8390625 0.87421875 0.046875 0.0375
0 0.80390625 0.78828125 0.0625 0.021875
0 0.8046875 0.79765625 0.08125 0.040625
0 0.8 0.80703125 0.0625 0.028125
0 0.7734375 0.834375 0.078125 0.0296875
0 0.76875 0.82421875 0.084375 0.040625
3 0.7984375 0.94453125 0.109375 0.0640625
4 0.50234375 0.97265625 0.209375 0.03125
4 0.515625 0.9359375 0.21875 0.0359375
4 0.6578125 0.9921875 0.078125 0.0140625
4 0.6890625 0.98046875 0.05 0.0140625
3 0.784375 0.7265625 0.059375 0.05
0 0.596875 0.50078125 0.14375 0.0328125
0 0.6328125 0.61328125 0.1390625 0.034375
0 0.70546875 0.56953125 0.109375 0.021875
0 0.65234375 0.53125 0.13125 0.0328125
0 0.30390625 0.46640625 0.246875 0.0703125
4 0.16328125 0.41171875 0.3265625 0.0765625
4 0.05078125 0.5125 0.1015625 0.0625
4 0.18125 0.53671875 0.30625 0.04375
4 0.09296875 0.95859375 0.165625 0.071875
4 0.1609375 0.96328125 0.13125 0.0625
0 0.77578125 0.76328125 0.05 0.015625
0 0.83671875 0.92265625 0.059375 0.0125
3 0.809375 0.853125 0.0609375 0.0359375
1 0.84609375 0.828125 0.0375 0.028125
3 0.88125 0.93046875 0.0265625 0.0203125
0 0.8703125 0.95703125 0.034375 0.0125
3 0.89453125 0.9546875 0.025 0.0203125
0 0.87265625 0.94609375 0.040625 0.009375
0 0.8578125 0.85078125 0.034375 0.015625