3 0.16328125 0.7625 0.221875 0.290625
3 0.10078125 0.59375 0.15625 0.1859375
3 0.11015625 0.45 0.1328125 0.125
3 0.790625 0.5296875 0.228125 0.2375
0 0.340625 0.32890625 0.0671875 0.13125
1 0.48671875 0.31484375 0.1125 0.159375
3 0.81875 0.24453125 0.0859375 0.0703125
5 0.23203125 0.33359375 0.11875 0.290625
4 0.0171875 0.9078125 0.034375 0.18125
3 0.0421875 0.34765625 0.084375 0.090625
0 0.0703125 0.23359375 0.0234375 0.0890625
0 0.23671875 0.3859375 0.0375 0.14375
0 0.1984375 0.3921875 0.053125 0.14375
0 0.13359375 0.23203125 0.025 0.0796875
5 0.17890625 0.146875 0.115625 0.13125
3 0.09453125 0.20546875 0.046875 0.071875
5 0.06640625 0.15546875 0.04375 0.075
3 0.9234375 0.2765625 0.109375 0.1125
1 0.39296875 0.1765625 0.0453125 0.0515625
0 0.05546875 0.36171875 0.034375 0.0375
1 0.00703125 0.203125 0.0140625 0.059375
0 0.3 0.16015625 0.0078125 0.028125
0 0.01171875 0.1375 0.009375 0.0359375
0 0.0453125 0.196875 0.0125 0.0578125
0 0.80859375 0.2578125 0.025 0.0453125