3 0.7515625 0.68828125 0.184375 0.253125
2 0.5390625 0.1359375 0.0796875 0.084375
3 0.175 0.871875 0.35 0.25625
0 0.8296875 0.196875 0.025 0.075
3 0.81796875 0.5359375 0.15 0.1625
0 0.85703125 0.190625 0.025 0.0703125
3 0.94375 0.26015625 0.084375 0.08125
3 0.66171875 0.2125 0.034375 0.0625
1 0.8828125 0.390625 0.109375 0.1609375
0 0.39453125 0.37265625 0.053125 0.1390625
4 0.96015625 0.32890625 0.040625 0.11875
1 0.56953125 0.84609375 0.215625 0.221875
0 0.26171875 0.52578125 0.071875 0.2046875
0 0.7375 0.3625 0.0390625 0.140625
0 0.7015625 0.346875 0.034375 0.121875
1 0.778125 0.19609375 0.053125 0.071875
3 0.746875 0.2640625 0.078125 0.071875
3 0.696875 0.23203125 0.053125 0.0859375
5 0.7671875 0.109375 0.075 0.071875
3 0.7375 0.1796875 0.034375 0.0578125
3 0.9140625 0.18828125 0.0515625 0.0609375
5 0.87265625 0.07109375 0.046875 0.06875
1 0.153125 0.2015625 0.053125 0.0625
3 0.04375 0.2453125 0.0875 0.065625
1 0.41640625 0.159375 0.03125 0.053125
5 0.8265625 0.0578125 0.028125 0.05
0 0.88828125 0.15390625 0.0125 0.0546875
3 0.87421875 0.13828125 0.028125 0.0390625
3 0.60546875 0.659375 0.04375 0.1
4 0.83671875 0.81328125 0.05625 0.190625
4 0.965625 0.5 0.053125 0.125
1 0.27734375 0.19375 0.0515625 0.075
0 0.3140625 0.19609375 0.009375 0.0265625
1 0.590625 0.1328125 0.021875 0.0375
3 0.84453125 0.115625 0.0234375 0.040625
3 0.82578125 0.17265625 0.04375 0.065625
3 0.8203125 0.13125 0.028125 0.0265625
3 0.9171875 0.1140625 0.0203125 0.04375
3 0.8984375 0.1203125 0.0171875 0.04375