5 0.8765625 0.35078125 0.15 0.178125
1 0.60703125 0.89140625 0.165625 0.103125
0 0.7390625 0.72578125 0.096875 0.040625
3 0.7609375 0.903125 0.096875 0.084375
1 0.8390625 0.91484375 0.065625 0.0515625
3 0.32265625 0.76796875 0.265625 0.203125
3 0.846875 0.79140625 0.04375 0.0484375
3 0.471875 0.82734375 0.1640625 0.15
4 0.68203125 0.96015625 0.1171875 0.0359375
2 0.4609375 0.2875 0.4421875 0.5640625
4 0.1109375 0.8421875 0.14375 0.0890625
2 0.790625 0.06484375 0.25625 0.128125
4 0.50859375 0.971875 0.128125 0.05625
4 0.13984375 0.76015625 0.209375 0.06875
3 0.86640625 0.79140625 0.034375 0.046875
0 0.79453125 0.7109375 0.08125 0.028125
0 0.7890625 0.6640625 0.071875 0.03125
1 0.13046875 0.60078125 0.2609375 0.234375
5 0.725 0.56015625 0.196875 0.134375
2 0.9015625 0.58515625 0.078125 0.0703125
0 0.77421875 0.76484375 0.08125 0.021875
4 0.73515625 0.86484375 0.078125 0.025
1 0.8609375 0.49296875 0.053125 0.034375
2 0.96484375 0.86796875 0.0515625 0.0390625
0 0.8796875 0.846875 0.040625 0.01875
2 0.9453125 0.80625 0.0421875 0.0375
3 0.8609375 0.87578125 0.05 0.040625
0 0.74140625 0.65078125 0.0875 0.03125