3 0.64140625 0.44453125 0.1578125 0.140625
2 0.31953125 0.221875 0.15234375 0.23828125
1 0.76953125 0.6125 0.178125 0.27421875
3 0.1859375 0.5390625 0.1515625 0.14765625
2 0.91484375 0.49375 0.15859375 0.38671875
3 0.23125 0.69921875 0.21640625 0.26640625
0 0.43984375 0.45625 0.046875 0.15
4 0.0390625 0.5140625 0.06484375 0.1
0 0.3484375 0.440625 0.05 0.1484375
3 0.42890625 0.271875 0.05390625 0.065625
0 0.6671875 0.7390625 0.09609375 0.3046875
5 0.58125 0.26328125 0.125 0.20546875
3 0.2 0.19296875 0.040625 0.05234375
4 0.43515625 0.94921875 0.05625 0.10078125
0 0.3921875 0.3390625 0.034375 0.0984375
0 0.51640625 0.4546875 0.04765625 0.165625
3 0.146875 0.184375 0.02734375 0.05703125
5 0.1625 0.121875 0.065625 0.08046875
3 0.1296875 0.3359375 0.07265625 0.09921875
3 0.4671875 0.34765625 0.11328125 0.0859375
4 0.078125 0.8578125 0.059375 0.14765625
0 0.1140625 0.20078125 0.0140625 0.06171875
3 0.8765625 0.25859375 0.10234375 0.0765625
3 0.70703125 0.23046875 0.07265625 0.07578125
3 0.45234375 0.18515625 0.059375 0.046875
3 0.96640625 0.26796875 0.0640625 0.078125
3 0.7734375 0.2265625 0.06640625 0.0625
3 0.76171875 0.38203125 0.1234375 0.13046875
4 0.05 0.4125 0.02421875 0.1390625
4 0.0546875 0.3125 0.0296875 0.03984375
4 0.12265625 0.3890625 0.03046875 0.134375
3 0.23203125 0.18515625 0.025 0.0453125
0 0.12734375 0.18984375 0.0109375 0.053125
0 0.0875 0.2015625 0.015625 0.0578125