3 0.528125 0.39140625 0.1109375 0.140625
3 0.73125 0.4 0.153125 0.14375
3 0.2390625 0.68671875 0.19140625 0.2625
0 0.9734375 0.27734375 0.05 0.0609375
3 0.18125 0.54140625 0.14296875 0.159375
5 0.22578125 0.134375 0.06328125 0.1015625
1 0.196875 0.19375 0.04140625 0.04375
3 0.1515625 0.21875 0.04375 0.06875
0 0.63515625 0.47421875 0.0640625 0.15703125
4 0.07578125 0.83359375 0.103125 0.16171875
3 0.20546875 0.2546875 0.06171875 0.071875
5 0.28671875 0.3109375 0.10703125 0.23359375
1 0.0984375 0.16875 0.0296875 0.05859375
1 0.0984375 0.17265625 0.03203125 0.06328125
4 0.14296875 0.38203125 0.0296875 0.13203125
3 0.1328125 0.1734375 0.0390625 0.053125
4 0.05390625 0.33671875 0.02578125 0.09921875
4 0.040625 0.50390625 0.06875 0.14140625
0 0.3421875 0.434375 0.03828125 0.15234375
3 0.121875 0.34609375 0.08359375 0.12265625
0 0.38828125 0.3703125 0.04140625 0.134375
0 0.346875 0.33125 0.0328125 0.128125
0 0.4296875 0.4796875 0.0484375 0.17265625
0 0.49296875 0.44296875 0.04453125 0.1796875
0 0.44609375 0.34765625 0.03515625 0.1328125
3 0.3796875 0.30234375 0.0890625 0.12578125
5 0.40546875 0.19453125 0.13515625 0.1921875