1 0.11953125 0.196875 0.040625 0.04765625
3 0.24375 0.68984375 0.2 0.259375
3 0.18671875 0.54609375 0.13828125 0.16796875
3 0.2640625 0.2859375 0.0703125 0.0859375
3 0.125 0.346875 0.08359375 0.12421875
0 0.16484375 0.27109375 0.034375 0.08125
2 0.45859375 0.40078125 0.3078125 0.5015625
5 0.9359375 0.25859375 0.12578125 0.10078125
3 0.9203125 0.50234375 0.14765625 0.1671875
3 0.2203125 0.221875 0.05078125 0.0515625
3 0.21484375 0.178125 0.0375 0.0375
0 0.95859375 0.5875 0.0828125 0.19765625
0 0.09296875 0.22578125 0.01328125 0.059375
3 0.1640625 0.19921875 0.01484375 0.03984375
0 0.259375 0.2140625 0.02265625 0.04296875
1 0.81796875 0.790625 0.21875 0.41875
0 0.89453125 0.97265625 0.053125 0.0546875
2 0.70078125 0.3765625 0.17421875 0.33671875
0 0.628125 0.54296875 0.03046875 0.24453125
3 0.98359375 0.7796875 0.03203125 0.2203125
4 0.0671875 0.83125 0.0546875 0.13203125
4 0.25078125 0.89453125 0.04765625 0.0515625
4 0.0828125 0.61171875 0.02890625 0.2546875
4 0.02890625 0.4953125 0.0421875 0.0859375
4 0.05 0.41875 0.02578125 0.15078125
4 0.05546875 0.321875 0.01953125 0.06640625
0 0.134375 0.23671875 0.01875 0.06640625
0 0.221875 0.35078125 0.02265625 0.10546875
0 0.29609375 0.36328125 0.021875 0.1140625
0 0.2109375 0.27578125 0.02265625 0.04765625
3 0.1765625 0.14765625 0.03203125 0.05078125
1 0.14296875 0.1578125 0.01171875 0.04453125
2 0.09296875 0.14296875 0.0546875 0.0796875
0 0.06875 0.18125 0.01328125 0.0484375
1 0.80703125 0.23125 0.0546875 0.053125