3 0.63515625 0.765625 0.146875 0.1890625
3 0.54140625 0.8171875 0.15625 0.146875
3 0.62421875 0.14609375 0.25 0.25
1 0.24140625 0.8515625 0.0984375 0.059375
3 0.5109375 0.659375 0.1828125 0.178125
0 0.265625 0.0640625 0.0625 0.034375
1 0.325 0.4984375 0.121875 0.0703125
3 0.20078125 0.7640625 0.046875 0.040625
3 0.4359375 0.11953125 0.13125 0.2203125
1 0.1921875 0.42890625 0.04375 0.046875
4 0.3453125 0.95703125 0.128125 0.01875
3 0.17578125 0.80390625 0.053125 0.046875
3 0.45546875 0.45703125 0.153125 0.1125
0 0.38984375 0.4078125 0.1171875 0.0328125
3 0.6953125 0.75546875 0.2890625 0.1953125
3 0.2265625 0.2140625 0.0546875 0.0859375
0 0.20546875 0.7203125 0.0671875 0.015625
0 0.51484375 0.42890625 0.225 0.065625
0 0.24453125 0.77734375 0.084375 0.021875
0 0.22734375 0.30546875 0.05 0.021875
3 0.18359375 0.48671875 0.046875 0.0359375
0 0.790625 0.1984375 0.3359375 0.103125
0 0.53828125 0.5171875 0.190625 0.0484375
3 0.3140625 0.63515625 0.10625 0.084375
0 0.2703125 0.7546875 0.090625 0.01875
2 0.11015625 0.74921875 0.05625 0.046875
5 0.15234375 0.875 0.08125 0.046875
3 0.2828125 0.93984375 0.0859375 0.075
5 0.0890625 0.8734375 0.040625 0.05625
0 0.2328125 0.9171875 0.05625 0.015625
0 0.1546875 0.93046875 0.0375 0.0125
0 0.153125 0.91484375 0.040625 0.0109375
0 0.1296875 0.9125 0.01875 0.00625
0 0.15 0.90234375 0.046875 0.0109375
3 0.2046875 0.9390625 0.05 0.0234375
4 0.38671875 0.92578125 0.08125 0.0171875
4 0.28828125 0.9390625 0.0171875 0.0140625
4 0.51171875 0.96328125 0.10625 0.053125
4 0.8453125 0.92421875 0.1609375 0.05625
4 0.80625 0.73671875 0.2125 0.0578125