3 0.56015625 0.54765625 0.18359375 0.2046875
3 0.18359375 0.54140625 0.146875 0.16171875
3 0.22109375 0.28125 0.0734375 0.06875
3 0.23046875 0.69765625 0.228125 0.26640625
3 0.421875 0.31015625 0.0875 0.1046875
5 0.45546875 0.203125 0.128125 0.14296875
5 0.91796875 0.38828125 0.16015625 0.4390625
1 0.48046875 0.37734375 0.096875 0.1328125
1 0.9546875 0.80390625 0.07890625 0.37734375
0 0.65546875 0.459375 0.0703125 0.15234375
3 0.3375 0.38828125 0.10390625 0.125
4 0.0796875 0.8421875 0.0625 0.146875
3 0.134375 0.3375 0.0859375 0.11796875
0 0.14375 0.25078125 0.0296875 0.06953125
4 0.12734375 0.384375 0.034375 0.1203125
3 0.19453125 0.16328125 0.0484375 0.04609375
3 0.26484375 0.24765625 0.05625 0.0359375
4 0.03828125 0.509375 0.05859375 0.11171875
4 0.49140625 0.97265625 0.0640625 0.0546875
1 0.18984375 0.2265625 0.04453125 0.06328125
4 0.07265625 0.35703125 0.03203125 0.12734375
3 0.19453125 0.17734375 0.04765625 0.0359375
5 0.13515625 0.15703125 0.04765625 0.06640625
0 0.665625 0.37578125 0.0546875 0.075
3 0.3515625 0.240625 0.06640625 0.06171875
0 0.32265625 0.28203125 0.06484375 0.0625
3 0.7453125 0.234375 0.0734375 0.0890625
3 0.29921875 0.2109375 0.0421875 0.0421875
3 0.53828125 0.35390625 0.07109375 0.121875