3 0.79140625 0.6671875 0.278125 0.20625
3 0.94453125 0.47578125 0.109375 0.196875
3 0.20078125 0.72265625 0.2109375 0.284375
1 0.1953125 0.2671875 0.065625 0.1015625
3 0.1453125 0.5515625 0.153125 0.18125
3 0.70859375 0.49921875 0.20625 0.171875
1 0.55 0.37734375 0.109375 0.1859375
3 0.04296875 0.13984375 0.0484375 0.065625
3 0.396875 0.3296875 0.109375 0.15625
3 0.959375 0.634375 0.08125 0.215625
0 0.234375 0.31796875 0.0390625 0.0984375
0 0.10390625 0.18203125 0.01875 0.071875
0 0.415625 0.409375 0.0765625 0.1625
0 0.6109375 0.37109375 0.046875 0.14375
0 0.278125 0.315625 0.03125 0.1453125
0 0.30546875 0.3390625 0.034375 0.159375
3 0.3125 0.23671875 0.06875 0.065625
1 0.15 0.21875 0.05 0.0875
1 0.890625 0.84921875 0.21875 0.3015625
0 0.11171875 0.1625 0.0171875 0.053125
3 0.68671875 0.3546875 0.1140625 0.11875
0 0.0890625 0.18828125 0.0375 0.071875
3 0.94765625 0.2359375 0.103125 0.11875
0 0.08125 0.17109375 0.021875 0.059375
0 0.0875 0.37421875 0.05625 0.125
4 0.01171875 0.51640625 0.0234375 0.128125
4 0.034375 0.834375 0.06875 0.209375
4 0.37578125 0.96796875 0.0515625 0.0640625
0 0.62265625 0.340625 0.028125 0.1015625
5 0.16796875 0.08828125 0.09375 0.153125
2 0.0578125 0.06875 0.04375 0.075
4 0.009375 0.41875 0.01875 0.18125
4 0.0078125 0.3046875 0.015625 0.05625
5 0.62578125 0.14921875 0.071875 0.1109375