3 0.7890625 0.2796875 0.3375 0.290625
5 0.2703125 0.3390625 0.2421875 0.275
3 0.63203125 0.23046875 0.2578125 0.2546875
3 0.7171875 0.790625 0.271875 0.215625
3 0.4875 0.19609375 0.14375 0.221875
3 0.40390625 0.43203125 0.128125 0.11875
3 0.55234375 0.8375 0.165625 0.15625
2 0.2140625 0.8546875 0.165625 0.10625
2 0.23984375 0.73125 0.315625 0.1703125
0 0.51328125 0.0671875 0.221875 0.0796875
3 0.33515625 0.8984375 0.103125 0.0734375
3 0.471875 0.49453125 0.1765625 0.121875
0 0.19296875 0.9328125 0.075 0.015625
3 0.1328125 0.91875 0.0375 0.0375
0 0.390625 0.29453125 0.10625 0.059375
3 0.69765625 0.01484375 0.2359375 0.0296875
1 0.5796875 0.6234375 0.2546875 0.121875
4 0.8484375 0.78359375 0.18125 0.05625
4 0.83203125 0.934375 0.165625 0.0890625
3 0.23046875 0.62578125 0.075 0.046875
0 0.35859375 0.63046875 0.140625 0.03125
4 0.46953125 0.98203125 0.1875 0.0359375
4 0.43984375 0.88359375 0.06875 0.0734375
4 0.3859375 0.83671875 0.05625 0.021875
4 0.3515625 0.9515625 0.06875 0.0375
4 0.47109375 0.94921875 0.1703125 0.0203125
2 0.10859375 0.8703125 0.05625 0.071875
0 0.23828125 0.175 0.025 0.0171875
3 0.22421875 0.1625 0.075 0.053125
1 0.26484375 0.009375 0.0734375 0.01875