3 0.23984375 0.69375 0.19296875 0.26484375
3 0.18203125 0.5484375 0.14921875 0.1765625
3 0.21328125 0.21640625 0.0546875 0.0515625
1 0.1328125 0.1765625 0.034375 0.07265625
0 0.33359375 0.40625 0.05 0.1421875
0 0.2296875 0.24296875 0.03125 0.07421875
2 0.84765625 0.50703125 0.3046875 0.646875
5 0.40390625 0.1453125 0.0453125 0.04765625
4 0.0390625 0.50859375 0.06796875 0.13515625
3 0.16328125 0.1578125 0.040625 0.0484375
5 0.48125 0.16484375 0.04453125 0.0546875
4 0.11015625 0.359375 0.025 0.1375
3 0.125 0.340625 0.084375 0.1296875
3 0.225 0.18671875 0.0328125 0.0578125
4 0.06875 0.34609375 0.0671875 0.1859375
4 0.0796875 0.21171875 0.01640625 0.0671875
0 0.096875 0.1890625 0.0125 0.059375
0 0.084375 0.16484375 0.01171875 0.04765625
5 0.13671875 0.06796875 0.03671875 0.06171875
5 0.23359375 0.10859375 0.0546875 0.04765625
0 0.58046875 0.19609375 0.01875 0.04296875
0 0.73046875 0.21953125 0.01875 0.05234375
0 0.53515625 0.18828125 0.0125 0.04140625