0 0.64140625 0.46328125 0.07890625 0.178125
1 0.2234375 0.203125 0.04296875 0.0671875
0 0.296875 0.2609375 0.040625 0.071875
4 0.0703125 0.3671875 0.040625 0.13203125
3 0.128125 0.34140625 0.08046875 0.09140625
0 0.434375 0.28984375 0.04375 0.09375
5 0.85234375 0.19296875 0.25625 0.19375
5 0.4 0.1234375 0.11171875 0.1140625
0 0.2609375 0.2671875 0.03515625 0.07109375
4 0.3453125 0.58671875 0.06171875 0.23359375
4 0.0390625 0.50390625 0.06484375 0.12734375
3 0.18515625 0.54453125 0.14921875 0.16171875
2 0.1484375 0.1625 0.0859375 0.11640625
3 0.246875 0.6796875 0.18046875 0.23515625
2 0.58828125 0.1640625 0.10078125 0.075
2 0.09375 0.11875 0.040625 0.07734375
1 0.49140625 0.175 0.0296875 0.04453125