3 0.24296875 0.6875 0.1765625 0.240625
2 0.44609375 0.16015625 0.0765625 0.0796875
3 0.7984375 0.8703125 0.34296875 0.259375
0 0.16875 0.21796875 0.0234375 0.0703125
3 0.1796875 0.54140625 0.1421875 0.15625
0 0.1421875 0.2125 0.02421875 0.0671875
3 0.06015625 0.27890625 0.0796875 0.0765625
3 0.32890625 0.23359375 0.0328125 0.059375
1 0.11796875 0.403125 0.10546875 0.153125
0 0.5828125 0.3859375 0.0515625 0.1328125
4 0.04453125 0.34453125 0.0390625 0.1125
1 0.41640625 0.8375 0.20546875 0.2125
0 0.71015625 0.53203125 0.06875 0.1953125
0 0.25625 0.3765625 0.03671875 0.13359375
0 0.290625 0.36171875 0.0328125 0.11640625
1 0.2171875 0.2171875 0.05 0.06796875
3 0.24765625 0.2828125 0.075 0.0671875
3 0.2953125 0.2515625 0.05 0.08203125
5 0.228125 0.13515625 0.0703125 0.06875
3 0.25625 0.2015625 0.03359375 0.05546875
3 0.08828125 0.21015625 0.0484375 0.05859375
5 0.128125 0.0984375 0.04453125 0.06484375
1 0.8140625 0.22265625 0.05078125 0.059375
3 0.9203125 0.265625 0.0859375 0.0625
1 0.5625 0.1828125 0.0296875 0.05
5 0.17109375 0.0859375 0.02578125 0.04765625
0 0.1125 0.17734375 0.01171875 0.05234375
3 0.12578125 0.1625 0.02578125 0.0375
3 0.3828125 0.659375 0.040625 0.0953125
4 0.16171875 0.80625 0.053125 0.1828125
4 0.0390625 0.50703125 0.05078125 0.11875
1 0.6953125 0.215625 0.04921875 0.07109375
0 0.66015625 0.21796875 0.00859375 0.02578125
1 0.39609375 0.15703125 0.01953125 0.034375
3 0.1546875 0.140625 0.021875 0.0390625
3 0.171875 0.1953125 0.04140625 0.06171875
3 0.17734375 0.15546875 0.0265625 0.02578125
3 0.08515625 0.1390625 0.01875 0.0421875
3 0.103125 0.1453125 0.01640625 0.0421875