3 0.6875 0.23671875 0.259375 0.1953125
2 0.56171875 0.55078125 0.58125 0.4
5 0.19921875 0.95390625 0.240625 0.0921875
1 0.58125 0.809375 0.26875 0.121875
3 0.540625 0.16875 0.165625 0.146875
0 0.71171875 0.9578125 0.3046875 0.084375
0 0.38984375 0.11875 0.13125 0.05
1 0.23203125 0.19453125 0.103125 0.05625
3 0.5921875 0.95546875 0.2125 0.0890625
2 0.1265625 0.14921875 0.090625 0.06875
0 0.2734375 0.3359375 0.08125 0.0453125
0 0.1953125 0.1296875 0.0859375 0.0296875
3 0.22265625 0.828125 0.0765625 0.05
0 0.1703125 0.0875 0.071875 0.028125
0 0.284375 0.27734375 0.0859375 0.0390625
4 0.79453125 0.0484375 0.2546875 0.096875
0 0.22265625 0.30703125 0.078125 0.059375
0 0.1609375 0.1 0.0515625 0.01875
1 0.91015625 0.75234375 0.1796875 0.3078125
4 0.79921875 0.1546875 0.3078125 0.0515625
4 0.84609375 0.27890625 0.190625 0.0625
4 0.50546875 0.021875 0.11875 0.04375
4 0.396875 0.0328125 0.15625 0.03125
4 0.31796875 0.04609375 0.0703125 0.0375
0 0.3546875 0.33828125 0.140625 0.0328125
0 0.22421875 0.265625 0.059375 0.025
3 0.2078125 0.22578125 0.075 0.03125
0 0.15546875 0.190625 0.05 0.0125
0 0.17578125 0.23515625 0.0375 0.01875
4 0.2234375 0.84140625 0.05 0.0140625
3 0.22890625 0.9046875 0.06875 0.05