3 0.58671875 0.390625 0.13125 0.14140625
3 0.23203125 0.69609375 0.221875 0.2671875
3 0.4234375 0.403125 0.115625 0.15234375
0 0.71015625 0.8609375 0.1171875 0.278125
3 0.2078125 0.3109375 0.0828125 0.09453125
3 0.77265625 0.5203125 0.2140625 0.23828125
3 0.125 0.334375 0.0796875 0.08984375
3 0.34453125 0.33046875 0.08671875 0.09765625
0 0.28203125 0.31328125 0.04140625 0.10078125
3 0.32265625 0.2265625 0.0578125 0.06171875
3 0.18671875 0.54296875 0.15 0.1484375
0 0.525 0.32734375 0.03046875 0.10390625
4 0.07421875 0.78984375 0.06328125 0.1234375
3 0.17734375 0.21328125 0.05234375 0.05
0 0.13671875 0.39140625 0.04921875 0.12265625
3 0.97109375 0.27734375 0.0578125 0.1015625
4 0.03671875 0.5078125 0.0578125 0.12265625
4 0.45703125 0.93125 0.06015625 0.1265625
0 0.12109375 0.20703125 0.03125 0.06328125
3 0.15234375 0.175 0.03828125 0.0390625
5 0.20234375 0.1640625 0.0546875 0.075
4 0.01875 0.7625 0.03671875 0.21875
3 0.3546875 0.275 0.0546875 0.03359375
4 0.05234375 0.346875 0.028125 0.11953125
0 0.23125 0.3203125 0.03203125 0.125
0 0.4953125 0.49140625 0.03828125 0.18203125
0 0.5234375 0.65390625 0.06328125 0.2359375
3 0.78359375 0.23671875 0.06875 0.0671875
3 0.8359375 0.23203125 0.05234375 0.06640625
3 0.91484375 0.24296875 0.084375 0.06328125
1 0.6234375 0.19375 0.03046875 0.05234375
1 0.5578125 0.19140625 0.02109375 0.0453125
5 0.49921875 0.1703125 0.08828125 0.0875
5 0.44609375 0.153125 0.0203125 0.0671875
5 0.27578125 0.1890625 0.0390625 0.08203125
0 0.22109375 0.2359375 0.03984375 0.05859375
3 0.23125 0.215625 0.0265625 0.05625
0 0.1609375 0.23359375 0.01328125 0.07578125
0 0.115625 0.1609375 0.01015625 0.01875
0 0.08359375 0.13046875 0.02734375 0.03359375
1 0.096875 0.178125 0.025 0.06328125
0 0.10703125 0.140625 0.009375 0.028125
3 0.0765625 0.2015625 0.0328125 0.06484375
3 0.084375 0.290625 0.03984375 0.07109375
4 0.07890625 0.8375 0.0515625 0.10234375