3 0.290625 0.23125 0.2875 0.228125
5 0.75859375 0.528125 0.228125 0.23125
3 0.33671875 0.77734375 0.284375 0.290625
3 0.67578125 0.11171875 0.084375 0.0859375
3 0.6671875 0.39765625 0.096875 0.115625
0 0.43125 0.9640625 0.215625 0.071875
3 0.79140625 0.31171875 0.065625 0.053125
1 0.7765625 0.17890625 0.1 0.0671875
3 0.46953125 0.18671875 0.1359375 0.171875
3 0.59296875 0.17578125 0.1125 0.125
0 0.790625 0.24296875 0.0734375 0.021875
3 0.709375 0.3578125 0.084375 0.090625
0 0.54375 0.540625 0.196875 0.05
4 0.48828125 0.04453125 0.1671875 0.0390625
0 0.59609375 0.37578125 0.140625 0.0625
0 0.6609375 0.28828125 0.121875 0.0484375
0 0.6953125 0.24921875 0.1015625 0.0375
0 0.59609375 0.6765625 0.1734375 0.065625
4 0.6375 0.0078125 0.15625 0.015625
4 0.6125 0.03671875 0.109375 0.046875
0 0.85 0.08671875 0.059375 0.05
0 0.54921875 0.72421875 0.134375 0.065625
4 0.07734375 0.06171875 0.153125 0.05625
4 0.15859375 0.0609375 0.19375 0.059375
4 0.3515625 0.08828125 0.2921875 0.0609375
5 0.91875 0.271875 0.090625 0.0828125
3 0.75859375 0.96328125 0.109375 0.0734375
3 0.784375 0.86171875 0.0765625 0.06875
0 0.85 0.1328125 0.059375 0.021875
3 0.909375 0.05859375 0.04375 0.028125
5 0.965625 0.08671875 0.0375 0.028125
3 0.71015625 0.05234375 0.0734375 0.075
0 0.60234375 0.503125 0.159375 0.03125
0 0.815625 0.2140625 0.065625 0.015625
3 0.878125 0.1078125 0.0375 0.01875