3 0.25546875 0.21640625 0.28125 0.209375
1 0.7765625 0.115625 0.0921875 0.053125
3 0.42109375 0.1609375 0.1796875 0.15
0 0.70859375 0.2875 0.1015625 0.034375
0 0.68515625 0.346875 0.10625 0.0359375
0 0.7125 0.16171875 0.084375 0.0296875
0 0.721875 0.2171875 0.1 0.0359375
2 0.35234375 0.71484375 0.63125 0.56875
1 0.8421875 0.05859375 0.0546875 0.028125
2 0.76328125 0.3875 0.209375 0.1640625
0 0.74296875 0.2234375 0.078125 0.0375
3 0.775 0.2578125 0.08125 0.03125
4 0.6203125 0.03515625 0.1390625 0.0609375
0 0.690625 0.3203125 0.1078125 0.03125
3 0.79921875 0.2078125 0.04375 0.0390625
0 0.76953125 0.19375 0.0703125 0.025
4 0.13984375 0.04296875 0.2796875 0.084375
0 0.58125 0.10546875 0.1421875 0.04375
1 0.78671875 0.66875 0.040625 0.06875
3 0.6625 0.103125 0.071875 0.078125
3 0.73984375 0.95 0.08125 0.1
3 0.759375 0.84921875 0.059375 0.0625
3 0.6046875 0.4375 0.11875 0.0390625
4 0.45546875 0.01875 0.125 0.0375
4 0.10234375 0.28359375 0.190625 0.071875
0 0.77890625 0.07421875 0.071875 0.015625
0 0.80234375 0.1625 0.04375 0.0171875
0 0.7734375 0.2359375 0.0625 0.0125
0 0.78203125 0.28515625 0.0359375 0.015625
5 0.8515625 0.16640625 0.0640625 0.04375
3 0.85625 0.10859375 0.05625 0.065625