2 0.30234375 0.68984375 0.2703125 0.21875
0 0.44140625 0.47890625 0.16875 0.040625
3 0.3078125 0.4546875 0.0859375 0.103125
1 0.54296875 0.35078125 0.20625 0.2078125
3 0.7140625 0.76015625 0.2875 0.23125
2 0.8640625 0.2671875 0.271875 0.28125
3 0.553125 0.809375 0.1578125 0.15625
5 0.146875 0.75546875 0.0625 0.053125
3 0.209375 0.8140625 0.0625 0.040625
3 0.6 0.03828125 0.228125 0.0765625
1 0.23046875 0.25078125 0.040625 0.075
0 0.4484375 0.5328125 0.1734375 0.04375
3 0.47421875 0.20078125 0.1625 0.1796875
1 0.20859375 0.88515625 0.084375 0.05
3 0.2703125 0.5296875 0.08125 0.05625
4 0.9578125 0.4921875 0.084375 0.1140625
3 0.24140625 0.05078125 0.0796875 0.1015625
4 0.50390625 0.96484375 0.14375 0.06875
4 0.87890625 0.92109375 0.178125 0.065625
3 0.15546875 0.8578125 0.0390625 0.0375
3 0.41875 0.065625 0.175 0.13125
3 0.115625 0.8671875 0.025 0.0359375
1 0.19609375 0.2984375 0.05 0.040625
4 0.32109375 0.94296875 0.0671875 0.04375
5 0.1828125 0.41796875 0.0609375 0.08125
3 0.1578125 0.54375 0.053125 0.084375
3 0.1328125 0.8984375 0.034375 0.04375
0 0.3828125 0.3796875 0.1 0.10625
0 0.37265625 0.30546875 0.096875 0.0375
0 0.68203125 0.2640625 0.128125 0.0875
4 0.35390625 0.80234375 0.11875 0.0234375
4 0.3859375 0.7453125 0.1265625 0.0375
3 0.334375 0.871875 0.11875 0.0890625
0 0.35703125 0.87890625 0.128125 0.046875
3 0.25859375 0.92578125 0.0546875 0.053125
4 0.42421875 0.9453125 0.140625 0.028125
0 0.1921875 0.84296875 0.0640625 0.01875
3 0.16796875 0.81796875 0.025 0.028125
3 0.1609375 0.796875 0.04375 0.0296875
3 0.1359375 0.8328125 0.034375 0.021875
0 0.1375 0.915625 0.0484375 0.0109375
0 0.153125 0.8953125 0.025 0.0125
0 0.16484375 0.5 0.028125 0.0125
0 0.190625 0.36640625 0.0265625 0.0125
3 0.24296875 0.17265625 0.053125 0.06875
0 0.2359375 0.12109375 0.0625 0.025