1 0.740625 0.3203125 0.071875 0.1125
3 0.60234375 0.37109375 0.1109375 0.13125
3 0.653125 0.23671875 0.071875 0.0703125
0 0.446875 0.41640625 0.075 0.20625
0 0.81640625 0.27890625 0.03125 0.09375
3 0.85390625 0.2078125 0.0484375 0.059375
3 0.840625 0.5375 0.153125 0.146875
3 0.79375 0.71015625 0.2296875 0.2875
2 0.5265625 0.1484375 0.1109375 0.103125
3 0.88828125 0.42734375 0.11875 0.128125
0 0.85390625 0.3265625 0.028125 0.075
0 0.9296875 0.1625 0.0203125 0.059375
0 0.80078125 0.18984375 0.028125 0.0671875
4 0.95390625 0.340625 0.0421875 0.115625
4 0.98046875 0.4921875 0.0375 0.140625
3 0.62109375 0.2984375 0.0875 0.05
0 0.76796875 0.23359375 0.0484375 0.059375
3 0.83046875 0.15546875 0.0421875 0.040625
4 0.9609375 0.8609375 0.0765625 0.146875
1 0.10859375 0.21015625 0.0375 0.046875
4 0.97265625 0.3453125 0.025 0.11875
4 0.76328125 0.78671875 0.06875 0.215625
4 0.9609375 0.7203125 0.0421875 0.1515625
0 0.8890625 0.21015625 0.015625 0.0765625
1 0.88828125 0.15234375 0.021875 0.0328125
0 0.86875 0.1609375 0.0125 0.03125
3 0.90859375 0.1359375 0.025 0.0359375
3 0.928125 0.1109375 0.021875 0.021875
5 0.82578125 0.08671875 0.034375 0.0453125
3 0.778125 0.1109375 0.021875 0.028125
0 0.2953125 0.21484375 0.025 0.0578125
5 0.43671875 0.18203125 0.053125 0.0578125