1 0.65859375 0.44765625 0.15546875 0.246875
0 0.2671875 0.3171875 0.03828125 0.0890625
3 0.18203125 0.54609375 0.14921875 0.16953125
3 0.05859375 0.28515625 0.06953125 0.08125
5 0.1203125 0.10625 0.046875 0.0859375
0 0.16640625 0.21796875 0.01953125 0.0765625
2 0.62890625 0.19140625 0.13984375 0.10390625
3 0.446875 0.284375 0.08046875 0.08828125
1 0.1203125 0.41640625 0.103125 0.16328125
3 0.215625 0.7015625 0.184375 0.27265625
3 0.946875 0.26640625 0.096875 0.08515625
3 0.35546875 0.31640625 0.078125 0.071875
3 0.20078125 0.1921875 0.0359375 0.05390625
3 0.25703125 0.20234375 0.03671875 0.04609375
3 0.30546875 0.2640625 0.053125 0.0640625
1 0.359375 0.23125 0.04921875 0.0375
4 0.0390625 0.50546875 0.06875 0.146875
0 0.4484375 0.51015625 0.0515625 0.2046875
3 0.22421875 0.24765625 0.0625 0.084375
0 0.1171875 0.21953125 0.01796875 0.071875
0 0.3046875 0.428125 0.0515625 0.1515625
3 0.753125 0.4 0.09375 0.159375
0 0.74296875 0.75078125 0.09296875 0.33828125
0 0.48828125 0.43671875 0.0453125 0.1703125
0 0.2328125 0.1953125 0.0078125 0.0203125
1 0.14765625 0.1796875 0.0265625 0.04609375
0 0.13984375 0.2546875 0.01875 0.0796875
0 0.15234375 0.20625 0.0109375 0.0625
3 0.0953125 0.1921875 0.02890625 0.0734375
1 0.08203125 0.14296875 0.02265625 0.03046875
4 0.0453125 0.34375 0.021875 0.109375
4 0.03515625 0.2984375 0.0125 0.0515625
4 0.03984375 0.440625 0.053125 0.0734375
4 0.26796875 0.8046875 0.03984375 0.2265625
0 0.73203125 0.22109375 0.021875 0.05234375
0 0.525 0.18828125 0.009375 0.04296875
5 0.459375 0.15234375 0.084375 0.0765625
4 0.096875 0.28046875 0.01875 0.0765625