3 0.6796875 0.38203125 0.1453125 0.13515625
3 0.49375 0.37421875 0.1046875 0.13359375
3 0.23359375 0.696875 0.18125 0.26796875
3 0.18359375 0.54609375 0.140625 0.16640625
3 0.49296875 0.2875 0.06796875 0.0515625
1 0.115625 0.403125 0.1015625 0.15
0 0.16328125 0.24921875 0.02890625 0.071875
2 0.8671875 0.2265625 0.265625 0.16171875
3 0.39609375 0.33671875 0.0875 0.1140625
0 0.4484375 0.4515625 0.05546875 0.15234375
0 0.96015625 0.925 0.07890625 0.146875
3 0.25078125 0.2265625 0.05703125 0.07265625
0 0.91640625 0.765625 0.128125 0.259375
5 0.1328125 0.1109375 0.07265625 0.08671875
0 0.34453125 0.24609375 0.02109375 0.06015625
0 0.21171875 0.32734375 0.03671875 0.10625
3 0.29375 0.30234375 0.08125 0.09765625
0 0.50546875 0.6546875 0.06015625 0.24375
4 0.25703125 0.78984375 0.0671875 0.2671875
4 0.05 0.34375 0.03046875 0.11640625
2 0.5234375 0.16875 0.09609375 0.08515625
5 0.38359375 0.13984375 0.06328125 0.0640625
3 0.6296875 0.2109375 0.06328125 0.0390625
5 0.2453125 0.11796875 0.03515625 0.04765625
1 0.08359375 0.1296875 0.02734375 0.03671875
1 0.11640625 0.16640625 0.02890625 0.02890625
3 0.13203125 0.21953125 0.04765625 0.0734375
1 0.18359375 0.20859375 0.03125 0.05390625