3 0.4515625 0.17109375 0.178125 0.1453125
3 0.30390625 0.234375 0.278125 0.203125
3 0.5796875 0.1796875 0.13125 0.1234375
0 0.6203125 0.5703125 0.128125 0.0625
1 0.64921875 0.3625 0.1625 0.096875
3 0.5515625 0.64453125 0.1609375 0.1375
3 0.68046875 0.10546875 0.096875 0.08125
3 0.8 0.240625 0.05625 0.05
3 0.81171875 0.5765625 0.0546875 0.059375
0 0.665625 0.46875 0.1203125 0.04375
0 0.1609375 0.90625 0.321875 0.13125
5 0.62265625 0.9328125 0.3609375 0.134375
3 0.71640625 0.28984375 0.1125 0.084375
0 0.18515625 0.98359375 0.2625 0.0328125
4 0.42578125 0.06875 0.25625 0.059375
4 0.15546875 0.0578125 0.215625 0.0859375
4 0.5578125 0.09921875 0.13125 0.040625
0 0.7625 0.16328125 0.084375 0.021875
0 0.79375 0.1015625 0.0734375 0.0234375
0 0.83125 0.1140625 0.0515625 0.0171875
3 0.809375 0.1609375 0.053125 0.0484375
3 0.87421875 0.11328125 0.0359375 0.034375
5 0.91796875 0.103125 0.053125 0.0453125
5 0.92734375 0.1765625 0.078125 0.05
3 0.778125 0.83046875 0.0625 0.065625
1 0.7921875 0.678125 0.065625 0.05625