5 0.38359375 0.27109375 0.109375 0.1828125
3 0.2328125 0.6921875 0.2203125 0.27265625
3 0.58359375 0.46953125 0.1828125 0.209375
5 0.6109375 0.24140625 0.23203125 0.27578125
5 0.8671875 0.3953125 0.26484375 0.34375
0 0.2578125 0.2296875 0.040625 0.06484375
3 0.12421875 0.33125 0.08125 0.0859375
3 0.1796875 0.175 0.0453125 0.04140625
0 0.28984375 0.31875 0.0359375 0.1078125
1 0.1125 0.209375 0.05 0.07734375
3 0.1890625 0.421875 0.1328125 0.1078125
0 0.43203125 0.48671875 0.0625 0.1765625
4 0.06484375 0.9046875 0.06015625 0.18984375
0 0.1765625 0.221875 0.03359375 0.05625
3 0.1828125 0.54375 0.1453125 0.15703125
4 0.05078125 0.50390625 0.04296875 0.13046875
4 0.0859375 0.76328125 0.04609375 0.06953125
4 0.028125 0.403125 0.034375 0.13046875
3 0.10390625 0.12109375 0.03203125 0.034375
3 0.13515625 0.140625 0.02734375 0.040625
3 0.07734375 0.3015625 0.06328125 0.09296875
5 0.10390625 0.06484375 0.01953125 0.03515625