3 0.24375 0.6921875 0.19765625 0.26171875
3 0.12578125 0.34296875 0.0828125 0.0984375
0 0.25703125 0.265625 0.02421875 0.07265625
2 0.13046875 0.17265625 0.07578125 0.09921875
3 0.18046875 0.5453125 0.14765625 0.16796875
3 0.24921875 0.18671875 0.05078125 0.0640625
0 0.21328125 0.321875 0.03203125 0.11640625
3 0.32421875 0.29609375 0.07734375 0.09609375
3 0.921875 0.24140625 0.09453125 0.07578125
3 0.33125 0.2546875 0.06875 0.1046875
0 0.0828125 0.16328125 0.0171875 0.04375
3 0.2703125 0.2515625 0.04765625 0.05625
2 0.69609375 0.609375 0.6078125 0.78125
4 0.075 0.8359375 0.07109375 0.159375
4 0.19375 0.8484375 0.06171875 0.15234375
4 0.0609375 0.5265625 0.07421875 0.2265625
0 0.17109375 0.28359375 0.0265625 0.10078125
0 0.12734375 0.25625 0.0234375 0.06640625
1 0.175 0.24765625 0.04765625 0.10390625
1 0.228125 0.2921875 0.05703125 0.11796875
0 0.20703125 0.1984375 0.01640625 0.0625
3 0.215625 0.17421875 0.0328125 0.05078125
3 0.38515625 0.25390625 0.04921875 0.0765625
3 0.36015625 0.396875 0.05 0.125
4 0.05078125 0.32734375 0.02578125 0.08046875
4 0.05234375 0.36875 0.0234375 0.05390625
3 0.05859375 0.2671875 0.0734375 0.05546875
0 0.1125 0.2203125 0.01484375 0.05859375
0 0.17578125 0.1859375 0.0109375 0.0296875
3 0.17578125 0.17421875 0.02578125 0.0421875
3 0.18359375 0.15625 0.021875 0.03828125
3 0.2890625 0.21796875 0.025 0.046875
5 0.6578125 0.18046875 0.08125 0.09296875
4 0.36015625 0.953125 0.05546875 0.09375