2 0.65 0.409375 0.2703125 0.421875
3 0.80859375 0.725 0.2078125 0.2375
1 0.93515625 0.43515625 0.109375 0.165625
3 0.95859375 0.309375 0.0828125 0.084375
3 0.2734375 0.8984375 0.28125 0.203125
0 0.8265625 0.2953125 0.040625 0.1
3 0.86171875 0.58359375 0.16875 0.1703125
4 0.9921875 0.375 0.015625 0.121875
3 0.32265625 0.43125 0.159375 0.146875
2 0.35546875 0.2078125 0.146875 0.1
4 0.9875 0.546875 0.025 0.159375
3 0.0390625 0.2921875 0.078125 0.084375
0 0.91171875 0.203125 0.01875 0.059375
1 0.209375 0.25078125 0.096875 0.05625
3 0.4828125 0.42890625 0.0625 0.159375
3 0.49765625 0.33046875 0.0375 0.0625
4 0.81875 0.903125 0.0546875 0.19375
4 0.85625 0.4390625 0.0375 0.109375
0 0.8984375 0.18671875 0.0125 0.046875
0 0.85234375 0.19296875 0.0078125 0.0578125
0 0.84375 0.1875 0.0125 0.0578125
0 0.81171875 0.20390625 0.0125 0.065625
0 0.975 0.17578125 0.015625 0.059375
0 0.99296875 0.18359375 0.0140625 0.0453125
0 0.940625 0.18359375 0.0109375 0.05
0 0.92734375 0.17734375 0.0109375 0.05
3 0.95546875 0.1640625 0.01875 0.0375
3 0.91484375 0.1484375 0.015625 0.0296875
3 0.88515625 0.16640625 0.015625 0.04375
3 0.8625 0.18125 0.01875 0.04375
1 0.603125 0.89140625 0.253125 0.2171875