1 0.53828125 0.4578125 0.1796875 0.1015625
1 0.55625 0.88125 0.178125 0.1
1 0.6546875 0.7890625 0.146875 0.08125
0 0.4390625 0.39921875 0.18125 0.053125
0 0.603125 0.72734375 0.15625 0.046875
0 0.62265625 0.67734375 0.1375 0.040625
0 0.60390625 0.62109375 0.1375 0.0375
0 0.7 0.728125 0.0828125 0.028125
0 0.3921875 0.084375 0.2390625 0.0859375
4 0.1421875 0.81875 0.271875 0.0421875
4 0.62890625 0.9546875 0.125 0.0234375
4 0.4515625 0.965625 0.13125 0.0640625
5 0.80078125 0.6234375 0.1921875 0.1265625
3 0.70546875 0.93203125 0.0875 0.075
4 0.68203125 0.97265625 0.05625 0.0171875
3 0.16953125 0.2890625 0.3375 0.26875
3 0.24375 0.73984375 0.28125 0.1984375
3 0.3953125 0.79921875 0.1875 0.14375
3 0.64921875 0.5859375 0.109375 0.08125
3 0.67421875 0.5015625 0.09375 0.08125
3 0.72734375 0.02890625 0.1 0.05625
2 0.84296875 0.52109375 0.0953125 0.065625
5 0.8328125 0.828125 0.128125 0.0796875
5 0.87421875 0.796875 0.1015625 0.0625
3 0.72890625 0.8015625 0.065625 0.059375
3 0.815625 0.7546875 0.05625 0.046875
2 0.88671875 0.74296875 0.0546875 0.046875
2 0.8265625 0.4515625 0.1 0.071875
3 0.7625 0.75234375 0.05 0.053125
5 0.76171875 0.12265625 0.134375 0.1265625
5 0.8 0.32421875 0.0671875 0.075