0 0.5828125 0.59375 0.046875 0.26875
3 0.51171875 0.440625 0.1265625 0.146875
3 0.7578125 0.69609375 0.1984375 0.265625
1 0.6109375 0.353125 0.075 0.1375
1 0.10859375 0.2375 0.065625 0.065625
3 0.8171875 0.55078125 0.14375 0.165625
1 0.259375 0.459375 0.184375 0.309375
0 0.79921875 0.26953125 0.0328125 0.0875
3 0.71328125 0.25703125 0.065625 0.10625
0 0.72265625 0.2734375 0.0234375 0.0875
5 0.59140625 0.2765625 0.14375 0.1734375
2 0.79765625 0.1875 0.1109375 0.18125
0 0.428125 0.41953125 0.0546875 0.1546875
3 0.07421875 0.67109375 0.1484375 0.284375
5 0.8796875 0.10078125 0.046875 0.075
0 0.7109375 0.378125 0.053125 0.1328125
4 0.946875 0.396875 0.046875 0.11875
0 0.82265625 0.24140625 0.025 0.059375
4 0.96171875 0.47265625 0.065625 0.159375
0 0.4796875 0.31875 0.034375 0.1125
4 0.88125 0.38984375 0.0421875 0.16875
4 0.93359375 0.8375 0.071875 0.146875
3 0.88046875 0.34453125 0.09375 0.13125
0 0.859375 0.26015625 0.0296875 0.071875
3 0.8703125 0.153125 0.0359375 0.05
0 0.503125 0.3 0.028125 0.1109375
5 0.06640625 0.42734375 0.1328125 0.2265625