3 0.71953125 0.2078125 0.328125 0.25
3 0.57578125 0.153125 0.2296875 0.1875
3 0.34609375 0.5875 0.203125 0.1546875
0 0.25 0.3140625 0.11875 0.05
0 0.24140625 0.37890625 0.1265625 0.059375
0 0.21015625 0.2828125 0.1 0.0484375
1 0.30390625 0.175 0.153125 0.11875
0 0.38359375 0.09921875 0.16875 0.059375
3 0.17265625 0.2265625 0.071875 0.0546875
0 0.178125 0.17890625 0.0796875 0.034375
0 0.22734375 0.2046875 0.071875 0.0359375
0 0.178125 0.20390625 0.05625 0.028125
2 0.14453125 0.109375 0.125 0.078125
0 0.18359375 0.11484375 0.08125 0.025
3 0.14609375 0.14609375 0.0625 0.021875
1 0.1390625 0.0609375 0.0703125 0.0375
4 0.34921875 0.04296875 0.165625 0.0390625
4 0.834375 0.04453125 0.21875 0.075
4 0.8734375 0.03203125 0.15 0.0640625
4 0.81953125 0.01171875 0.253125 0.0234375
4 0.46640625 0.0078125 0.23125 0.015625
4 0.4625 0.015625 0.21875 0.03125
3 0.3203125 0.08828125 0.15625 0.0890625
3 0.2828125 0.0328125 0.10625 0.065625
3 0.24609375 0.01171875 0.090625 0.0234375
3 0.20390625 0.021875 0.0796875 0.04375
4 0.2140625 0.02578125 0.04375 0.0234375
4 0.19921875 0.01796875 0.003125 0.00625
0 0.1515625 0.028125 0.0515625 0.021875
0 0.1296875 0.03359375 0.065625 0.0125
3 0.15859375 0.00859375 0.025 0.0171875
0 0.0796875 0.04765625 0.0359375 0.0140625
0 0.0765625 0.03125 0.0296875 0.0125
0 0.8109375 0.65546875 0.378125 0.196875
4 0.84765625 0.446875 0.3046875 0.053125
4 0.82421875 0.35625 0.2375 0.13125
4 0.83515625 0.3796875 0.228125 0.128125
3 0.7625 0.91484375 0.475 0.1703125
5 0.14140625 0.7140625 0.159375 0.2875
3 0.2109375 0.94765625 0.13125 0.1046875
3 0.15390625 0.4828125 0.05625 0.065625
3 0.1796875 0.55390625 0.015625 0.021875
0 0.1359375 0.43671875 0.040625 0.0203125
3 0.1140625 0.33515625 0.0375 0.025
0 0.1234375 0.33203125 0.028125 0.015625
0 0.125 0.38125 0.015625 0.040625
0 0.125 0.39453125 0.0125 0.028125
3 0.11171875 0.296875 0.028125 0.0375
5 0.0796875 0.21640625 0.04375 0.03125
0 0.05859375 0.12578125 0.0296875 0.01875
0 0.0671875 0.1453125 0.028125 0.0171875
0 0.075 0.1640625 0.025 0.009375
0 0.0890625 0.2375 0.03125 0.00625
3 0.10546875 0.24765625 0.03125 0.021875
3 0.08515625 0.18203125 0.0234375 0.021875
3 0.09453125 0.20234375 0.01875 0.021875