3 0.21171875 0.709375 0.246875 0.296875
1 0.146875 0.2125 0.0640625 0.1
3 0.159375 0.53671875 0.1546875 0.165625
0 0.24765625 0.3265625 0.05 0.1375
1 0.2109375 0.209375 0.0703125 0.1015625
2 0.81484375 0.25859375 0.3703125 0.328125
2 0.71328125 0.66484375 0.5734375 0.6703125
4 0.359375 0.86796875 0.09375 0.24375
3 0.0984375 0.303125 0.090625 0.090625
0 0.3828125 0.2703125 0.053125 0.090625
0 0.2890625 0.25 0.04375 0.090625
4 0.01484375 0.48828125 0.0296875 0.1546875
3 0.36796875 0.1890625 0.0609375 0.034375
3 0.365625 0.234375 0.0734375 0.078125
3 0.11171875 0.11328125 0.04375 0.0515625
4 0.046875 0.85546875 0.084375 0.209375
0 0.45546875 0.28203125 0.05 0.128125
3 0.29375 0.15859375 0.05 0.0296875
4 0.046875 0.778125 0.046875 0.06875
4 0.2953125 0.8828125 0.0640625 0.234375
0 0.10625 0.3671875 0.05 0.140625
0 0.4234375 0.39765625 0.0375 0.15625
5 0.234375 0.125 0.053125 0.0859375
1 0.1625 0.1765625 0.0265625 0.0765625
3 0.18671875 0.13125 0.034375 0.06875
3 0.04921875 0.14921875 0.059375 0.0859375
0 0.0671875 0.175 0.0234375 0.071875
1 0.49453125 0.13203125 0.03125 0.0421875
1 0.534375 0.15390625 0.03125 0.0390625