0 0.4265625 0.4203125 0.1875 0.071875
3 0.70859375 0.1796875 0.2875 0.2125
2 0.52109375 0.73203125 0.546875 0.534375
3 0.55078125 0.11171875 0.19375 0.159375
1 0.36875 0.1390625 0.146875 0.09375
3 0.2515625 0.26953125 0.115625 0.08125
1 0.1421875 0.1328125 0.0875 0.05
3 0.171875 0.23515625 0.04375 0.05625
0 0.340625 0.42578125 0.06875 0.05625
3 0.1859375 0.175 0.0875 0.053125
1 0.175 0.6328125 0.0578125 0.0765625
3 0.321875 0.0515625 0.1125 0.078125
0 0.25234375 0.1921875 0.1140625 0.0359375
0 0.11875 0.03671875 0.075 0.01875
0 0.171875 0.02734375 0.0671875 0.028125
4 0.86171875 0.015625 0.165625 0.03125
3 0.18046875 0.08359375 0.075 0.0453125
3 0.2609375 0.4 0.1125 0.090625