3 0.60546875 0.39921875 0.1421875 0.1484375
3 0.86953125 0.525 0.2265625 0.19765625
3 0.23046875 0.69375 0.221875 0.275
3 0.12421875 0.33125 0.084375 0.08984375
1 0.44375 0.26640625 0.0859375 0.12265625
0 0.34453125 0.26484375 0.034375 0.0796875
0 0.1375 0.2171875 0.02734375 0.0515625
5 0.2734375 0.26484375 0.10234375 0.15546875
3 0.18203125 0.5453125 0.14375 0.1578125
3 0.1546875 0.178125 0.053125 0.0515625
4 0.078125 0.87890625 0.07109375 0.13828125
5 0.2328125 0.14765625 0.103125 0.11953125
1 0.13515625 0.14140625 0.03984375 0.05390625
0 0.24765625 0.32109375 0.053125 0.10546875
0 0.175 0.2078125 0.02421875 0.05
4 0.0859375 0.76953125 0.0453125 0.071875
0 0.1359375 0.33828125 0.01953125 0.04609375
1 0.08125 0.19453125 0.0390625 0.07578125
3 0.078125 0.29609375 0.05703125 0.0828125
4 0.04921875 0.47109375 0.06171875 0.20625