0 0.39609375 0.45234375 0.0625 0.16875
3 0.12109375 0.56953125 0.165625 0.203125
3 0.18984375 0.7125 0.20625 0.28125
0 0.3046875 0.40625 0.059375 0.15625
0 0.20390625 0.2859375 0.0453125 0.109375
1 0.05390625 0.409375 0.10625 0.178125
0 0.54765625 0.55546875 0.078125 0.2453125
3 0.09453125 0.14765625 0.0375 0.046875
3 0.571875 0.42734375 0.1703125 0.178125
0 0.31328125 0.2375 0.028125 0.071875
3 0.20625 0.21171875 0.05625 0.04375
1 0.0640625 0.2078125 0.053125 0.0859375
4 0.2203125 0.796875 0.0796875 0.29375
3 0.37421875 0.3 0.0921875 0.1171875
3 0.24921875 0.25625 0.078125 0.1140625
0 0.14765625 0.22890625 0.01875 0.0796875
5 0.14375 0.159375 0.046875 0.078125
5 0.06640625 0.06953125 0.053125 0.10625
1 0.01328125 0.13515625 0.0265625 0.06875