3 0.8734375 0.71015625 0.253125 0.29375
1 0.490625 0.33515625 0.10625 0.13984375
0 0.3328125 0.32109375 0.04140625 0.10625
3 0.18515625 0.5546875 0.13828125 0.16484375
1 0.24765625 0.309375 0.06171875 0.12265625
3 0.22890625 0.6921875 0.17890625 0.25703125
0 0.65859375 0.4484375 0.06953125 0.1640625
1 0.8734375 0.2609375 0.1125 0.0515625
0 0.590625 0.49296875 0.065625 0.17578125
1 0.115625 0.415625 0.1 0.1609375
4 0.040625 0.5125 0.0671875 0.1265625
1 0.178125 0.25703125 0.05703125 0.0953125
1 0.60703125 0.20078125 0.08515625 0.046875
1 0.97890625 0.27578125 0.0421875 0.0765625
0 0.08046875 0.21640625 0.01875 0.053125
3 0.05859375 0.2828125 0.0765625 0.075
3 0.134375 0.25234375 0.0390625 0.0734375
3 0.43671875 0.26640625 0.06015625 0.0734375
3 0.1671875 0.16875 0.03671875 0.04453125
0 0.678125 0.71015625 0.09921875 0.275
0 0.409375 0.3 0.0359375 0.09765625
0 0.22109375 0.1328125 0.04140625 0.0546875
0 0.10078125 0.11796875 0.0515625 0.04453125
4 0.0484375 0.35390625 0.021875 0.13125
0 0.53203125 0.69296875 0.07890625 0.26953125
0 0.4921875 0.48515625 0.0375 0.19140625
0 0.13125 0.1765625 0.01484375 0.05234375
3 0.10546875 0.19609375 0.03828125 0.05390625
1 0.24609375 0.2171875 0.05546875 0.03984375
3 0.221875 0.18671875 0.04765625 0.03828125
4 0.03359375 0.3 0.01171875 0.0578125
4 0.2578125 0.7921875 0.04765625 0.23203125