3 0.23828125 0.6859375 0.190625 0.2609375
0 0.50625 0.521875 0.07734375 0.1984375
3 0.184375 0.54296875 0.14609375 0.165625
0 0.25859375 0.35546875 0.05859375 0.134375
1 0.1546875 0.2515625 0.07265625 0.08671875
3 0.37734375 0.3703125 0.1 0.15078125
3 0.27578125 0.21328125 0.05625 0.05859375
0 0.1921875 0.18828125 0.01484375 0.0515625
3 0.12421875 0.33515625 0.09296875 0.09609375
0 0.13203125 0.40078125 0.04375 0.14609375
0 0.1390625 0.165625 0.00859375 0.04140625
3 0.1546875 0.14609375 0.02890625 0.03671875
0 0.134375 0.18203125 0.02734375 0.04375
4 0.47265625 0.92734375 0.1203125 0.1453125
4 0.07265625 0.74765625 0.08125 0.271875
4 0.05078125 0.47890625 0.0359375 0.1953125
4 0.06796875 0.43203125 0.02578125 0.1421875
3 0.3765625 0.28515625 0.06953125 0.075
3 0.3953125 0.25546875 0.04921875 0.0953125
0 0.21328125 0.178125 0.0125 0.0625
0 0.18671875 0.16171875 0.0125 0.0375
0 0.16015625 0.1609375 0.0125 0.0515625
2 0.09921875 0.13671875 0.04765625 0.0859375
0 0.0828125 0.1671875 0.01484375 0.0515625
0 0.5625 0.1921875 0.0109375 0.03125
0 0.60390625 0.2 0.0125 0.02421875
3 0.825 0.2328125 0.06484375 0.071875
1 0.9078125 0.24296875 0.05 0.05390625
0 0.9296875 0.27265625 0.0203125 0.06953125