4 0.7515625 0.8875 0.0875 0.225
0 0.68125 0.30859375 0.046875 0.096875
3 0.765625 0.70390625 0.2125 0.2765625
4 0.94296875 0.86953125 0.0875 0.2609375
3 0.91171875 0.240625 0.084375 0.0640625
4 0.82265625 0.409375 0.040625 0.1125
0 0.74140625 0.25078125 0.040625 0.071875
2 0.3390625 0.65390625 0.5203125 0.66875
0 0.83828125 0.2375 0.03125 0.075
4 0.878125 0.40546875 0.04375 0.125
0 0.79609375 0.23671875 0.03125 0.071875
3 0.8140625 0.5546875 0.16875 0.1625
4 0.9546875 0.475 0.053125 0.1953125
3 0.65078125 0.2703125 0.0734375 0.090625
0 0.86328125 0.19921875 0.021875 0.06875
5 0.5046875 0.13671875 0.14375 0.121875
4 0.884375 0.2 0.021875 0.0640625
2 0.04375 0.70546875 0.0875 0.5875
4 0.93125 0.465625 0.03125 0.196875
0 0.01640625 0.2859375 0.0328125 0.0828125
3 0.15703125 0.23359375 0.08125 0.06875
5 0.74765625 0.17421875 0.059375 0.103125
3 0.92109375 0.13046875 0.0375 0.046875
0 0.83046875 0.18125 0.015625 0.0453125
0 0.80859375 0.1765625 0.015625 0.04375
3 0.55625 0.28984375 0.0875 0.053125