2 0.32734375 0.259375 0.18828125 0.3109375
4 0.728125 0.30390625 0.30859375 0.31640625
3 0.5953125 0.51484375 0.18046875 0.1765625
2 0.18046875 0.215625 0.10859375 0.1765625
3 0.22578125 0.69140625 0.22890625 0.2609375
3 0.1328125 0.3390625 0.0734375 0.08984375
1 0.44140625 0.63515625 0.12421875 0.2640625
3 0.84140625 0.85546875 0.31640625 0.284375
3 0.88359375 0.678125 0.23203125 0.2140625
3 0.89765625 0.53671875 0.19609375 0.13359375
4 0.2328125 0.84765625 0.07421875 0.16640625
4 0.17578125 0.4296875 0.053125 0.0796875
3 0.43046875 0.24765625 0.0546875 0.06796875
3 0.184375 0.546875 0.1515625 0.15859375
4 0.075 0.83359375 0.09140625 0.19921875
4 0.0546875 0.4640625 0.0484375 0.18359375
4 0.025 0.4609375 0.04921875 0.1859375
4 0.1140625 0.45703125 0.04375 0.146875
3 0.94375 0.28046875 0.0875 0.1
4 0.05625 0.33203125 0.05 0.07578125
0 0.10625 0.21015625 0.01640625 0.0671875
3 0.0703125 0.2203125 0.02421875 0.065625
4 0.05703125 0.178125 0.0140625 0.0296875
0 0.0828125 0.17421875 0.01484375 0.04921875
3 0.1171875 0.14375 0.021875 0.0390625
0 0.4640625 0.40234375 0.08828125 0.18046875
0 0.5375 0.3140625 0.021875 0.10859375
1 0.45 0.16953125 0.02578125 0.02734375
1 0.5375 0.18359375 0.0359375 0.04453125
1 0.884375 0.2359375 0.0296875 0.04609375
0 0.828125 0.45078125 0.04296875 0.1109375
3 0.63046875 0.4109375 0.1203125 0.1390625