3 0.24296875 0.6921875 0.19375 0.26875
3 0.18828125 0.55625 0.15 0.178125
2 0.715625 0.5296875 0.56875 0.590625
0 0.1859375 0.22890625 0.03125 0.08125
5 0.10703125 0.11640625 0.034375 0.08125
0 0.9828125 0.64921875 0.034375 0.33125
1 0.34296875 0.31875 0.0703125 0.140625
0 0.4328125 0.3546875 0.05 0.11875
0 0.22578125 0.2078125 0.021875 0.059375
1 0.115625 0.409375 0.1015625 0.178125
0 0.2203125 0.21796875 0.025 0.08125
4 0.04296875 0.33515625 0.021875 0.1125
4 0.03125 0.4703125 0.0625 0.175
0 0.9546875 0.225 0.0328125 0.071875
1 0.4234375 0.86796875 0.2171875 0.2640625
3 0.290625 0.24921875 0.04375 0.1046875
4 0.14296875 0.296875 0.028125 0.053125
3 0.06484375 0.21484375 0.034375 0.078125
0 0.084375 0.17421875 0.0171875 0.05625
0 0.0734375 0.13125 0.0109375 0.0390625
3 0.24453125 0.1765625 0.028125 0.05625
3 0.04609375 0.259375 0.0515625 0.053125