5 0.646875 0.178125 0.49375 0.35625
5 0.97890625 0.909375 0.0421875 0.046875
4 0.69765625 0.96328125 0.1578125 0.0328125
1 0.6578125 0.8875 0.159375 0.109375
3 0.78515625 0.94375 0.0875 0.0765625
0 0.84453125 0.8859375 0.08125 0.0234375
5 0.89765625 0.89140625 0.065625 0.0359375
3 0.85390625 0.84296875 0.078125 0.059375
5 0.96484375 0.8203125 0.06875 0.059375
2 0.903125 0.33125 0.115625 0.1125
0 0.4875 0.49296875 0.228125 0.0609375
3 0.671875 0.67265625 0.16875 0.109375
0 0.77890625 0.66484375 0.0734375 0.025
0 0.79296875 0.840625 0.09375 0.025
0 0.675 0.38515625 0.153125 0.040625
0 0.3015625 0.06875 0.2875 0.0875
0 0.07421875 0.07421875 0.1484375 0.14375
3 0.87734375 0.77734375 0.084375 0.040625
0 0.84375 0.6734375 0.04375 0.01875
4 0.1875 0.85234375 0.375 0.0953125
4 0.1796875 0.69609375 0.2765625 0.05
4 0.52109375 0.978125 0.1640625 0.04375
3 0.3484375 0.7609375 0.2265625 0.19375
3 0.51953125 0.81171875 0.11875 0.159375
1 0.16015625 0.5671875 0.31875 0.2203125