0 0.7828125 0.41796875 0.0625 0.09375
3 0.253125 0.72890625 0.2140625 0.28125
3 0.79375 0.56484375 0.2125 0.228125
2 0.96953125 0.8859375 0.0609375 0.228125
3 0.14375 0.15078125 0.053125 0.05
5 0.8109375 0.1796875 0.1953125 0.1359375
3 0.45078125 0.34375 0.1078125 0.11875
0 0.12265625 0.184375 0.025 0.065625
3 0.98046875 0.234375 0.0390625 0.10625
1 0.29921875 0.2703125 0.05625 0.090625
0 0.64140625 0.38671875 0.103125 0.134375
2 0.5125 0.21328125 0.2234375 0.2625
4 0.05390625 0.46015625 0.078125 0.215625
3 0.128125 0.34296875 0.0828125 0.109375
3 0.19296875 0.57109375 0.165625 0.184375
1 0.23515625 0.3421875 0.09375 0.125
0 0.2890625 0.31328125 0.025 0.071875
0 0.45390625 0.6078125 0.08125 0.259375
0 0.678125 0.4453125 0.06875 0.1703125
4 0.34375 0.8921875 0.078125 0.18125
4 0.07734375 0.85546875 0.06875 0.16875
0 0.3375 0.3328125 0.0703125 0.128125
0 0.4875 0.396875 0.0328125 0.14375
0 0.5375 0.39609375 0.0359375 0.1515625
3 0.73515625 0.384375 0.065625 0.13125
5 0.20390625 0.19375 0.0890625 0.1609375
3 0.346875 0.23203125 0.065625 0.0734375
0 0.75078125 0.62734375 0.084375 0.25
4 0.35234375 0.60859375 0.05 0.1796875
0 0.27265625 0.19453125 0.021875 0.0609375
3 0.0734375 0.30546875 0.0703125 0.0921875