3 0.71875 0.24375 0.278125 0.21875
3 0.565625 0.17734375 0.175 0.1546875
2 0.62109375 0.66015625 0.6796875 0.4875
0 0.24921875 0.21171875 0.0625 0.021875
1 0.23515625 0.1796875 0.084375 0.04375
3 0.20234375 0.1265625 0.06875 0.053125
1 0.34375 0.23125 0.1359375 0.0859375
0 0.2875 0.30703125 0.10625 0.025
1 0.16171875 0.1328125 0.034375 0.03125
4 0.5171875 0.0828125 0.1875 0.0359375
2 0.58046875 0.89921875 0.7515625 0.2015625
3 0.096875 0.06640625 0.0328125 0.01875
4 0.42734375 0.196875 0.103125 0.046875
1 0.15703125 0.1890625 0.053125 0.034375
3 0.20546875 0.2421875 0.065625 0.025
3 0.1890625 0.6234375 0.046875 0.10625
4 0.86796875 0.259375 0.16875 0.0625
4 0.83828125 0.06328125 0.171875 0.06875
4 0.4203125 0.11796875 0.1625 0.0296875
4 0.440625 0.15234375 0.078125 0.03125
4 0.48359375 0.03984375 0.2109375 0.034375
4 0.33984375 0.05546875 0.0859375 0.059375
3 0.3328125 0.1265625 0.103125 0.075
3 0.23203125 0.059375 0.0875 0.03125
0 0.275 0.2828125 0.103125 0.021875
3 0.24140625 0.33359375 0.103125 0.03125
3 0.21015625 0.28359375 0.0375 0.0375
3 0.2046875 0.21640625 0.0453125 0.040625
0 0.17734375 0.16484375 0.0296875 0.015625
3 0.14140625 0.10234375 0.04375 0.028125
0 0.1375 0.0734375 0.046875 0.0140625
5 0.078125 0.08515625 0.034375 0.028125
5 0.1140625 0.15546875 0.0703125 0.034375
0 0.16484375 0.1546875 0.0328125 0.009375
0 0.13046875 0.12265625 0.0234375 0.0078125
1 0.09921875 0.22890625 0.028125 0.01875
1 0.109375 0.25703125 0.021875 0.0125
0 0.1109375 0.2703125 0.03125 0.00625
0 0.11875 0.2859375 0.0328125 0.0078125
5 0.115625 0.3125 0.0515625 0.0359375
5 0.1578125 0.453125 0.028125 0.0125
5 0.26953125 0.4984375 0.046875 0.028125
5 0.2109375 0.846875 0.053125 0.0875