3 0.234375 0.69296875 0.2203125 0.26171875
3 0.475 0.3828125 0.10703125 0.12421875
4 0.11484375 0.41640625 0.0296875 0.134375
3 0.13125 0.33828125 0.0765625 0.09921875
1 0.17421875 0.22265625 0.05234375 0.0734375
0 0.30859375 0.31015625 0.02890625 0.1078125
3 0.1859375 0.54375 0.14140625 0.159375
1 0.259375 0.26171875 0.0546875 0.08984375
3 0.09765625 0.20703125 0.04375 0.053125
3 0.40703125 0.278125 0.08984375 0.08984375
4 0.03828125 0.50703125 0.0640625 0.11875
3 0.43515625 0.63125 0.16953125 0.228125
1 0.1078125 0.14765625 0.028125 0.03828125
0 0.24609375 0.2859375 0.034375 0.0875
0 0.18671875 0.2890625 0.03125 0.07734375
0 0.21015625 0.265625 0.0234375 0.075
2 0.77734375 0.6 0.44453125 0.78984375
1 0.12578125 0.18671875 0.0453125 0.04453125
4 0.05390625 0.4125 0.03046875 0.1484375
4 0.07265625 0.37109375 0.02734375 0.13828125
0 0.6484375 0.83984375 0.12109375 0.303125
4 0.0765625 0.27890625 0.05078125 0.04765625
3 0.13203125 0.14296875 0.01640625 0.03515625
3 0.1078125 0.1203125 0.02265625 0.0140625
3 0.1640625 0.16015625 0.03125 0.0453125
0 0.16796875 0.1734375 0.00859375 0.0140625
3 0.21875 0.18671875 0.034375 0.04453125
0 0.3375 0.2625 0.0203125 0.0875
3 0.34140625 0.23046875 0.05703125 0.0828125
2 0.528125 0.18125 0.05 0.0640625
1 0.45 0.16484375 0.02265625 0.0515625
1 0.70546875 0.1234375 0.1984375 0.12265625
0 0.525 0.32890625 0.03359375 0.10625