3 0.69609375 0.221875 0.2671875 0.225
3 0.2203125 0.225 0.06875 0.0671875
4 0.40703125 0.17109375 0.10625 0.04375
3 0.275 0.38125 0.078125 0.078125
2 0.76328125 0.88046875 0.4734375 0.2390625
0 0.29375 0.24375 0.1046875 0.0390625
4 0.4078125 0.1171875 0.1375 0.046875
5 0.15390625 0.4984375 0.1109375 0.11875
3 0.2890625 0.5375 0.0453125 0.084375
0 0.24453125 0.275 0.0875 0.0375
3 0.5421875 0.1734375 0.159375 0.146875
3 0.23828125 0.0625 0.0671875 0.053125
3 0.32578125 0.1171875 0.0890625 0.0703125
0 0.36640625 0.33125 0.13125 0.053125
4 0.88359375 0.3359375 0.2328125 0.0703125
0 0.30546875 0.37109375 0.096875 0.0359375
4 0.45390625 0.06484375 0.178125 0.0359375
2 0.64453125 0.67734375 0.609375 0.5125
5 0.16171875 0.24375 0.096875 0.121875
2 0.45 0.93359375 0.403125 0.1328125
4 0.46328125 0.04296875 0.190625 0.05
4 0.86328125 0.053125 0.2734375 0.08125
0 0.334375 0.31796875 0.115625 0.04375
0 0.23203125 0.12734375 0.08125 0.03125
5 0.07734375 0.2078125 0.05625 0.05625
5 0.1421875 0.1125 0.1 0.040625
0 0.15390625 0.07421875 0.08125 0.03125
4 0.34140625 0.05859375 0.046875 0.03125
3 0.19375 0.625 0.040625 0.071875
0 0.20703125 0.71015625 0.0484375 0.1
3 0.22578125 0.81328125 0.0703125 0.0859375