3 0.28359375 0.25 0.059375 0.06015625
3 0.2390625 0.69140625 0.19140625 0.26328125
0 0.56796875 0.34765625 0.04921875 0.10703125
3 0.45078125 0.4546875 0.1453125 0.16953125
1 0.740625 0.64296875 0.17109375 0.31484375
3 0.24140625 0.2296875 0.0484375 0.040625
3 0.18515625 0.5453125 0.15078125 0.16875
3 0.23828125 0.20234375 0.046875 0.025
1 0.1734375 0.20078125 0.0390625 0.03671875
3 0.19609375 0.25859375 0.06171875 0.0625
5 0.8546875 0.32578125 0.28515625 0.37578125
1 0.39375 0.34453125 0.08125 0.1484375
1 0.38671875 0.26015625 0.05546875 0.03984375
3 0.290625 0.34453125 0.09609375 0.11796875
3 0.32265625 0.22890625 0.05390625 0.06328125
4 0.02265625 0.93515625 0.0453125 0.1140625
3 0.12578125 0.21328125 0.0484375 0.071875
3 0.17578125 0.15703125 0.04609375 0.05
3 0.27421875 0.1984375 0.03984375 0.0390625
0 0.12578125 0.23046875 0.02890625 0.06484375
3 0.175 0.17578125 0.04140625 0.0328125
0 0.515625 0.3734375 0.0390625 0.13671875
3 0.459375 0.3171875 0.0515625 0.090625
5 0.40625 0.18046875 0.1125 0.1546875
0 0.2796875 0.2546875 0.01953125 0.0546875
4 0.128125 0.390625 0.028125 0.1265625
4 0.05390625 0.41640625 0.02578125 0.15
4 0.0734375 0.35703125 0.02265625 0.121875
4 0.0421875 0.5203125 0.046875 0.1046875
4 0.04765625 0.30703125 0.01796875 0.0390625
4 0.06640625 0.8703125 0.07734375 0.259375
5 0.8796875 0.75234375 0.240625 0.4953125
0 0.21484375 0.17421875 0.0109375 0.04453125
0 0.090625 0.196875 0.0140625 0.06328125