3 0.48203125 0.5828125 0.1796875 0.178125
3 0.68671875 0.22421875 0.2671875 0.2
3 0.54140625 0.16796875 0.175 0.153125
1 0.33203125 0.203125 0.140625 0.075
5 0.34140625 0.85859375 0.365625 0.2828125
0 0.203125 0.23046875 0.0546875 0.034375
0 0.259375 0.24375 0.0734375 0.040625
1 0.20859375 0.16328125 0.075 0.040625
0 0.1296875 0.0828125 0.04375 0.028125
4 0.3609375 0.0359375 0.078125 0.034375
0 0.38359375 0.3640625 0.14375 0.046875
0 0.24453125 0.2984375 0.0703125 0.028125
0 0.37421875 0.42265625 0.146875 0.046875
4 0.82109375 0.06171875 0.18125 0.109375
4 0.484375 0.0265625 0.18125 0.053125
0 0.3890625 0.1203125 0.15625 0.05
3 0.334375 0.10703125 0.125 0.096875
3 0.35234375 0.29609375 0.1375 0.090625
0 0.1953125 0.0765625 0.071875 0.04375
0 0.19609375 0.11484375 0.071875 0.015625
0 0.21171875 0.13359375 0.084375 0.0171875
3 0.2765625 0.38046875 0.1125 0.084375
1 0.15546875 0.45625 0.0484375 0.01875
3 0.153125 0.171875 0.0625 0.0484375