2 0.43828125 0.14375 0.10546875 0.10859375
3 0.2296875 0.69296875 0.196875 0.2703125
1 0.121875 0.4125 0.09296875 0.15703125
0 0.21796875 0.28828125 0.0390625 0.0875
0 0.2921875 0.34296875 0.046875 0.12265625
1 0.153125 0.2203125 0.04765625 0.0671875
2 0.69140625 0.6234375 0.53046875 0.603125
3 0.18125 0.5421875 0.14296875 0.15390625
0 0.32734375 0.2609375 0.025 0.06640625
0 0.18671875 0.2421875 0.03671875 0.0796875
0 0.38046875 0.30859375 0.02421875 0.07734375
4 0.03984375 0.48828125 0.05859375 0.1625
0 0.39609375 0.365625 0.0390625 0.11328125
3 0.85 0.24921875 0.078125 0.0390625
3 0.22734375 0.225 0.0375 0.0578125
3 0.4078125 0.26953125 0.04609375 0.059375
1 0.15234375 0.17578125 0.04609375 0.034375
3 0.37109375 0.23203125 0.0578125 0.04296875
0 0.43046875 0.3171875 0.0296875 0.059375
0 0.35 0.309375 0.0328125 0.09609375
3 0.8828125 0.24609375 0.12890625 0.040625
3 0.98125 0.27109375 0.03671875 0.10390625
1 0.75859375 0.21875 0.0296875 0.03984375
0 0.11484375 0.16796875 0.0234375 0.0546875
1 0.39765625 0.86328125 0.20078125 0.27265625
3 0.2828125 0.2359375 0.05625 0.06875
2 0.12265625 0.0671875 0.0234375 0.03359375
3 0.134375 0.14140625 0.03125 0.03203125
0 0.0765625 0.17578125 0.0171875 0.0515625
3 0.08984375 0.146875 0.02890625 0.03828125
0 0.22578125 0.18359375 0.02421875 0.034375
4 0.05 0.3515625 0.02890625 0.11484375
3 0.046875 0.2703125 0.06484375 0.08359375