3 0.61953125 0.16015625 0.3015625 0.2234375
3 0.55546875 0.84921875 0.265625 0.175
3 0.253125 0.7609375 0.10625 0.0890625
4 0.3453125 0.9734375 0.1234375 0.05
3 0.31328125 0.9640625 0.134375 0.071875
4 0.80078125 0.959375 0.2421875 0.08125
4 0.7984375 0.76640625 0.2515625 0.084375
0 0.540625 0.45546875 0.2484375 0.0875
3 0.45859375 0.48203125 0.225 0.1453125
4 0.52109375 0.98046875 0.184375 0.0390625
3 0.42421875 0.18828125 0.165625 0.196875
0 0.4296875 0.184375 0.1109375 0.071875
0 0.47265625 0.09609375 0.109375 0.04375
1 0.31015625 0.87265625 0.14375 0.0796875
0 0.240625 0.8515625 0.071875 0.0421875
1 0.17265625 0.8859375 0.0703125 0.0328125
0 0.19609375 0.871875 0.059375 0.028125
0 0.1953125 0.84296875 0.0765625 0.034375
3 0.20390625 0.96640625 0.078125 0.053125
3 0.1796875 0.9484375 0.06875 0.0421875
5 0.1921875 0.63125 0.1734375 0.146875
3 0.1859375 0.778125 0.084375 0.05625
5 0.10234375 0.90078125 0.096875 0.059375
3 0.159375 0.8515625 0.059375 0.034375
3 0.27734375 0.60625 0.096875 0.08125
1 0.3140625 0.47578125 0.121875 0.096875
1 0.35546875 0.5703125 0.15 0.0875
0 0.11640625 0.95 0.0484375 0.021875
1 0.2203125 0.22578125 0.08125 0.0484375
1 0.2171875 0.28515625 0.053125 0.046875
1 0.1859375 0.42265625 0.0671875 0.046875
3 0.16875 0.5078125 0.05625 0.03125
3 0.1453125 0.58046875 0.028125 0.0515625
1 0.2421875 0.0265625 0.078125 0.053125
0 0.18359375 0.46328125 0.040625 0.0234375
0 0.19921875 0.3546875 0.05 0.0328125
0 0.1953125 0.31875 0.0484375 0.021875
5 0.45 0.64765625 0.24375 0.125