3 0.28828125 0.0171875 0.0796875 0.034375
3 0.59296875 0.4109375 0.203125 0.1796875
3 0.55703125 0.13671875 0.15 0.178125
3 0.7234375 0.19140625 0.26875 0.1890625
0 0.41015625 0.275 0.15 0.04375
3 0.28671875 0.2671875 0.0890625 0.075
3 0.3140625 0.14609375 0.1078125 0.078125
3 0.47109375 0.6390625 0.146875 0.1328125
3 0.35859375 0.61875 0.121875 0.1421875
3 0.23984375 0.21875 0.0703125 0.053125
0 0.39375 0.5078125 0.1484375 0.05
0 0.37421875 0.32421875 0.128125 0.0375
0 0.3890625 0.3796875 0.1515625 0.04375
0 0.603125 0.6625 0.225 0.0734375
3 0.196875 0.1625 0.0828125 0.046875
1 0.40546875 0.06171875 0.1390625 0.096875
1 0.16796875 0.04296875 0.1 0.0375
4 0.859375 0.20390625 0.28125 0.0375
5 0.39296875 0.94296875 0.515625 0.1140625
1 0.29765625 0.40625 0.1875 0.103125