3 0.17578125 0.784375 0.053125 0.0375
1 0.18828125 0.86640625 0.0765625 0.034375
3 0.68984375 0.759375 0.259375 0.19375
3 0.54375 0.81875 0.159375 0.146875
0 0.23984375 0.75078125 0.065625 0.03125
3 0.2828125 0.68203125 0.0796875 0.0640625
1 0.62890625 0.55625 0.284375 0.1453125
3 0.20234375 0.72265625 0.053125 0.046875
2 0.4234375 0.290625 0.6109375 0.49375
3 0.31796875 0.5953125 0.0953125 0.0828125
3 0.434375 0.69375 0.1546875 0.103125
1 0.221875 0.80625 0.090625 0.0421875
4 0.29765625 0.934375 0.0875 0.0546875
0 0.128125 0.8875 0.040625 0.0265625
0 0.75 0.38203125 0.2671875 0.109375
0 0.2359375 0.86875 0.08125 0.0125
0 0.18984375 0.8359375 0.0453125 0.01875
3 0.2671875 0.0359375 0.084375 0.071875
4 0.5140625 0.9625 0.1375 0.06875
0 0.2328125 0.84453125 0.071875 0.028125
4 0.42265625 0.87109375 0.165625 0.040625
3 0.33671875 0.87109375 0.1109375 0.0875
0 0.84375 0.23828125 0.2984375 0.13125
0 0.44296875 0.6015625 0.04375 0.046875
0 0.36640625 0.565625 0.128125 0.0375
0 0.22109375 0.6828125 0.0265625 0.015625
3 0.1796875 0.91875 0.05625 0.0390625
3 0.1453125 0.8421875 0.028125 0.025
4 0.96796875 0.68828125 0.059375 0.0515625
3 0.60625 0.02421875 0.296875 0.0484375