3 0.81484375 0.90859375 0.36953125 0.18125
3 0.43515625 0.36640625 0.0953125 0.1234375
5 0.91328125 0.23046875 0.17265625 0.17890625
5 0.7359375 0.40546875 0.21171875 0.26640625
3 0.1796875 0.5453125 0.14375 0.159375
1 0.12890625 0.20625 0.03984375 0.07265625
3 0.22109375 0.68828125 0.18671875 0.25703125
3 0.26171875 0.21640625 0.046875 0.06484375
3 0.31328125 0.28203125 0.07265625 0.0828125
0 0.38984375 0.30546875 0.02890625 0.08984375
3 0.35078125 0.24296875 0.04453125 0.06015625
3 0.2875 0.41484375 0.1125 0.14609375
1 0.11796875 0.4140625 0.10625 0.16328125
0 0.73515625 0.62734375 0.084375 0.23671875
0 0.5515625 0.58359375 0.0953125 0.22734375
4 0.040625 0.51171875 0.06640625 0.1265625
1 0.11796875 0.11015625 0.02890625 0.0609375
3 0.96328125 0.559375 0.06328125 0.18671875
0 0.165625 0.2703125 0.03359375 0.07578125
0 0.2 0.26171875 0.02109375 0.0890625
1 0.15859375 0.21484375 0.034375 0.0703125
2 0.484375 0.16328125 0.07890625 0.06015625
1 0.19140625 0.18046875 0.040625 0.06328125
4 0.0359375 0.3484375 0.0578125 0.1421875
4 0.2609375 0.79609375 0.05390625 0.2421875
0 0.24765625 0.2703125 0.01953125 0.08125
0 0.22265625 0.23984375 0.01875 0.071875
0 0.2328125 0.2328125 0.01328125 0.0671875
0 0.20546875 0.2046875 0.01484375 0.04921875
3 0.29609375 0.20625 0.0234375 0.04296875