3 0.578125 0.29453125 0.2171875 0.2078125
0 0.47734375 0.190625 0.128125 0.075
1 0.40390625 0.55234375 0.16875 0.1
3 0.7015625 0.76015625 0.271875 0.196875
3 0.57109375 0.81484375 0.20625 0.16875
4 0.78203125 0.7171875 0.275 0.10625
5 0.24609375 0.565625 0.10625 0.1
0 0.21796875 0.878125 0.075 0.0203125
0 0.18515625 0.8515625 0.0515625 0.01875
4 0.3453125 0.94921875 0.13125 0.0359375
0 0.29921875 0.75390625 0.103125 0.0375
0 0.303125 0.64921875 0.1 0.0359375
0 0.2171875 0.82578125 0.0609375 0.0296875
3 0.6390625 0.028125 0.2734375 0.05625
0 0.43125 0.4171875 0.190625 0.0703125
0 0.23203125 0.7765625 0.06875 0.0375
5 0.2171875 0.6890625 0.096875 0.0625
2 0.134375 0.52890625 0.1125 0.128125
4 0.81171875 0.94453125 0.21875 0.10625
4 0.49140625 0.96640625 0.165625 0.059375
3 0.3109375 0.81796875 0.1375 0.0796875
3 0.28828125 0.94140625 0.115625 0.084375
3 0.15390625 0.81953125 0.0484375 0.0375
3 0.1390625 0.86171875 0.0484375 0.03125
3 0.0984375 0.9296875 0.0421875 0.0265625
0 0.16796875 0.91796875 0.053125 0.015625
5 0.10625 0.6640625 0.1140625 0.08125
3 0.26875 0.034375 0.08125 0.03125
3 0.2203125 0.27421875 0.053125 0.0625
0 0.25703125 0.0890625 0.0546875 0.0203125