3 0.3046875 0.75 0.26875 0.209375
2 0.47109375 0.4109375 0.55625 0.421875
3 0.453125 0.81171875 0.16875 0.1484375
0 0.340625 0.16171875 0.25625 0.075
0 0.7921875 0.8609375 0.08125 0.0390625
3 0.73359375 0.05078125 0.0734375 0.1015625
0 0.17890625 0.0734375 0.328125 0.1125
1 0.728125 0.79609375 0.103125 0.0640625
2 0.67109375 0.26640625 0.328125 0.3625
4 0.11796875 0.7328125 0.234375 0.090625
4 0.15390625 0.9203125 0.2796875 0.0875
4 0.53671875 0.94609375 0.184375 0.04375
4 0.53203125 0.88359375 0.11875 0.046875
4 0.56796875 0.82109375 0.08125 0.034375
3 0.6734375 0.865625 0.1109375 0.078125
0 0.784375 0.6828125 0.084375 0.03125
3 0.809375 0.7640625 0.0671875 0.040625
3 0.81328125 0.81171875 0.06875 0.05
3 0.82421875 0.8875 0.0484375 0.034375
1 0.86484375 0.8484375 0.046875 0.0296875
5 0.85625 0.559375 0.071875 0.0515625