2 0.840625 0.70859375 0.31875 0.5828125
3 0.46328125 0.3515625 0.10625 0.128125
2 0.5390625 0.14609375 0.13125 0.1125
5 0.27265625 0.08828125 0.06875 0.090625
3 0.09453125 0.125 0.034375 0.040625
5 0.13359375 0.09609375 0.0328125 0.05
5 0.2796875 0.23671875 0.08125 0.14375
1 0.19921875 0.2859375 0.0671875 0.1375
1 0.3984375 0.81875 0.23125 0.190625
1 0.08359375 0.41640625 0.1 0.19375
1 0.7421875 0.19296875 0.04375 0.0484375
1 0.05859375 0.128125 0.034375 0.0484375
3 0.07421875 0.26015625 0.06875 0.115625
3 0.0953125 0.18203125 0.05 0.06875
3 0.1546875 0.14921875 0.040625 0.0625
3 0.16015625 0.15078125 0.003125 0.003125
3 0.7375 0.41953125 0.165625 0.1671875
0 0.59921875 0.33515625 0.0390625 0.1296875
0 0.49453125 0.47578125 0.053125 0.18125
3 0.153125 0.5453125 0.15625 0.221875
3 0.21015625 0.6890625 0.1890625 0.309375
3 0.64296875 0.1921875 0.059375 0.03125
4 0.18671875 0.89296875 0.0390625 0.0625
4 0.01640625 0.4703125 0.0328125 0.1828125
4 0.021875 0.33125 0.0265625 0.115625
4 0.121875 0.26953125 0.0265625 0.103125