3 0.5421875 0.75078125 0.23125 0.2203125
3 0.5609375 0.1359375 0.175 0.1546875
2 0.1859375 0.25234375 0.14375 0.109375
3 0.690625 0.2078125 0.2109375 0.1984375
3 0.26171875 0.3578125 0.090625 0.071875
3 0.36875 0.125 0.134375 0.115625
3 0.23984375 0.07265625 0.0703125 0.075
0 0.240625 0.90703125 0.071875 0.0359375
3 0.17890625 0.1203125 0.0625 0.046875
0 0.25078125 0.25546875 0.109375 0.040625
0 0.2671875 0.3 0.084375 0.0328125
3 0.8703125 0.7015625 0.259375 0.321875
4 0.36484375 0.01640625 0.1609375 0.0328125
1 0.19765625 0.61171875 0.053125 0.04375
3 0.30625 0.04765625 0.084375 0.046875
0 0.140625 0.05078125 0.078125 0.053125
1 0.55703125 0.4234375 0.253125 0.125
0 0.23359375 0.14453125 0.0859375 0.025
4 0.82734375 0.19609375 0.25 0.0484375
4 0.86484375 0.02578125 0.178125 0.05
4 0.53671875 0.00703125 0.125 0.0125
4 0.28125 0.090625 0.0375 0.01875
3 0.2046875 0.1765625 0.090625 0.04375
3 0.121875 0.04453125 0.0375 0.0125
3 0.31328125 0.4640625 0.140625 0.1015625