3 0.31640625 0.2703125 0.05859375 0.08203125
3 0.4953125 0.32578125 0.10390625 0.1109375
3 0.2390625 0.7015625 0.2 0.26171875
3 0.18125 0.54453125 0.14140625 0.16484375
2 0.83125 0.58671875 0.33671875 0.8265625
3 0.10390625 0.17578125 0.03671875 0.05078125
3 0.125 0.3421875 0.07578125 0.0984375
0 0.371875 0.27421875 0.01875 0.090625
0 0.28125 0.2875 0.02734375 0.0953125
3 0.421875 0.275 0.0703125 0.0765625
5 0.34921875 0.2234375 0.05625 0.07734375
0 0.18828125 0.30078125 0.03359375 0.0890625
4 0.0390625 0.50703125 0.06953125 0.12890625
5 0.15625 0.11015625 0.05 0.08671875
5 0.178125 0.215625 0.0640625 0.1078125
5 0.27890625 0.15546875 0.08828125 0.10859375
0 0.24453125 0.31015625 0.025 0.10390625
0 0.2484375 0.23984375 0.01796875 0.05859375
1 0.134375 0.1765625 0.03125 0.06953125
4 0.13515625 0.39375 0.0234375 0.15703125
4 0.0515625 0.38828125 0.0265625 0.09609375
4 0.075 0.35859375 0.01796875 0.14296875
4 0.046875 0.3078125 0.021875 0.05
4 0.0796875 0.8234375 0.06640625 0.1609375
1 0.4765625 0.16875 0.021875 0.03671875