3 0.35546875 0.29609375 0.084375 0.0890625
3 0.234375 0.68359375 0.18046875 0.23125
0 0.27734375 0.259375 0.021875 0.08515625
2 0.92890625 0.81328125 0.1359375 0.3734375
3 0.18359375 0.55078125 0.1453125 0.16796875
1 0.74375 0.4328125 0.13828125 0.19375
3 0.1296875 0.3375 0.06796875 0.09453125
5 0.596875 0.45 0.1828125 0.221875
0 0.1546875 0.203125 0.02421875 0.0515625
3 0.9203125 0.24453125 0.09140625 0.071875
0 0.31953125 0.3515625 0.0453125 0.11171875
3 0.9375 0.721875 0.121875 0.2015625
3 0.2046875 0.23515625 0.0484375 0.0796875
0 0.115625 0.18515625 0.02265625 0.0625
2 0.1609375 0.1171875 0.05859375 0.0671875
3 0.32421875 0.21953125 0.046875 0.04609375
3 0.1546875 0.2703125 0.0640625 0.08359375
0 0.57578125 0.7453125 0.10703125 0.28984375
3 0.38359375 0.2421875 0.05703125 0.0546875
3 0.96796875 0.31640625 0.06328125 0.075
0 0.09140625 0.3640625 0.028125 0.1359375
4 0.05703125 0.3203125 0.0515625 0.08515625
4 0.29140625 0.81328125 0.046875 0.2359375
4 0.0734375 0.790625 0.05234375 0.15
4 0.3546875 0.85234375 0.0671875 0.1265625
1 0.67890625 0.20625 0.0515625 0.03125
3 0.49609375 0.30390625 0.06796875 0.103125
0 0.434375 0.31796875 0.03125 0.109375
0 0.5734375 0.3140625 0.0375 0.053125
3 0.24375 0.2 0.03671875 0.05
3 0.28125 0.2359375 0.0546875 0.05625
5 0.08515625 0.14296875 0.0421875 0.10625
3 0.14140625 0.1828125 0.01484375 0.04921875
4 0.059375 0.46875 0.025 0.196875
4 0.08125 0.46328125 0.0203125 0.1765625
4 0.1859375 0.42578125 0.034375 0.0703125
0 0.44375 0.46171875 0.046875 0.18515625