5 0.8890625 0.47578125 0.184375 0.175
2 0.7 0.225 0.2875 0.1484375
5 0.8640625 0.19921875 0.0921875 0.115625
1 0.83515625 0.04375 0.08125 0.0375
1 0.36015625 0.771875 0.3140625 0.18125
1 0.5734375 0.06953125 0.1953125 0.1328125
1 0.76796875 0.765625 0.053125 0.059375
2 0.85625 0.3703125 0.040625 0.021875
0 0.6140625 0.34140625 0.146875 0.0375
0 0.671875 0.39765625 0.125 0.034375
0 0.74765625 0.14140625 0.0828125 0.01875
0 0.8171875 0.08828125 0.0765625 0.0390625
0 0.8203125 0.13046875 0.071875 0.05
4 0.50390625 0.01015625 0.1765625 0.0203125
4 0.659375 0.00625 0.1265625 0.0125
4 0.1859375 0.12265625 0.265625 0.05
0 0.484375 0.89453125 0.228125 0.125
3 0.6671875 0.53828125 0.16875 0.134375
3 0.5390625 0.69296875 0.225 0.275
3 0.80859375 0.61796875 0.0640625 0.0578125
3 0.721875 0.33046875 0.0953125 0.06875
3 0.4390625 0.12578125 0.171875 0.1609375
3 0.2796875 0.225 0.246875 0.14375