3 0.103125 0.3484375 0.0890625 0.103125
3 0.265625 0.19140625 0.040625 0.059375
3 0.33515625 0.32734375 0.0921875 0.096875
3 0.2265625 0.71171875 0.203125 0.26875
3 0.16328125 0.56875 0.1515625 0.178125
0 0.26328125 0.35078125 0.034375 0.1109375
3 0.22734375 0.27109375 0.05 0.0515625
3 0.21640625 0.18046875 0.03125 0.040625
3 0.35546875 0.2515625 0.0859375 0.0609375
0 0.18828125 0.31171875 0.028125 0.1125
0 0.26875 0.27265625 0.021875 0.0609375
4 0.0390625 0.53125 0.028125 0.203125
0 0.2234375 0.35234375 0.040625 0.128125
2 0.70078125 0.609375 0.596875 0.78125
5 0.5984375 0.17265625 0.103125 0.103125
3 0.93671875 0.2515625 0.1265625 0.09375
2 0.12265625 0.18984375 0.078125 0.11875
0 0.1609375 0.296875 0.028125 0.0859375
0 0.2125 0.215625 0.01875 0.05
4 0.18515625 0.89921875 0.059375 0.2015625
4 0.35546875 0.97109375 0.0625 0.0578125
4 0.04609375 0.8546875 0.0578125 0.1296875
4 0.01328125 0.5109375 0.025 0.090625
4 0.02734375 0.38984375 0.021875 0.0546875
4 0.0265625 0.321875 0.021875 0.0578125
4 0.0046875 0.28125 0.009375 0.071875
3 0.05546875 0.29921875 0.0359375 0.075
0 0.10703125 0.25625 0.0234375 0.059375
0 0.10234375 0.21953125 0.01875 0.0421875
3 0.29609375 0.2703125 0.0203125 0.0703125
3 0.409375 0.2734375 0.015625 0.084375
0 0.234375 0.21484375 0.015625 0.04375
1 0.17578125 0.23203125 0.04375 0.0390625
3 0.1671875 0.1875 0.01875 0.0375
0 0.18125 0.1921875 0.0125 0.0390625
3 0.17890625 0.16328125 0.028125 0.0359375
3 0.05234375 0.1609375 0.03125 0.04375
3 0.071875 0.13203125 0.025 0.0375
0 0.07578125 0.16875 0.0125 0.053125
3 0.17890625 0.18359375 0.003125 0.0078125
3 0.31015625 0.2265625 0.0390625 0.03125
3 0.3921875 0.478125 0.0203125 0.14375