3 0.5453125 0.83359375 0.2140625 0.24375
1 0.36953125 0.3359375 0.1359375 0.0890625
3 0.8375 0.875 0.325 0.25
3 0.52421875 0.4078125 0.19375 0.175
3 0.73984375 0.20625 0.2953125 0.21875
3 0.56796875 0.14296875 0.1625 0.159375
3 0.22890625 0.0796875 0.0796875 0.0484375
0 0.42109375 0.62890625 0.165625 0.046875
0 0.45625 0.57734375 0.1796875 0.046875
1 0.45234375 0.26875 0.190625 0.103125
1 0.28359375 0.39921875 0.0703125 0.078125
0 0.41015625 0.09296875 0.159375 0.046875
0 0.30234375 0.20390625 0.10625 0.028125
1 0.17421875 0.06875 0.0421875 0.040625
0 0.2875 0.25859375 0.109375 0.04375
0 0.2265625 0.259375 0.059375 0.040625
3 0.1984375 0.18984375 0.03125 0.034375
3 0.1890625 0.25234375 0.0375 0.0421875
3 0.34296875 0.0796875 0.09375 0.09375
1 0.16796875 0.15 0.028125 0.0390625
3 0.25078125 0.9671875 0.115625 0.065625
3 0.1734375 0.20078125 0.0375 0.034375
1 0.265625 0.1703125 0.1125 0.034375
0 0.1984375 0.11328125 0.0609375 0.0171875
1 0.2375 0.3328125 0.0828125 0.0921875
4 0.8578125 0.034375 0.159375 0.0671875
3 0.23984375 0.14609375 0.075 0.0234375
0 0.19609375 0.16640625 0.0375 0.0171875
1 0.18515625 0.14921875 0.040625 0.040625
0 0.26171875 0.2234375 0.084375 0.0296875
0 0.390625 0.521875 0.128125 0.0421875
4 0.9890625 0.43125 0.021875 0.071875
4 0.5390625 0.00625 0.134375 0.0125
4 0.4328125 0.00625 0.16875 0.0125
4 0.33046875 0.009375 0.075 0.01875
0 0.1984375 0.20859375 0.05 0.0109375
0 0.2046875 0.234375 0.05 0.0125
3 0.16015625 0.0296875 0.05 0.0296875
3 0.20859375 0.0140625 0.046875 0.021875
3 0.13046875 0.11328125 0.040625 0.0265625
0 0.15859375 0.12265625 0.040625 0.009375
3 0.14140625 0.13125 0.021875 0.03125
3 0.12265625 0.06171875 0.025 0.0265625
0 0.1234375 0.08125 0.025 0.0125
0 0.2875 0.125 0.10625 0.0171875
1 0.23046875 0.8859375 0.059375 0.05