4 0.0328125 0.50234375 0.06171875 0.134375
4 0.0609375 0.35234375 0.0265625 0.14375
4 0.034375 0.303125 0.0234375 0.06328125
1 0.90859375 0.56796875 0.16171875 0.24921875
0 0.4765625 0.42890625 0.0390625 0.15
0 0.33203125 0.25625 0.01796875 0.08203125
3 0.56953125 0.49140625 0.12421875 0.17578125
3 0.26953125 0.39140625 0.12578125 0.1515625
3 0.41875 0.3921875 0.078125 0.1140625
0 0.3140625 0.25078125 0.0171875 0.06953125
1 0.11796875 0.40859375 0.09609375 0.153125
3 0.18125 0.56015625 0.15390625 0.20390625
3 0.2375 0.68671875 0.1890625 0.30546875
5 0.46796875 0.1734375 0.05703125 0.04921875
0 0.1953125 0.25234375 0.01875 0.0796875
3 0.23359375 0.240625 0.04921875 0.06015625
1 0.26328125 0.215625 0.0359375 0.07421875
2 0.1078125 0.17109375 0.078125 0.10625
0 0.1046875 0.2234375 0.01796875 0.065625
1 0.18359375 0.2046875 0.03046875 0.05703125
5 0.9109375 0.25703125 0.1359375 0.10625