1 0.2421875 0.85390625 0.1 0.05625
3 0.71484375 0.79453125 0.2828125 0.2046875
3 0.4171875 0.85390625 0.128125 0.134375
3 0.571875 0.85703125 0.1875 0.153125
0 0.465625 0.35546875 0.134375 0.0609375
3 0.33671875 0.92265625 0.1 0.0796875
3 0.26171875 0.7265625 0.078125 0.071875
0 0.3453125 0.70546875 0.1109375 0.04375
3 0.390625 0.340625 0.190625 0.15625
0 0.4265625 0.66328125 0.1625 0.065625
5 0.14765625 0.29453125 0.1984375 0.2546875
0 0.284375 0.79921875 0.090625 0.0359375
3 0.32734375 0.5 0.1125 0.10625
4 0.85859375 0.96328125 0.1984375 0.0734375
3 0.24609375 0.06796875 0.103125 0.103125
3 0.24609375 0.65390625 0.084375 0.0703125
3 0.1359375 0.9203125 0.0453125 0.03125
3 0.19765625 0.453125 0.053125 0.05625
4 0.54296875 0.98125 0.2546875 0.0375
4 0.4296875 0.97734375 0.125 0.0453125
3 0.2953125 0.965625 0.0625 0.06875
0 0.20234375 0.9140625 0.06875 0.025
3 0.2234375 0.98203125 0.071875 0.0359375
0 0.21953125 0.77734375 0.0703125 0.021875
0 0.21875 0.815625 0.06875 0.01875
0 0.20078125 0.75 0.04375 0.01875
5 0.13828125 0.8375 0.0953125 0.0734375
3 0.23046875 0.15703125 0.065625 0.0296875
0 0.17109375 0.55078125 0.046875 0.046875
5 0.0765625 0.834375 0.0375 0.04375
3 0.1328125 0.96328125 0.046875 0.034375
1 0.15625 0.615625 0.034375 0.0390625
3 0.14453125 0.88671875 0.046875 0.025
5 0.61796875 0.1015625 0.53125 0.203125