2 0.11640625 0.1640625 0.0875 0.125
2 0.2640625 0.1 0.0484375 0.05625
5 0.11171875 0.07578125 0.05625 0.040625
2 0.1015625 0.0375 0.03125 0.03125
2 0.15078125 0.05703125 0.03125 0.05625
5 0.7921875 0.21484375 0.1078125 0.0953125
3 0.6765625 0.5453125 0.190625 0.225
3 0.50390625 0.41640625 0.1 0.134375
3 0.3375 0.42578125 0.178125 0.2
3 0.2453125 0.6765625 0.19375 0.225
3 0.17109375 0.5421875 0.15625 0.15
3 0.275 0.246875 0.071875 0.0875
1 0.20546875 0.20234375 0.04375 0.0734375
4 0.31015625 0.22109375 0.0453125 0.0875
1 0.1140625 0.39453125 0.1140625 0.171875
0 0.571875 0.46484375 0.053125 0.16875
0 0.38359375 0.27265625 0.040625 0.0859375
0 0.22734375 0.26328125 0.021875 0.1140625
0 0.11015625 0.21953125 0.025 0.0859375
0 0.23046875 0.19140625 0.01875 0.0578125
4 0.1703125 0.93203125 0.103125 0.1359375