3 0.78515625 0.70390625 0.2265625 0.2671875
1 0.41015625 0.3359375 0.078125 0.128125
1 0.809375 0.29140625 0.0609375 0.1125
4 0.8328125 0.41328125 0.028125 0.1125
3 0.82890625 0.53984375 0.1515625 0.134375
0 0.6875 0.36015625 0.04375 0.1390625
2 0.02578125 0.23828125 0.05 0.1828125
0 0.72109375 0.29453125 0.0125 0.1125
3 0.89921875 0.33671875 0.1 0.09375
4 0.78359375 0.85234375 0.0796875 0.165625
1 0.29453125 0.625 0.175 0.2875
3 0.6328125 0.30390625 0.078125 0.0796875
3 0.63828125 0.2359375 0.0609375 0.0546875
0 0.63515625 0.3859375 0.0421875 0.13125
3 0.72109375 0.1921875 0.053125 0.0453125
4 0.9390625 0.88984375 0.0984375 0.13125
4 0.90546875 0.70546875 0.06875 0.2265625
0 0.85390625 0.2359375 0.021875 0.0875
3 0.72734375 0.22890625 0.0375 0.0390625
2 0.13125 0.78046875 0.2625 0.4390625
3 0.05078125 0.50703125 0.1015625 0.1546875
5 0.63125 0.140625 0.0828125 0.0625
5 0.4125 0.20078125 0.0703125 0.0546875
3 0.76796875 0.21328125 0.046875 0.04375
3 0.6859375 0.228125 0.0546875 0.0625
0 0.328125 0.43046875 0.0734375 0.09375
5 0.534375 0.16328125 0.046875 0.0484375
3 0.559375 0.2859375 0.0609375 0.08125
0 0.51875 0.2734375 0.0125 0.028125
3 0.48671875 0.35234375 0.0546875 0.1328125
0 0.52890625 0.37734375 0.040625 0.1203125
0 0.56875 0.42578125 0.0359375 0.153125
0 0.59609375 0.3609375 0.025 0.1265625
0 0.4234375 0.4828125 0.046875 0.18125
0 0.28984375 0.39453125 0.05 0.153125
0 0.3640625 0.20625 0.0125 0.03125
0 0.44140625 0.1921875 0.0109375 0.0390625
0 0.740625 0.29921875 0.021875 0.109375
0 0.75703125 0.27578125 0.0125 0.090625
0 0.6796875 0.2453125 0.021875 0.05625
0 0.81875 0.21328125 0.015625 0.0296875
0 0.83671875 0.25078125 0.009375 0.075
0 0.80703125 0.178125 0.0109375 0.053125
0 0.86875 0.16015625 0.009375 0.0359375
0 0.91640625 0.19453125 0.0125 0.053125
0 0.92578125 0.14296875 0.009375 0.05
4 0.928125 0.225 0.015625 0.0734375
4 0.93984375 0.184375 0.009375 0.028125
4 0.93359375 0.33984375 0.01875 0.0421875
4 0.96328125 0.31875 0.015625 0.0390625
4 0.9921875 0.46328125 0.015625 0.2109375
4 0.97109375 0.4671875 0.03125 0.2234375
4 0.9359375 0.4671875 0.025 0.178125
4 0.8625 0.43828125 0.01875 0.075
4 0.93515625 0.78515625 0.040625 0.075
0 0.78359375 0.246875 0.015625 0.06875
3 0.84765625 0.14140625 0.021875 0.021875
3 0.83671875 0.15078125 0.034375 0.0203125
3 0.8234375 0.18515625 0.034375 0.0625
3 0.83828125 0.20234375 0.0265625 0.0625
3 0.7609375 0.17734375 0.03125 0.0390625
5 0.77265625 0.10390625 0.053125 0.0625
2 0.7015625 0.11796875 0.040625 0.0640625
0 0.578125 0.1578125 0.009375 0.028125
1 0.509375 0.18359375 0.0296875 0.0265625
5 0.26640625 0.184375 0.153125 0.134375
3 0.19609375 0.23515625 0.05625 0.046875
3 0.1671875 0.22265625 0.05 0.059375
1 0.10859375 0.2609375 0.0671875 0.059375