3 0.2390625 0.69375 0.2015625 0.2765625
0 0.609375 0.38125 0.053125 0.1375
1 0.184375 0.25 0.059375 0.0953125
3 0.17421875 0.5421875 0.15 0.178125
1 0.44921875 0.3828125 0.0953125 0.159375
0 0.51796875 0.3546875 0.0421875 0.1125
0 0.28359375 0.27109375 0.034375 0.096875
3 0.125 0.32734375 0.06875 0.109375
0 0.11484375 0.18203125 0.0296875 0.0609375
2 0.83359375 0.4453125 0.3328125 0.5921875
4 0.03125 0.503125 0.0625 0.1390625
0 0.096875 0.1359375 0.01875 0.05625
5 0.4234375 0.12890625 0.11875 0.0671875
0 0.41796875 0.29609375 0.040625 0.075
4 0.08828125 0.3734375 0.040625 0.159375
4 0.0609375 0.3515625 0.028125 0.1625
4 0.03203125 0.34453125 0.025 0.1421875
3 0.2609375 0.19609375 0.05625 0.065625
3 0.325 0.25 0.0796875 0.096875
5 0.19765625 0.06640625 0.05 0.08125
3 0.49296875 0.278125 0.090625 0.115625