3 0.7078125 0.240625 0.26875 0.203125
3 0.55078125 0.18359375 0.1734375 0.15
3 0.25546875 0.38125 0.08125 0.0625
0 0.0984375 0.1453125 0.0796875 0.053125
1 0.303125 0.43125 0.084375 0.09375
1 0.25390625 0.2890625 0.0859375 0.0578125
2 0.42109375 0.77734375 0.5984375 0.4453125
5 0.225 0.16328125 0.184375 0.075
0 0.16484375 0.08828125 0.05625 0.0359375
1 0.3421875 0.12421875 0.109375 0.084375
0 0.253125 0.325 0.071875 0.025
0 0.26484375 0.25546875 0.09375 0.028125
4 0.34140625 0.0515625 0.1265625 0.0484375
0 0.225 0.21953125 0.05 0.028125
4 0.509375 0.03671875 0.13125 0.071875
0 0.28828125 0.16171875 0.075 0.0375
4 0.81171875 0.0828125 0.08125 0.034375
1 0.16484375 0.12578125 0.06875 0.034375