3 0.92421875 0.34921875 0.0765625 0.13125
4 0.98046875 0.846875 0.0390625 0.1640625
3 0.86953125 0.56875 0.153125 0.175
3 0.6109375 0.428125 0.1265625 0.15625
0 0.325 0.47109375 0.0828125 0.19375
3 0.81328125 0.7375 0.209375 0.2765625
3 0.42734375 0.32890625 0.115625 0.096875
3 0.17421875 0.45390625 0.19375 0.18125
1 0.1109375 0.25703125 0.071875 0.10625
2 0.0703125 0.91796875 0.140625 0.1640625
0 0.7640625 0.2671875 0.0375 0.078125
3 0.06953125 0.66015625 0.1390625 0.2453125
3 0.85 0.32109375 0.0796875 0.1125
0 0.72578125 0.246875 0.0421875 0.090625
0 0.5375 0.31171875 0.040625 0.11875
3 0.778125 0.2359375 0.059375 0.0625
3 0.17890625 0.23359375 0.0625 0.0578125
2 0.7609375 0.15078125 0.1171875 0.140625
3 0.6140625 0.30546875 0.08125 0.0859375
3 0.4453125 0.43125 0.14375 0.1546875
3 0.84921875 0.1671875 0.0421875 0.0375
1 0.85625 0.21484375 0.0375 0.075
0 0.7640625 0.30625 0.03125 0.084375
4 0.76171875 0.83359375 0.0640625 0.209375
3 0.0484375 0.25 0.05625 0.084375
4 0.9703125 0.89921875 0.059375 0.1375
4 0.99609375 0.4828125 0.00625 0.21875
5 0.74296875 0.52109375 0.05 0.146875
0 0.925 0.3890625 0.04375 0.146875
5 0.9265625 0.1640625 0.0625 0.1625
0 0.934375 0.21875 0.01875 0.084375
0 0.88828125 0.22578125 0.021875 0.071875
0 0.69765625 0.25234375 0.01875 0.04375
0 0.6671875 0.25 0.0265625 0.065625
3 0.63671875 0.2484375 0.03125 0.059375
5 0.97890625 0.47265625 0.0296875 0.178125
5 0.99609375 0.32578125 0.00625 0.046875