3 0.2109375 0.41484375 0.13671875 0.11796875
3 0.1828125 0.54765625 0.14921875 0.17109375
3 0.23828125 0.7015625 0.19140625 0.259375
1 0.3296875 0.3234375 0.06015625 0.12734375
5 0.6765625 0.30625 0.2828125 0.340625
0 0.4609375 0.3609375 0.0671875 0.128125
0 0.23125 0.24765625 0.03125 0.0703125
0 0.640625 0.4484375 0.06015625 0.121875
3 0.1796875 0.1796875 0.040625 0.0484375
3 0.28828125 0.21875 0.0453125 0.053125
0 0.1265625 0.2109375 0.03515625 0.0625
5 0.50546875 0.1828125 0.08046875 0.0484375
4 0.04765625 0.31875 0.0265625 0.0765625
3 0.33359375 0.23046875 0.05703125 0.03984375
0 0.134375 0.35703125 0.04296875 0.0875
5 0.19375 0.14921875 0.03671875 0.03515625
4 0.0796875 0.8046875 0.0765625 0.1578125
4 0.1078125 0.96171875 0.0484375 0.0765625
4 0.05859375 0.4984375 0.05390625 0.1546875
3 0.115625 0.3109375 0.10078125 0.10078125
0 0.090625 0.2109375 0.0140625 0.06640625
5 0.26953125 0.11171875 0.04296875 0.0578125
3 0.15 0.14921875 0.02578125 0.04296875
5 0.103125 0.10390625 0.05 0.090625
5 0.12109375 0.17265625 0.0453125 0.096875