2 0.33828125 0.3140625 0.22265625 0.36484375
3 0.12265625 0.33984375 0.08671875 0.09609375
3 0.90859375 0.67578125 0.178125 0.2875
1 0.5140625 0.51640625 0.10859375 0.203125
3 0.6640625 0.45078125 0.16875 0.103125
3 0.22421875 0.68984375 0.21640625 0.26640625
0 0.83359375 0.5078125 0.06484375 0.16171875
0 0.565625 0.37734375 0.04296875 0.140625
0 0.215625 0.2875 0.0328125 0.0921875
3 0.628125 0.64765625 0.271875 0.309375
0 0.1609375 0.28359375 0.02109375 0.09609375
0 0.18671875 0.265625 0.025 0.07421875
3 0.1828125 0.18515625 0.0703125 0.046875
3 0.1875 0.5296875 0.159375 0.13125
3 0.72734375 0.23515625 0.0765625 0.0453125
4 0.05859375 0.3234375 0.03828125 0.06015625
4 0.0359375 0.490625 0.0625 0.1265625
1 0.47109375 0.18125 0.02890625 0.0421875
4 0.284375 0.90078125 0.0609375 0.1953125
3 0.60625 0.34765625 0.1140625 0.08515625
3 0.84296875 0.4375 0.16875 0.15
4 0.0875 0.61171875 0.053125 0.0859375
4 0.4015625 0.95390625 0.05546875 0.09140625
4 0.1140625 0.23515625 0.04375 0.06328125
1 0.0953125 0.175 0.01875 0.040625
0 0.12109375 0.18671875 0.0125 0.025
0 0.11640625 0.16171875 0.0140625 0.02734375
0 0.13828125 0.17734375 0.0140625 0.04140625
0 0.07890625 0.12734375 0.034375 0.0609375
0 0.07734375 0.19375 0.01640625 0.05078125
3 0.13984375 0.13125 0.0359375 0.0484375
0 0.17890625 0.22265625 0.02734375 0.0296875
3 0.49765625 0.30234375 0.06015625 0.1078125
2 0.46171875 0.28046875 0.01953125 0.19140625
0 0.66328125 0.36328125 0.02890625 0.05546875
0 0.77578125 0.44921875 0.04140625 0.15546875
0 0.9671875 0.49453125 0.05625 0.09453125
1 0.76015625 0.58671875 0.034375 0.20546875
1 0.64765625 0.19921875 0.03515625 0.0421875
1 0.5625 0.1796875 0.02734375 0.04375
1 0.50859375 0.18046875 0.03515625 0.03671875