3 0.875 0.5078125 0.2125 0.171875
3 0.1234375 0.3390625 0.0765625 0.096875
1 0.27890625 0.315625 0.0703125 0.103125
0 0.89765625 0.6921875 0.103125 0.275
3 0.14375 0.19140625 0.040625 0.05625
3 0.19375 0.5453125 0.1484375 0.16875
4 0.0359375 0.503125 0.0671875 0.1171875
0 0.25234375 0.20390625 0.034375 0.05625
0 0.21640625 0.41796875 0.04375 0.0875
2 0.534375 0.48359375 0.334375 0.4515625
1 0.196875 0.196875 0.028125 0.065625
3 0.96640625 0.27109375 0.0671875 0.071875
3 0.08359375 0.184375 0.0390625 0.053125
3 0.23203125 0.68671875 0.215625 0.2609375
4 0.253125 0.89140625 0.075 0.125
0 0.6296875 0.89375 0.084375 0.2125
1 0.09765625 0.146875 0.028125 0.040625
0 0.215625 0.2171875 0.025 0.0515625
0 0.71953125 0.55546875 0.05625 0.2
1 0.42734375 0.15546875 0.03125 0.040625
5 0.1984375 0.08984375 0.0375 0.06875
5 0.12578125 0.05703125 0.0359375 0.059375
4 0.05859375 0.3609375 0.028125 0.134375
0 0.7265625 0.215625 0.01875 0.0453125