3 0.59375 0.7984375 0.121875 0.121875
0 0.55 0.2578125 0.153125 0.075
3 0.45546875 0.81171875 0.178125 0.15
3 0.29140625 0.75078125 0.2828125 0.2078125
3 0.7921875 0.69453125 0.059375 0.059375
3 0.42734375 0.13984375 0.228125 0.240625
3 0.803125 0.8015625 0.0625 0.0609375
3 0.68515625 0.8734375 0.103125 0.0828125
0 0.6171875 0.39453125 0.1625 0.065625
3 0.89609375 0.90625 0.05625 0.03125
1 0.91484375 0.87265625 0.084375 0.05
1 0.61171875 0.52890625 0.2109375 0.1125
3 0.70234375 0.64140625 0.1 0.090625
0 0.771875 0.6140625 0.0515625 0.0390625
3 0.79140625 0.94140625 0.06875 0.0484375
0 0.803125 0.878125 0.078125 0.021875
3 0.8828125 0.85 0.040625 0.0359375
3 0.76640625 0.03125 0.0921875 0.0625
3 0.7953125 0.1296875 0.05 0.053125
3 0.7859375 0.21953125 0.03125 0.065625
1 0.8265625 0.3578125 0.05 0.0453125
0 0.775 0.08984375 0.053125 0.025
0 0.80625 0.30546875 0.046875 0.0265625
0 0.74453125 0.7921875 0.1015625 0.03125
0 0.83046875 0.84296875 0.06875 0.01875
4 0.43359375 0.93359375 0.2515625 0.0515625
4 0.1609375 0.93359375 0.20625 0.0703125
4 0.590625 0.86328125 0.096875 0.040625
4 0.51796875 0.9640625 0.1484375 0.0203125
4 0.66015625 0.93203125 0.05 0.0171875
4 0.5703125 0.91015625 0.065625 0.025