3 0.32578125 0.32421875 0.09296875 0.10390625
1 0.26328125 0.253125 0.05546875 0.0875
3 0.2296875 0.64375 0.16796875 0.15546875
3 0.18359375 0.54765625 0.15234375 0.16796875
1 0.3984375 0.2765625 0.06640625 0.0953125
3 0.1578125 0.284375 0.08125 0.09140625
1 0.55546875 0.534375 0.146875 0.21015625
2 0.7421875 0.1828125 0.22109375 0.17890625
5 0.55078125 0.3 0.12265625 0.1484375
0 0.196875 0.20859375 0.015625 0.06484375
4 0.07890625 0.84375 0.05703125 0.14140625
0 0.5640625 0.37265625 0.0515625 0.10625
0 0.09765625 0.16875 0.01171875 0.05390625
0 0.109375 0.140625 0.0078125 0.0328125
0 0.45859375 0.28046875 0.02734375 0.10625
5 0.228125 0.1703125 0.05546875 0.0796875
5 0.46015625 0.12578125 0.11015625 0.1484375
4 0.2578125 0.8015625 0.04140625 0.1984375
1 0.58203125 0.815625 0.1359375 0.36875
0 0.47265625 0.36796875 0.03359375 0.13515625
5 0.18125 0.16484375 0.03046875 0.05859375
0 0.11171875 0.2140625 0.01796875 0.0796875
0 0.121875 0.171875 0.01796875 0.05
0 0.07109375 0.17734375 0.01328125 0.04375
0 0.08671875 0.14453125 0.01015625 0.0375
3 0.1109375 0.12265625 0.02734375 0.028125
3 0.08125 0.11328125 0.01328125 0.0203125
3 0.09375 0.11796875 0.01484375 0.02265625
3 0.06171875 0.2859375 0.07578125 0.0796875
4 0.0484375 0.34765625 0.021875 0.1234375
4 0.06015625 0.30703125 0.0125 0.07265625
4 0.034375 0.51015625 0.0578125 0.10234375
0 0.9609375 0.284375 0.0234375 0.04765625