3 0.203125 0.64921875 0.28125 0.209375
3 0.05234375 0.45625 0.103125 0.1984375
3 0.80078125 0.70546875 0.2125 0.2875
1 0.80625 0.2453125 0.0671875 0.103125
3 0.85703125 0.5328125 0.15625 0.1828125
3 0.2875 0.4796875 0.2078125 0.175
1 0.44765625 0.35703125 0.1125 0.1875
3 0.96015625 0.1171875 0.0484375 0.0671875
3 0.60234375 0.30859375 0.109375 0.1578125
3 0.03671875 0.6171875 0.0734375 0.21875
0 0.76640625 0.296875 0.040625 0.1
0 0.89921875 0.15859375 0.0203125 0.0734375
0 0.58359375 0.3890625 0.078125 0.1625
0 0.3859375 0.35 0.046875 0.14375
0 0.72265625 0.29375 0.03125 0.146875
0 0.6953125 0.31796875 0.034375 0.1609375
3 0.68828125 0.2140625 0.0703125 0.0671875
1 0.85234375 0.19609375 0.0515625 0.0875
1 0.10703125 0.840625 0.2125 0.31875
0 0.890625 0.13984375 0.0171875 0.053125
3 0.309375 0.33359375 0.115625 0.1203125
0 0.9140625 0.16484375 0.0375 0.071875
3 0.04921875 0.21328125 0.096875 0.1203125
0 0.921875 0.14765625 0.0234375 0.059375
0 0.915625 0.353125 0.05625 0.128125
4 0.98984375 0.496875 0.01875 0.1296875
4 0.9671875 0.81875 0.065625 0.2109375
4 0.62265625 0.9609375 0.0515625 0.078125
0 0.37421875 0.31953125 0.028125 0.103125
5 0.834375 0.0703125 0.0953125 0.140625
2 0.94609375 0.04453125 0.0453125 0.075
4 0.99296875 0.39765625 0.0140625 0.1828125
4 0.99453125 0.28203125 0.0109375 0.0578125
5 0.37109375 0.12578125 0.071875 0.1125