5 0.83984375 0.678125 0.184375 0.1140625
2 0.753125 0.446875 0.196875 0.2125
1 0.61171875 0.9125 0.1484375 0.096875
0 0.53984375 0.6234375 0.171875 0.046875
3 0.60859375 0.58671875 0.128125 0.1265625
3 0.30234375 0.77734375 0.253125 0.190625
3 0.44609375 0.8453125 0.1734375 0.16875
0 0.73125 0.8546875 0.103125 0.0359375
3 0.8078125 0.82734375 0.0671875 0.040625
3 0.74296875 0.96953125 0.08125 0.0609375
1 0.84296875 0.93515625 0.0734375 0.040625
1 0.8484375 0.89140625 0.05 0.03125
1 0.4546875 0.3296875 0.234375 0.121875
4 0.1578125 0.765625 0.315625 0.046875
4 0.5015625 0.9859375 0.1328125 0.028125
4 0.665625 0.98828125 0.11875 0.0234375
0 0.775 0.78984375 0.08125 0.0375
1 0.61171875 0.3265625 0.175 0.15625
3 0.76875 0.178125 0.10625 0.1375
0 0.746875 0.0515625 0.08125 0.046875
3 0.43515625 0.00234375 0.175 0.0046875
2 0.8671875 0.44609375 0.06875 0.115625
2 0.9140625 0.771875 0.0609375 0.0421875