2 0.8421875 0.4578125 0.315625 0.5359375
1 0.42421875 0.34609375 0.08125 0.125
3 0.23828125 0.71328125 0.2 0.278125
3 0.17265625 0.56484375 0.153125 0.1875
3 0.11796875 0.346875 0.078125 0.109375
1 0.26875 0.27890625 0.0609375 0.090625
0 0.3375 0.27265625 0.03125 0.0875
0 0.30078125 0.25 0.025 0.0671875
1 0.11484375 0.2203125 0.04375 0.078125
3 0.5015625 0.31328125 0.08125 0.1046875
5 0.6203125 0.18671875 0.18125 0.090625
4 0.03046875 0.5203125 0.059375 0.1453125
4 0.06796875 0.409375 0.034375 0.175
3 0.65078125 0.38828125 0.0890625 0.14375
1 0.7140625 0.8453125 0.3125 0.309375
3 0.19453125 0.2015625 0.034375 0.065625
0 0.17265625 0.21640625 0.01875 0.065625
3 0.1640625 0.16328125 0.03125 0.04375
3 0.2890625 0.19921875 0.0375 0.04375
3 0.053125 0.21015625 0.025 0.05625
0 0.0703125 0.1640625 0.015625 0.046875
3 0.06796875 0.28515625 0.0546875 0.040625
4 0.684375 0.66640625 0.0734375 0.103125
2 0.240625 0.0875 0.059375 0.08125