3 0.88203125 0.315625 0.084375 0.1125
3 0.1 0.70234375 0.2 0.2390625
5 0.2421875 0.4 0.275 0.325
3 0.75390625 0.703125 0.209375 0.28125
1 0.32578125 0.49921875 0.1390625 0.2390625
0 0.065625 0.42578125 0.0734375 0.209375
3 0.81484375 0.53671875 0.1609375 0.178125
0 0.696875 0.35546875 0.034375 0.1625
0 0.6640625 0.28515625 0.05 0.1078125
0 0.475 0.57890625 0.084375 0.253125
2 0.70234375 0.18046875 0.165625 0.25625
3 0.41953125 0.3703125 0.134375 0.1359375
0 0.60859375 0.37578125 0.034375 0.1625
3 0.565625 0.31328125 0.1046875 0.153125
5 0.853125 0.06875 0.059375 0.1015625
4 0.96328125 0.3484375 0.0359375 0.0609375
0 0.021875 0.91640625 0.04375 0.1671875
4 0.5203125 0.94140625 0.075 0.1171875
4 0.92265625 0.84375 0.0734375 0.140625
4 0.97265625 0.50703125 0.0546875 0.1109375
4 0.8796875 0.38203125 0.0296875 0.15
4 0.94765625 0.2796875 0.0125 0.03125
4 0.96484375 0.28125 0.01875 0.04375
3 0.81953125 0.140625 0.04375 0.0609375
3 0.7875 0.1375 0.0234375 0.05625
0 0.88828125 0.13828125 0.009375 0.053125
3 0.86953125 0.13125 0.0265625 0.05
3 0.6109375 0.21171875 0.040625 0.065625
5 0.465625 0.2125 0.10625 0.190625
5 0.92734375 0.1140625 0.040625 0.078125
0 0.9265625 0.153125 0.015625 0.0640625
0 0.90234375 0.14609375 0.0109375 0.065625