3 0.30234375 0.5484375 0.196875 0.1921875
3 0.771875 0.75234375 0.23125 0.3046875
0 0.66171875 0.278125 0.046875 0.090625
2 0.12109375 0.2046875 0.2421875 0.2375
1 0.15390625 0.87109375 0.2703125 0.2578125
1 0.6765625 0.44296875 0.109375 0.1859375
3 0.8359375 0.575 0.159375 0.171875
1 0.90390625 0.4234375 0.1140625 0.1625
0 0.02109375 0.59453125 0.0421875 0.2296875
3 0.18125 0.4640625 0.1703125 0.1734375
0 0.89765625 0.2703125 0.046875 0.0859375
5 0.4734375 0.2453125 0.24375 0.346875
0 0.803125 0.2453125 0.040625 0.08125
0 0.58671875 0.38203125 0.046875 0.13125
4 0.75078125 0.865625 0.065625 0.21875
4 0.97421875 0.5296875 0.0515625 0.165625
4 0.97578125 0.37265625 0.01875 0.1375
4 0.9890625 0.31953125 0.009375 0.05625
0 0.8 0.3125 0.0296875 0.103125
1 0.71328125 0.359375 0.0734375 0.1375
1 0.7515625 0.26484375 0.05625 0.1015625
0 0.71328125 0.21953125 0.0234375 0.0796875
3 0.75546875 0.19609375 0.0453125 0.04375
5 0.8265625 0.11875 0.075 0.1140625
0 0.903125 0.16640625 0.0125 0.05
0 0.92109375 0.22265625 0.01875 0.0796875
0 0.89765625 0.2125 0.01875 0.04375
0 0.83671875 0.20546875 0.009375 0.0625
0 0.51328125 0.35234375 0.0265625 0.09375
0 0.4609375 0.38359375 0.0375 0.1375
0 0.521875 0.525 0.040625 0.1984375
0 0.5234375 0.41796875 0.034375 0.084375
1 0.5125 0.8515625 0.21875 0.296875
0 0.096875 0.70703125 0.0421875 0.1625