3 0.1859375 0.54140625 0.14375 0.15390625
3 0.59140625 0.36328125 0.0984375 0.08984375
3 0.2359375 0.69609375 0.21875 0.259375
3 0.48359375 0.40859375 0.1125 0.11953125
0 0.89765625 0.46953125 0.0796875 0.09609375
1 0.2578125 0.37421875 0.08359375 0.14453125
0 0.4171875 0.509375 0.0578125 0.18359375
0 0.775 0.5484375 0.06796875 0.18359375
3 0.12578125 0.334375 0.0859375 0.08359375
1 0.353125 0.37109375 0.075 0.13359375
3 0.5765625 0.503125 0.16796875 0.18046875
2 0.2234375 0.25703125 0.1046875 0.18125
4 0.07890625 0.884375 0.08359375 0.23046875
3 0.35 0.26953125 0.06484375 0.06484375
3 0.4328125 0.26328125 0.0609375 0.07578125
4 0.04140625 0.50078125 0.06015625 0.11875
0 0.4140625 0.32578125 0.0296875 0.1015625
1 0.125 0.16328125 0.03515625 0.04375
3 0.0890625 0.2 0.04609375 0.05859375
3 0.928125 0.259375 0.10625 0.084375
4 0.39140625 0.95 0.07265625 0.1
3 0.540625 0.29375 0.09296875 0.10625
0 0.5265625 0.56484375 0.06171875 0.19375
2 0.896875 0.74453125 0.20625 0.496875
0 0.63671875 0.78125 0.10859375 0.25546875
3 0.71484375 0.42109375 0.171875 0.1921875
3 0.8265625 0.4140625 0.08125 0.13515625
0 0.4578125 0.3078125 0.02890625 0.08125
0 0.3 0.28046875 0.02734375 0.07890625
0 0.14375 0.21640625 0.02734375 0.08359375
0 0.7359375 0.23359375 0.03828125 0.0625
0 0.65 0.20703125 0.0265625 0.05078125
1 0.825 0.24375 0.06640625 0.05234375
3 0.4609375 0.1828125 0.0359375 0.0375
5 0.334375 0.12578125 0.046875 0.065625
0 0.1953125 0.3328125 0.03203125 0.1078125
3 0.3546875 0.2265625 0.05546875 0.03671875
4 0.140625 0.409375 0.03125 0.1203125
1 0.54453125 0.19609375 0.0640625 0.04140625
3 0.41640625 0.16484375 0.03515625 0.03046875