3 0.78046875 0.18203125 0.075 0.0625
3 0.6859375 0.190625 0.1125 0.0765625
3 0.665625 0.096875 0.10625 0.084375
3 0.453125 0.15625 0.175 0.153125
5 0.8234375 0.4421875 0.271875 0.196875
3 0.3 0.2203125 0.278125 0.20625
1 0.31953125 0.74140625 0.3421875 0.175
3 0.38515625 0.915625 0.275 0.16875
3 0.54921875 0.66796875 0.1859375 0.1796875
0 0.65078125 0.36640625 0.121875 0.0390625
4 0.67109375 0.02890625 0.0921875 0.0375
0 0.665625 0.31484375 0.115625 0.0296875
0 0.70546875 0.265625 0.075 0.01875
3 0.753125 0.959375 0.096875 0.08125
3 0.58203125 0.46328125 0.165625 0.1234375
1 0.37578125 0.4609375 0.271875 0.1734375
2 0.86015625 0.12421875 0.128125 0.071875
3 0.71171875 0.36015625 0.09375 0.08125
4 0.13203125 0.0484375 0.2625 0.08125
3 0.76796875 0.834375 0.0546875 0.090625
3 0.76796875 0.9125 0.059375 0.075
3 0.61015625 0.71953125 0.121875 0.109375
5 0.79296875 0.69375 0.0765625 0.071875
3 0.81171875 0.57734375 0.0515625 0.05625
0 0.65 0.28203125 0.128125 0.0328125
3 0.73671875 0.25859375 0.08125 0.075
0 0.78359375 0.30234375 0.071875 0.0171875
1 0.784375 0.13359375 0.084375 0.0375