1 0.15625 0.221875 0.040625 0.071875
1 0.48125 0.3484375 0.084375 0.1390625
3 0.234375 0.69375 0.196875 0.26875
3 0.8625 0.54765625 0.240625 0.24375
1 0.2046875 0.26796875 0.053125 0.09375
3 0.59296875 0.4265625 0.1625 0.10625
3 0.17578125 0.54140625 0.1375 0.16875
3 0.8140625 0.409375 0.1921875 0.1484375
3 0.91875 0.23515625 0.1140625 0.071875
3 0.96171875 0.79296875 0.06875 0.25
1 0.221875 0.2125 0.0609375 0.059375
3 0.2984375 0.23515625 0.05625 0.0625
0 0.2625 0.29609375 0.059375 0.134375
0 0.2578125 0.2671875 0.0390625 0.0875
3 0.571875 0.3328125 0.1015625 0.1015625
3 0.36484375 0.3203125 0.084375 0.1328125
0 0.34765625 0.34296875 0.04375 0.109375
0 0.23125 0.303125 0.0375 0.125
0 0.1234375 0.39375 0.0546875 0.15625
3 0.07578125 0.15234375 0.040625 0.06875
4 0.04921875 0.4203125 0.04375 0.1609375
0 0.39296875 0.9453125 0.0625 0.10625
3 0.8203125 0.22578125 0.053125 0.065625
4 0.0328125 0.50703125 0.065625 0.11875
3 0.3296875 0.2171875 0.040625 0.05
1 0.265625 0.196875 0.0359375 0.05
3 0.584375 0.534375 0.171875 0.175
1 0.64765625 0.69765625 0.2 0.3625
1 0.21171875 0.2 0.0375 0.034375
4 0.065625 0.815625 0.096875 0.1734375
3 0.11640625 0.34296875 0.0875 0.125
0 0.10078125 0.1859375 0.0125 0.059375
0 0.11796875 0.19609375 0.01875 0.06875
5 0.17890625 0.10859375 0.075 0.1203125