1 0.70625 0.4703125 0.1296875 0.19375
3 0.45234375 0.35625 0.0953125 0.125
3 0.24375 0.33203125 0.065625 0.1140625
3 0.11328125 0.34453125 0.078125 0.096875
4 0.028125 0.50625 0.05625 0.13125
5 0.58046875 0.1359375 0.2296875 0.184375
1 0.18046875 0.2453125 0.046875 0.075
3 0.21875 0.22265625 0.053125 0.05625
2 0.91953125 0.7390625 0.1609375 0.521875
3 0.171875 0.55546875 0.146875 0.1625
4 0.05 0.85078125 0.06875 0.171875
4 0.0484375 0.35703125 0.040625 0.153125
4 0.090625 0.25546875 0.028125 0.05
4 0.140625 0.27265625 0.025 0.0515625
4 0.2203125 0.82890625 0.090625 0.215625
3 0.22109375 0.70234375 0.215625 0.265625
3 0.30859375 0.228125 0.0625 0.0609375
3 0.14765625 0.1921875 0.05 0.046875
3 0.1609375 0.15546875 0.0375 0.028125
0 0.325 0.2640625 0.021875 0.09375
2 0.09765625 0.11015625 0.0421875 0.0625
3 0.08671875 0.1375 0.028125 0.040625
0 0.11015625 0.15625 0.01875 0.053125
0 0.18046875 0.1796875 0.0125 0.040625