3 0.23203125 0.68671875 0.20859375 0.27265625
5 0.3328125 0.234375 0.059375 0.0828125
0 0.7234375 0.84921875 0.0953125 0.29609375
3 0.184375 0.5609375 0.1609375 0.19609375
2 0.56171875 0.575 0.421875 0.62265625
0 0.21328125 0.25234375 0.03828125 0.103125
3 0.2484375 0.225 0.0484375 0.05703125
5 0.4109375 0.25625 0.06953125 0.05703125
0 0.9453125 0.28125 0.0296875 0.06484375
4 0.03828125 0.50859375 0.06953125 0.12109375
0 0.29453125 0.2828125 0.034375 0.1296875
3 0.28984375 0.20546875 0.0421875 0.05234375
0 0.928125 0.83125 0.1328125 0.3375
3 0.1328125 0.1796875 0.040625 0.03046875
0 0.83828125 0.69375 0.0828125 0.2734375
5 0.65078125 0.1515625 0.1953125 0.18671875
5 0.24453125 0.09453125 0.0734375 0.1046875
0 0.1375 0.21640625 0.02109375 0.07265625
0 0.82890625 0.2390625 0.0328125 0.03828125