3 0.26640625 0.171875 0.2875 0.2125
0 0.43828125 0.66171875 0.228125 0.103125
2 0.7734375 0.93984375 0.1875 0.1203125
3 0.4296875 0.10390625 0.190625 0.159375
0 0.546875 0.55625 0.171875 0.075
3 0.61875 0.5078125 0.15 0.11875
0 0.67265625 0.40703125 0.103125 0.0375
2 0.8765625 0.03359375 0.1125 0.0671875
1 0.85 0.084375 0.059375 0.040625
0 0.796875 0.19765625 0.0703125 0.028125
0 0.71875 0.26640625 0.0984375 0.0375
5 0.89296875 0.52109375 0.1515625 0.19375
3 0.66640625 0.03359375 0.1046875 0.053125
4 0.65625 0.07265625 0.128125 0.025
0 0.78359375 0.0203125 0.09375 0.0171875
0 0.80703125 0.08515625 0.0625 0.015625
0 0.80546875 0.115625 0.06875 0.01875
4 0.28984375 0.34921875 0.31875 0.053125
2 0.28984375 0.9546875 0.5796875 0.090625