3 0.696875 0.76953125 0.2640625 0.21875
3 0.5359375 0.82109375 0.153125 0.15
1 0.325 0.77421875 0.13125 0.06875
2 0.21953125 0.8046875 0.165625 0.121875
0 0.553125 0.5796875 0.196875 0.0640625
3 0.32734375 0.8828125 0.084375 0.0796875
3 0.2328125 0.7265625 0.0703125 0.0546875
4 0.84296875 0.92890625 0.15625 0.065625
3 0.40703125 0.5234375 0.109375 0.1296875
0 0.40234375 0.684375 0.1484375 0.04375
4 0.503125 0.96640625 0.1203125 0.0625
3 0.1796875 0.91640625 0.0578125 0.040625
3 0.24296875 0.59140625 0.090625 0.0796875
3 0.359375 0.1484375 0.028125 0.1625
3 0.24375 0.0640625 0.09375 0.11875
1 0.1390625 0.90390625 0.040625 0.034375
0 0.2921875 0.82265625 0.0796875 0.0375
2 0.715625 0.21796875 0.565625 0.4234375
0 0.265625 0.646875 0.0671875 0.021875
3 0.21328125 0.65625 0.04375 0.04375
4 0.34140625 0.9484375 0.1109375 0.0375
0 0.5015625 0.5171875 0.18125 0.05625
3 0.18671875 0.7140625 0.03125 0.04375
3 0.3046875 0.5171875 0.0703125 0.0515625
3 0.3328125 0.57734375 0.1 0.071875
3 0.35078125 0.43828125 0.1421875 0.090625
0 0.39609375 0.38984375 0.096875 0.034375
0 0.3484375 0.29140625 0.06875 0.05625
3 0.3359375 0.35625 0.109375 0.0671875
0 0.41875 0.64140625 0.153125 0.034375
0 0.35234375 0.6234375 0.1171875 0.025
0 0.240625 0.684375 0.0453125 0.015625
0 0.1828125 0.8734375 0.059375 0.0140625
3 0.146875 0.87890625 0.03125 0.0203125
4 0.41171875 0.8609375 0.1 0.028125
4 0.95390625 0.61796875 0.090625 0.0453125