0 0.24765625 0.26953125 0.01875 0.0546875
2 0.40703125 0.203125 0.16171875 0.1890625
2 0.92578125 0.865625 0.14296875 0.2578125
3 0.2375 0.68671875 0.19453125 0.2578125
3 0.184375 0.546875 0.14765625 0.17109375
3 0.35859375 0.3125 0.0859375 0.0984375
1 0.60546875 0.45 0.14140625 0.165625
0 0.771875 0.45625 0.075 0.175
0 0.57890625 0.34296875 0.06328125 0.07890625
3 0.128125 0.34296875 0.0765625 0.10625
0 0.27734375 0.3125 0.03359375 0.11875
0 0.49765625 0.48046875 0.06640625 0.1875
0 0.103125 0.17578125 0.01953125 0.06015625
5 0.175 0.18515625 0.075 0.16953125
3 0.128125 0.15390625 0.0359375 0.04375
3 0.2140625 0.3265625 0.08515625 0.11640625
3 0.09609375 0.134375 0.0375 0.05703125
5 0.89375 0.2125 0.20078125 0.1453125
4 0.07578125 0.85 0.0515625 0.13515625
4 0.0796875 0.7625 0.04921875 0.0765625
4 0.33515625 0.81484375 0.07734375 0.2125
4 0.31796875 0.5640625 0.04296875 0.17734375
0 0.2984375 0.446875 0.03359375 0.090625
4 0.0484375 0.471875 0.0328125 0.1875
4 0.08203125 0.4640625 0.0296875 0.18671875
4 0.03984375 0.315625 0.0171875 0.0484375
4 0.06015625 0.31953125 0.0171875 0.053125
0 0.39609375 0.35859375 0.02734375 0.12421875
0 0.4375 0.33359375 0.0359375 0.12109375
0 0.4703125 0.31484375 0.02265625 0.10859375
1 0.24765625 0.23828125 0.04453125 0.05625
3 0.290625 0.21875 0.0359375 0.06484375
3 0.128125 0.15546875 0.021875 0.03984375
3 0.06640625 0.228125 0.040625 0.065625
1 0.7109375 0.56484375 0.07890625 0.27265625