3 0.83046875 0.55234375 0.146875 0.18125
3 0.77265625 0.70390625 0.2015625 0.26875
3 0.628125 0.2953125 0.08125 0.0859375
4 0.94921875 0.34375 0.0625 0.165625
3 0.88671875 0.3421875 0.075 0.1046875
0 0.5921875 0.36484375 0.040625 0.1171875
3 0.55 0.27890625 0.06875 0.096875
4 0.96953125 0.5078125 0.0609375 0.1375
3 0.38046875 0.203125 0.04375 0.046875
3 0.3765625 0.20078125 0.053125 0.05
2 0.1421875 0.61953125 0.284375 0.7609375
1 0.809375 0.21484375 0.04375 0.0734375
0 0.2625 0.22734375 0.0234375 0.0375
0 0.546875 0.1671875 0.0109375 0.03125
0 0.51640625 0.16875 0.015625 0.03125
3 0.72734375 0.21171875 0.053125 0.065625
0 0.853125 0.23515625 0.015625 0.075
0 0.875 0.24609375 0.0234375 0.059375
0 0.87109375 0.2046875 0.01875 0.046875
3 0.8859375 0.16796875 0.034375 0.046875
3 0.95234375 0.20390625 0.0265625 0.059375