0 0.49765625 0.34765625 0.1421875 0.075
1 0.65390625 0.76015625 0.11875 0.065625
3 0.28046875 0.77734375 0.2734375 0.20625
0 0.63984375 0.58125 0.1125 0.0328125
3 0.4375 0.83984375 0.171875 0.146875
3 0.5703125 0.26953125 0.153125 0.1359375
3 0.5671875 0.6515625 0.140625 0.0984375
3 0.70546875 0.6546875 0.103125 0.078125
0 0.68671875 0.66328125 0.0921875 0.034375
3 0.71640625 0.56328125 0.0625 0.06875
5 0.4890625 0.02734375 0.2109375 0.0546875
0 0.68359375 0.703125 0.103125 0.03125
3 0.74453125 0.9265625 0.0625 0.0953125
4 0.04140625 0.615625 0.0828125 0.0640625
3 0.74375 0.834375 0.06875 0.046875
3 0.74140625 0.7453125 0.0625 0.0453125
1 0.78828125 0.74921875 0.040625 0.040625
2 0.18359375 0.51875 0.365625 0.225
1 0.2546875 0.26328125 0.353125 0.228125
1 0.81328125 0.928125 0.0515625 0.034375
4 0.60234375 0.88671875 0.16875 0.0484375
0 0.42265625 0.57578125 0.1765625 0.05
0 0.54765625 0.47421875 0.1109375 0.0484375
1 0.696875 0.8046875 0.115625 0.046875
3 0.7703125 0.6859375 0.065625 0.0625
1 0.734375 0.01015625 0.109375 0.0203125
4 0.56328125 0.98046875 0.15625 0.0234375
4 0.65234375 0.971875 0.1 0.0375
0 0.6890625 0.43671875 0.0875 0.046875
0 0.8234375 0.90078125 0.0515625 0.01875
0 0.821875 0.8828125 0.046875 0.0171875
0 0.83359375 0.81875 0.0328125 0.025
4 0.14921875 0.95625 0.1921875 0.0875
4 0.46484375 0.98125 0.1234375 0.0375
5 0.909375 0.9171875 0.0796875 0.053125