0 0.16328125 0.29765625 0.02421875 0.10390625
1 0.17890625 0.2234375 0.0359375 0.06328125
3 0.12265625 0.33828125 0.0765625 0.1078125
3 0.2375 0.69609375 0.196875 0.259375
3 0.18046875 0.546875 0.140625 0.16875
1 0.54921875 0.37265625 0.08515625 0.1625
5 0.67109375 0.14921875 0.26640625 0.228125
3 0.23203125 0.29453125 0.0640625 0.09765625
2 0.8859375 0.7125 0.221875 0.575
1 0.8890625 0.21796875 0.040625 0.040625
1 0.53359375 0.18671875 0.01875 0.05
3 0.39453125 0.3140625 0.075 0.11171875
3 0.13125 0.1734375 0.03671875 0.046875
4 0.0578125 0.35390625 0.0546875 0.16484375
4 0.26171875 0.85234375 0.08046875 0.17578125
3 0.46328125 0.17421875 0.03984375 0.028125
3 0.27109375 0.20625 0.05078125 0.059375
0 0.27890625 0.2375 0.02890625 0.0640625
4 0.03515625 0.50078125 0.059375 0.121875
4 0.078125 0.82734375 0.05 0.134375
5 0.38203125 0.1484375 0.03671875 0.04609375
3 0.09375 0.1328125 0.025 0.03984375
2 0.09375 0.0921875 0.03671875 0.034375
0 0.15703125 0.165625 0.009375 0.04453125
0 0.2140625 0.18125 0.0125 0.05625
3 0.2 0.19765625 0.02109375 0.05625
3 0.13671875 0.134375 0.02734375 0.0265625
0 0.11015625 0.1484375 0.01328125 0.04375
0 0.5046875 0.3109375 0.0203125 0.103125