3 0.2390625 0.68671875 0.18515625 0.2578125
3 0.18515625 0.559375 0.14453125 0.171875
2 0.69609375 0.5390625 0.5296875 0.5609375
0 0.21875 0.26328125 0.0296875 0.08359375
3 0.353125 0.30390625 0.09140625 0.10703125
0 0.39375 0.3671875 0.0703125 0.12734375
1 0.1140625 0.41953125 0.09375 0.17265625
3 0.0859375 0.23515625 0.06171875 0.0703125
0 0.959375 0.64296875 0.04921875 0.25390625
0 0.97421875 0.5421875 0.04765625 0.24609375
4 0.04375 0.34453125 0.0453125 0.10859375
4 0.03046875 0.50390625 0.04765625 0.1078125
1 0.45234375 0.86875 0.12890625 0.2546875
0 0.2421875 0.24921875 0.021875 0.078125
3 0.27421875 0.240625 0.03984375 0.07421875
3 0.26171875 0.18984375 0.03828125 0.02890625
1 0.49921875 0.17265625 0.0265625 0.04765625
1 0.68671875 0.21171875 0.04140625 0.04921875
2 0.2578125 0.11171875 0.04921875 0.06640625
2 0.3046875 0.12109375 0.03203125 0.05
4 0.13359375 0.3078125 0.025 0.0453125
0 0.109375 0.20625 0.01484375 0.0625
5 0.1234375 0.15625 0.02421875 0.0921875
3 0.14296875 0.15625 0.01171875 0.04140625
0 0.08984375 0.16171875 0.0109375 0.05078125
0 0.08125 0.14765625 0.009375 0.04140625