3 0.34296875 0.87578125 0.3015625 0.2484375
0 0.553125 0.7265625 0.184375 0.0578125
3 0.66015625 0.74921875 0.15 0.16875
3 0.31796875 0.24921875 0.2984375 0.240625
3 0.72421875 0.128125 0.084375 0.075
1 0.8546875 0.17578125 0.065625 0.04375
3 0.48515625 0.1984375 0.16875 0.16875
0 0.53046875 0.978125 0.140625 0.04375
5 0.88671875 0.325 0.159375 0.1140625
4 0.7296875 0.19765625 0.071875 0.04375
3 0.80625 0.9796875 0.096875 0.040625
3 0.90859375 0.18125 0.04375 0.05625
0 0.83203125 0.22109375 0.075 0.021875
4 0.09921875 0.0828125 0.1984375 0.084375
4 0.2109375 0.07734375 0.140625 0.0875
1 0.940625 0.1421875 0.05 0.040625
3 0.9125 0.1109375 0.0421875 0.040625
4 0.59921875 0.28984375 0.2171875 0.0640625
3 0.63359375 0.2015625 0.115625 0.13125
3 0.8015625 0.38984375 0.1328125 0.084375
5 0.93046875 0.45859375 0.096875 0.059375
4 0.57578125 0.05 0.253125 0.075
3 0.76640625 0.07890625 0.05625 0.065625
0 0.8703125 0.62109375 0.046875 0.015625
1 0.88125 0.5484375 0.0625 0.034375
3 0.93828125 0.08359375 0.03125 0.025
3 0.9578125 0.103125 0.034375 0.021875
5 0.97890625 0.07265625 0.0421875 0.0375
3 0.9578125 0.23359375 0.0421875 0.0421875
3 0.83359375 0.9 0.075 0.06875
0 0.81953125 0.89140625 0.05625 0.01875
4 0.86171875 0.70546875 0.034375 0.0140625
4 0.60625 0.10859375 0.1921875 0.028125