1 0.27890625 0.3234375 0.10625 0.0859375
3 0.70078125 0.215625 0.271875 0.23125
4 0.36640625 0.05703125 0.13125 0.034375
3 0.33359375 0.1109375 0.1 0.078125
3 0.21171875 0.1984375 0.06875 0.059375
3 0.33125 0.52734375 0.1203125 0.1109375
3 0.54140625 0.16640625 0.159375 0.15
0 0.31015625 0.20390625 0.10625 0.046875
0 0.2 0.146875 0.0875 0.0328125
4 0.50234375 0.02890625 0.1265625 0.05625
0 0.325 0.284375 0.103125 0.05
4 0.89296875 0.53203125 0.2140625 0.0921875
0 0.18046875 0.15390625 0.078125 0.046875
2 0.721875 0.89140625 0.55625 0.2140625
3 0.2375 0.81796875 0.090625 0.09375
0 0.153125 0.1125 0.05 0.0203125
0 0.16640625 0.46796875 0.059375 0.021875