3 0.23359375 0.22265625 0.296875 0.2125
3 0.39140625 0.16171875 0.19375 0.1625
1 0.67734375 0.234375 0.13125 0.071875
3 0.5421875 0.16484375 0.128125 0.1421875
3 0.63984375 0.08984375 0.103125 0.0875
0 0.728125 0.27265625 0.109375 0.034375
3 0.73671875 0.2 0.084375 0.0625
3 0.64296875 0.43828125 0.109375 0.10625
0 0.50859375 0.478125 0.18125 0.0734375
3 0.51953125 0.82578125 0.175 0.1921875
5 0.828125 0.225 0.1125 0.1
0 0.32890625 0.609375 0.28125 0.1
0 0.721875 0.32734375 0.084375 0.0359375
0 0.7953125 0.12265625 0.075 0.015625
0 0.784375 0.1078125 0.065625 0.015625
1 0.8328125 0.06328125 0.06875 0.0375
5 0.8515625 0.565625 0.171875 0.18125
0 0.79296875 0.16796875 0.0703125 0.021875
0 0.61953125 0.328125 0.1359375 0.05
0 0.71015625 0.384375 0.0875 0.046875
3 0.68203125 0.51171875 0.1125 0.0875
4 0.1046875 0.040625 0.209375 0.08125
4 0.4109375 0.025 0.259375 0.05
4 0.52265625 0.00859375 0.146875 0.0171875
0 0.7828125 0.075 0.0734375 0.021875
0 0.74921875 0.14609375 0.0921875 0.025
3 0.725 0.96328125 0.096875 0.0734375
3 0.75234375 0.8828125 0.0734375 0.06875
3 0.734375 0.81875 0.0546875 0.065625
1 0.76953125 0.7171875 0.0625 0.04375
5 0.91015625 0.140625 0.053125 0.05625
3 0.75234375 0.025 0.0875 0.04375
3 0.67265625 0.04140625 0.0703125 0.06875
0 0.80078125 0.05703125 0.065625 0.0171875
3 0.8640625 0.09609375 0.034375 0.0265625