3 0.71640625 0.7765625 0.275 0.209375
3 0.33203125 0.7390625 0.0828125 0.090625
5 0.15546875 0.71171875 0.1078125 0.0875
0 0.76484375 0.35703125 0.3 0.1
0 0.55234375 0.34609375 0.2015625 0.125
3 0.27265625 0.8234375 0.08125 0.0640625
3 0.56171875 0.84296875 0.175 0.153125
3 0.2140625 0.86484375 0.053125 0.05
5 0.2625 0.4171875 0.275 0.225
0 0.4234375 0.31484375 0.1046875 0.05625
5 0.4578125 0.5671875 0.35 0.1625
1 0.2484375 0.75390625 0.078125 0.05
0 0.54765625 0.234375 0.190625 0.0796875
3 0.44609375 0.415625 0.159375 0.134375
3 0.265625 0.690625 0.084375 0.0671875
5 0.41953125 0.16875 0.240625 0.2046875
4 0.8828125 0.9609375 0.234375 0.078125
0 0.86484375 0.059375 0.26875 0.11875
3 0.28828125 0.03046875 0.1 0.0609375
3 0.2515625 0.1359375 0.059375 0.08125
4 0.39609375 0.89140625 0.146875 0.03125
4 0.42890625 0.9765625 0.175 0.034375
3 0.3078125 0.96484375 0.040625 0.015625
3 0.34765625 0.89765625 0.1203125 0.09375