2 0.8125 0.3109375 0.115625 0.1484375
3 0.32421875 0.76953125 0.221875 0.18125
3 0.44453125 0.81640625 0.1671875 0.146875
3 0.67109375 0.42265625 0.1359375 0.1015625
4 0.659375 0.95625 0.11875 0.025
1 0.62265625 0.55234375 0.1703125 0.090625
1 0.5953125 0.88515625 0.165625 0.10625
5 0.8609375 0.74140625 0.146875 0.10625
1 0.8578125 0.89140625 0.053125 0.03125
0 0.43515625 0.44375 0.234375 0.0625
0 0.796875 0.81875 0.06875 0.0171875
4 0.20703125 0.7390625 0.2765625 0.0625
2 0.77890625 0.625 0.1890625 0.11875
3 0.55390625 0.3046875 0.175 0.1625
4 0.14765625 0.96640625 0.29375 0.0671875
0 0.75390625 0.040625 0.053125 0.034375
3 0.70078125 0.703125 0.0984375 0.0875
0 0.6578125 0.7375 0.11875 0.040625
0 0.7703125 0.87734375 0.084375 0.021875
5 0.74453125 0.62578125 0.13125 0.09375
0 0.76875 0.73203125 0.0640625 0.0171875
3 0.72265625 0.9421875 0.08125 0.084375
4 0.4859375 0.96875 0.125 0.05625
4 0.70390625 0.93203125 0.0625 0.015625
0 0.815625 0.86015625 0.059375 0.0140625
0 0.83828125 0.87890625 0.0375 0.0140625
3 0.8328125 0.8359375 0.059375 0.025
1 0.84375 0.928125 0.0609375 0.028125
3 0.76875 0.16796875 0.05625 0.071875