0 0.6859375 0.40859375 0.06171875 0.15
3 0.13671875 0.334375 0.0859375 0.10859375
3 0.18125 0.54453125 0.1421875 0.165625
3 0.3359375 0.26875 0.0578125 0.0796875
3 0.2375 0.69296875 0.19140625 0.265625
1 0.2703125 0.290625 0.0625 0.10078125
0 0.7953125 0.42734375 0.071875 0.14140625
4 0.2046875 0.41328125 0.0453125 0.1046875
0 0.13359375 0.2078125 0.02734375 0.0734375
2 0.9265625 0.88828125 0.14296875 0.21875
0 0.34921875 0.384375 0.03828125 0.1671875
0 0.54609375 0.47421875 0.06796875 0.15078125
3 0.8375 0.23359375 0.09296875 0.0671875
3 0.11875 0.1453125 0.02109375 0.034375
3 0.15 0.16875 0.034375 0.0421875
0 0.22890625 0.20078125 0.02109375 0.0578125
0 0.2203125 0.2 0.03671875 0.07421875
0 0.21171875 0.2046875 0.025 0.05703125
0 0.1859375 0.22890625 0.02734375 0.07109375
0 0.19609375 0.2328125 0.0375 0.0765625
3 0.0859375 0.20625 0.0578125 0.1
4 0.06015625 0.4765625 0.028125 0.1921875
4 0.09296875 0.4640625 0.03203125 0.2
4 0.0421875 0.334375 0.0125 0.07109375
4 0.05234375 0.30546875 0.0125 0.04453125
3 0.28515625 0.21796875 0.04609375 0.05546875
0 0.4921875 0.390625 0.03046875 0.13203125
0 0.3890625 0.3578125 0.03203125 0.12734375
0 0.42890625 0.290625 0.02109375 0.09921875
0 0.4640625 0.33984375 0.03046875 0.11953125
0 0.5234375 0.6578125 0.0640625 0.225
4 0.5734375 0.79765625 0.0703125 0.3203125
4 0.48125 0.921875 0.05625 0.15546875
4 0.459375 0.7703125 0.0390625 0.28046875
4 0.07265625 0.85078125 0.06484375 0.15078125
4 0.06875 0.7890625 0.05625 0.1203125
0 0.2515625 0.2265625 0.015625 0.04609375
0 0.10546875 0.17109375 0.01171875 0.05390625
3 0.16953125 0.1953125 0.0328125 0.05625
1 0.1921875 0.16171875 0.02578125 0.03515625
3 0.09921875 0.1296875 0.01875 0.02421875
0 0.07421875 0.13984375 0.0109375 0.03125
3 0.0765625 0.11796875 0.01796875 0.02265625
0 0.084375 0.1375 0.009375 0.0359375
0 0.17109375 0.1515625 0.0140625 0.03125