1 0.71875 0.35390625 0.13125 0.0875
1 0.7390625 0.2671875 0.1125 0.06875
3 0.6109375 0.521875 0.146875 0.14375
0 0.715625 0.43359375 0.11875 0.040625
5 0.759375 0.8078125 0.48125 0.384375
4 0.690625 0.0078125 0.128125 0.015625
3 0.3109375 0.19453125 0.296875 0.2296875
0 0.82109375 0.084375 0.06875 0.028125
3 0.4796875 0.1390625 0.175 0.159375
3 0.80703125 0.34609375 0.040625 0.075
3 0.8125 0.209375 0.0734375 0.059375
1 0.84609375 0.2609375 0.06875 0.065625
4 0.521875 0.0078125 0.125 0.015625
4 0.21796875 0.22109375 0.2421875 0.0703125
1 0.75234375 0.15703125 0.15 0.071875
0 0.54140625 0.41328125 0.178125 0.0640625
4 0.16171875 0.0234375 0.1703125 0.046875
3 0.9046875 0.0625 0.0453125 0.0359375
3 0.7578125 0.02421875 0.1015625 0.0484375
5 0.93046875 0.11796875 0.0859375 0.0625
3 0.86171875 0.18984375 0.05 0.04375
1 0.85234375 0.11796875 0.06875 0.040625
3 0.84609375 0.521875 0.05625 0.05625
3 0.865625 0.44921875 0.046875 0.040625
3 0.9234375 0.1921875 0.0375 0.0328125