1 0.43046875 0.21484375 0.253125 0.178125
3 0.71015625 0.6578125 0.115625 0.103125
3 0.83828125 0.71015625 0.06875 0.0625
1 0.6546875 0.86953125 0.175 0.109375
3 0.75546875 0.5578125 0.0765625 0.090625
0 0.6421875 0.51015625 0.14375 0.0625
5 0.8578125 0.28984375 0.1203125 0.13125
1 0.82421875 0.06875 0.16875 0.1375
4 0.509375 0.96796875 0.121875 0.0625
4 0.2 0.72421875 0.2484375 0.071875
3 0.47109375 0.81328125 0.1796875 0.1671875
3 0.2984375 0.75859375 0.3078125 0.228125
1 0.85078125 0.81328125 0.059375 0.0578125
0 0.13671875 0.2078125 0.2734375 0.109375
4 0.15546875 0.94453125 0.2125 0.0828125
4 0.69140625 0.96015625 0.115625 0.0328125
1 0.90546875 0.55078125 0.075 0.0578125
2 0.928125 0.6421875 0.078125 0.05625
2 0.96171875 0.90859375 0.0609375 0.0390625
0 0.903125 0.878125 0.0453125 0.015625
1 0.9453125 0.725 0.06875 0.04375
2 0.9828125 0.85 0.034375 0.040625