3 0.6640625 0.07265625 0.28125 0.1453125
3 0.7171875 0.78828125 0.284375 0.209375
0 0.665625 0.22421875 0.246875 0.109375
1 0.44609375 0.265625 0.2046875 0.1546875
3 0.54765625 0.8515625 0.175 0.15
1 0.2359375 0.71953125 0.071875 0.05
1 0.3328125 0.7484375 0.146875 0.08125
0 0.190625 0.8421875 0.05625 0.01875
3 0.21328125 0.93046875 0.0671875 0.0625
1 0.259375 0.8 0.103125 0.05
5 0.096875 0.78515625 0.15 0.109375
0 0.50859375 0.4546875 0.2109375 0.078125
0 0.20859375 0.859375 0.084375 0.03125
0 0.32578125 0.63984375 0.1015625 0.04375
3 0.2578125 0.615625 0.084375 0.08125
0 0.32890625 0.68984375 0.109375 0.034375
2 0.07734375 0.94140625 0.084375 0.075
3 0.421875 0.4703125 0.171875 0.134375
3 0.31328125 0.91953125 0.10625 0.0984375
3 0.22734375 0.05390625 0.10625 0.1078125
3 0.17890625 0.77890625 0.0484375 0.05
3 0.33984375 0.5453125 0.1 0.078125
3 0.24375 0.56796875 0.0875 0.040625
0 0.446875 0.66875 0.1703125 0.0578125
0 0.38046875 0.896875 0.14375 0.0453125
3 0.1453125 0.92265625 0.0671875 0.04375
4 0.5109375 0.9859375 0.134375 0.028125
0 0.4640625 0.5765625 0.165625 0.059375
3 0.45625 0.04453125 0.16875 0.0890625
0 0.19375 0.87265625 0.0625 0.028125
4 0.40546875 0.99140625 0.1640625 0.0171875
4 0.3078125 0.9921875 0.06875 0.015625
4 0.85078125 0.96328125 0.1875 0.0734375
4 0.9625 0.60625 0.075 0.0703125
5 0.121875 0.46640625 0.10625 0.059375
3 0.240625 0.67734375 0.090625 0.028125
0 0.25390625 0.53359375 0.078125 0.021875
3 0.1984375 0.65 0.03125 0.0328125
0 0.184375 0.72421875 0.040625 0.01875
3 0.21484375 0.7640625 0.06875 0.034375
0 0.1421875 0.90390625 0.05 0.0125
3 0.12890625 0.890625 0.04375 0.021875