3 0.27265625 0.23515625 0.0546875 0.0765625
2 0.90390625 0.603125 0.1921875 0.79375
0 0.275 0.33515625 0.02734375 0.11015625
0 0.3171875 0.3125 0.03125 0.121875
3 0.35390625 0.2890625 0.0609375 0.09375
3 0.23671875 0.703125 0.196875 0.25625
3 0.18125 0.54453125 0.1421875 0.16640625
5 0.20703125 0.240625 0.090625 0.16171875
0 0.22265625 0.3234375 0.03046875 0.11484375
3 0.59921875 0.36484375 0.125 0.1390625
5 0.1703125 0.1171875 0.0578125 0.08125
1 0.14921875 0.190625 0.0296875 0.06796875
3 0.47578125 0.296875 0.075 0.090625
3 0.11640625 0.18671875 0.03828125 0.05390625
4 0.14140625 0.38125 0.046875 0.16875
4 0.0359375 0.50625 0.06796875 0.1296875
0 0.4296875 0.309375 0.02265625 0.11640625
0 0.27578125 0.2609375 0.0171875 0.05234375
0 0.3078125 0.24765625 0.01875 0.06328125
5 0.38125 0.2390625 0.059375 0.07734375
5 0.30546875 0.16328125 0.096875 0.1171875
4 0.05 0.41953125 0.02265625 0.14921875
4 0.0734375 0.3609375 0.0171875 0.1328125
4 0.05390625 0.30703125 0.02109375 0.05234375
4 0.08203125 0.83671875 0.0609375 0.1515625