3 0.3078125 0.24296875 0.278125 0.228125
3 0.6875 0.1234375 0.084375 0.084375
3 0.778125 0.96171875 0.090625 0.0765625
0 0.50625 0.87265625 0.2 0.0828125
3 0.76171875 0.3734375 0.053125 0.0640625
3 0.60859375 0.4953125 0.128125 0.134375
1 0.76796875 0.21640625 0.1 0.0703125
5 0.746875 0.62734375 0.265625 0.3
0 0.4640625 0.69296875 0.23125 0.078125
3 0.67265625 0.4515625 0.1 0.1015625
0 0.77734375 0.290625 0.071875 0.0359375
4 0.41953125 0.0953125 0.228125 0.0625
0 0.67265625 0.3171875 0.11875 0.0640625
0 0.84453125 0.1171875 0.046875 0.025
3 0.14921875 0.96796875 0.2984375 0.0640625
0 0.8453125 0.16953125 0.046875 0.028125
0 0.62265625 0.35234375 0.1375 0.053125
4 0.1609375 0.08046875 0.2109375 0.0875
0 0.35390625 0.9578125 0.2828125 0.084375
3 0.46328125 0.19921875 0.178125 0.128125
3 0.60078125 0.1890625 0.1140625 0.128125
0 0.85078125 0.08828125 0.0515625 0.021875
4 0.4984375 0.0640625 0.178125 0.0359375
0 0.80234375 0.2703125 0.059375 0.0296875
0 0.53359375 0.4578125 0.175 0.059375
3 0.796875 0.86875 0.0765625 0.0640625
4 0.54375 0.04765625 0.221875 0.0359375
3 0.92890625 0.2609375 0.109375 0.0671875
3 0.91171875 0.08046875 0.0375 0.028125
3 0.8796875 0.13515625 0.034375 0.034375
3 0.87421875 0.10390625 0.04375 0.028125
5 0.95234375 0.08203125 0.05 0.03125
5 0.97734375 0.09453125 0.034375 0.021875
0 0.56875 0.6453125 0.196875 0.0484375