3 0.709375 0.7546875 0.284375 0.228125
4 0.7765625 0.73125 0.271875 0.1109375
4 0.81484375 0.93515625 0.178125 0.1
3 0.41875 0.3609375 0.215625 0.1375
5 0.3265625 0.58125 0.30625 0.16875
5 0.175 0.659375 0.20625 0.1359375
3 0.53203125 0.14453125 0.259375 0.278125
3 0.55546875 0.8140625 0.209375 0.171875
4 0.51328125 0.96484375 0.159375 0.0703125
4 0.45390625 0.95546875 0.1140625 0.059375
4 0.34921875 0.95 0.1046875 0.028125
4 0.3515625 0.9265625 0.146875 0.0421875
3 0.29375 0.934375 0.1 0.08125
3 0.215625 0.85546875 0.0765625 0.059375
3 0.20390625 0.94609375 0.078125 0.05625
3 0.1640625 0.8984375 0.06875 0.034375
0 0.1765625 0.91171875 0.0609375 0.028125
0 0.25390625 0.840625 0.0859375 0.0328125
0 0.23125 0.8234375 0.10625 0.01875
0 0.23046875 0.8015625 0.0921875 0.0296875
0 0.23515625 0.77890625 0.090625 0.021875
0 0.25625 0.75859375 0.08125 0.046875
1 0.84140625 0.18203125 0.315625 0.340625
2 0.11640625 0.83984375 0.109375 0.08125
1 0.74609375 0.08828125 0.2265625 0.1765625
3 0.2015625 0.31171875 0.0828125 0.053125
1 0.26640625 0.03828125 0.0890625 0.0765625
3 0.1546875 0.52421875 0.05 0.040625
0 0.1765625 0.4765625 0.08125 0.021875
0 0.23046875 0.27265625 0.0296875 0.03125
0 0.190625 0.40625 0.0390625 0.03125
0 0.1984375 0.3734375 0.03125 0.0234375
2 0.1359375 0.60390625 0.0671875 0.025
3 0.10390625 0.90625 0.04375 0.028125