1 0.4390625 0.31328125 0.07890625 0.1390625
3 0.234375 0.66484375 0.19140625 0.19765625
3 0.603125 0.34453125 0.103125 0.1109375
0 0.35390625 0.27734375 0.03203125 0.08125
3 0.18046875 0.54609375 0.146875 0.1625
1 0.1171875 0.4078125 0.09921875 0.15625
1 0.9625 0.24921875 0.075 0.075
3 0.6609375 0.20625 0.0703125 0.046875
0 0.35859375 0.47265625 0.06171875 0.18359375
3 0.73515625 0.41640625 0.1640625 0.15859375
0 0.57890625 0.4265625 0.05859375 0.14140625
4 0.05 0.34375 0.0453125 0.12109375
4 0.03984375 0.5140625 0.0671875 0.1265625
0 0.10234375 0.1765625 0.0296875 0.06015625
4 0.265625 0.7953125 0.05 0.2171875
4 0.071875 0.33125 0.02265625 0.11484375
0 0.12734375 0.20625 0.028125 0.06171875
0 0.121875 0.1671875 0.0078125 0.01953125
3 0.3015625 0.2890625 0.07734375 0.11484375
3 0.32421875 0.22109375 0.0484375 0.06796875
1 0.22578125 0.2234375 0.05 0.109375