3 0.665625 0.4515625 0.13125 0.08125
3 0.32109375 0.24140625 0.26875 0.265625
3 0.28359375 0.76796875 0.2625 0.215625
3 0.52421875 0.1484375 0.175 0.1828125
3 0.8140625 0.83515625 0.0546875 0.04375
3 0.4390625 0.81796875 0.171875 0.153125
5 0.7703125 0.578125 0.18125 0.1359375
1 0.578125 0.8875 0.16875 0.1140625
3 0.73203125 0.84296875 0.084375 0.0765625
3 0.77578125 0.78203125 0.05625 0.0484375
3 0.8171875 0.7546875 0.0515625 0.053125
3 0.3671875 0.05390625 0.29375 0.10625
3 0.71015625 0.64921875 0.078125 0.0765625
4 0.65234375 0.9609375 0.1171875 0.034375
0 0.67265625 0.75859375 0.1046875 0.040625
3 0.74296875 0.71953125 0.0734375 0.0578125
4 0.23203125 0.815625 0.196875 0.1203125
0 0.6140625 0.528125 0.1640625 0.1
0 0.6609375 0.678125 0.128125 0.040625
4 0.47421875 0.96953125 0.1390625 0.0609375
4 0.36015625 0.653125 0.240625 0.0453125
5 0.87578125 0.8 0.090625 0.0703125
2 0.84453125 0.90703125 0.128125 0.0671875