1 0.69375 0.4703125 0.1421875 0.1859375
3 0.12734375 0.33984375 0.075 0.0953125
5 0.72890625 0.1734375 0.25625 0.20390625
4 0.40625 0.71328125 0.0734375 0.240625
2 0.1015625 0.13046875 0.0671875 0.09296875
3 0.228125 0.69375 0.21875 0.26171875
0 0.2984375 0.259375 0.034375 0.065625
0 0.51875 0.6375 0.07265625 0.2375
3 0.18359375 0.54375 0.1453125 0.15703125
0 0.2359375 0.23359375 0.02890625 0.059375
0 0.42109375 0.41484375 0.053125 0.134375
3 0.38515625 0.30390625 0.075 0.08828125
4 0.0375 0.5078125 0.05859375 0.1140625
0 0.209375 0.18046875 0.0234375 0.05546875
4 0.06640625 0.353125 0.04765625 0.14375
0 0.14765625 0.175 0.021875 0.04921875
2 0.934375 0.6421875 0.13125 0.6515625
0 0.77734375 0.60390625 0.08203125 0.16875
0 0.1 0.19609375 0.03203125 0.05625
3 0.45 0.1765625 0.040625 0.04296875
0 0.56015625 0.190625 0.02578125 0.05234375
0 0.95 0.27734375 0.040625 0.071875