3 0.3828125 0.87421875 0.246875 0.2515625
3 0.4796875 0.94765625 0.196875 0.1046875
3 0.57421875 0.7234375 0.16875 0.1484375
3 0.6328125 0.63828125 0.115625 0.1109375
3 0.67578125 0.4109375 0.10625 0.0953125
3 0.28515625 0.2359375 0.29375 0.184375
3 0.45 0.16796875 0.146875 0.16875
3 0.7359375 0.9515625 0.071875 0.096875
3 0.75078125 0.7796875 0.065625 0.0828125
5 0.80390625 0.57578125 0.05 0.059375
5 0.875 0.44375 0.190625 0.1484375
2 0.840625 0.27265625 0.10625 0.1
2 0.65859375 0.27890625 0.296875 0.1625
1 0.89921875 0.18203125 0.05625 0.0390625
1 0.5921875 0.10234375 0.1453125 0.109375
4 0.796875 0.07421875 0.0546875 0.021875
0 0.815625 0.09609375 0.0734375 0.040625
0 0.61328125 0.525 0.1578125 0.0484375
0 0.59375 0.38359375 0.153125 0.0375
0 0.70546875 0.0890625 0.0734375 0.0515625
0 0.78828125 0.12890625 0.0546875 0.021875
0 0.79296875 0.165625 0.0640625 0.01875
0 0.79765625 0.1921875 0.059375 0.0140625
4 0.234375 0.12578125 0.303125 0.0640625
4 0.48203125 0.02890625 0.1421875 0.0578125
0 0.6453125 0.04296875 0.1234375 0.01875
1 0.759375 0.85546875 0.0640625 0.040625
1 0.7765625 0.6921875 0.0609375 0.0609375
0 0.803125 0.63203125 0.040625 0.021875