3 0.67890625 0.39140625 0.12578125 0.1375
1 0.228125 0.39609375 0.10078125 0.14296875
3 0.234375 0.69375 0.21484375 0.27109375
3 0.4375 0.3234375 0.09296875 0.1
3 0.2 0.24453125 0.0625 0.065625
0 0.52890625 0.46171875 0.06015625 0.14296875
1 0.54453125 0.3828125 0.1171875 0.15703125
3 0.17890625 0.5484375 0.14609375 0.16484375
1 0.315625 0.2578125 0.06484375 0.096875
3 0.40234375 0.25625 0.07890625 0.07265625
5 0.10625 0.1734375 0.0625 0.07734375
4 0.0390625 0.509375 0.065625 0.11015625
4 0.078125 0.84921875 0.0671875 0.146875
3 0.1265625 0.3390625 0.07421875 0.103125
3 0.159375 0.1828125 0.0203125 0.0453125
0 0.17578125 0.18515625 0.0125 0.04453125
1 0.19609375 0.19609375 0.0359375 0.03125
0 0.1390625 0.2375 0.028125 0.075
4 0.07265625 0.35703125 0.03203125 0.128125
0 0.11796875 0.20234375 0.01953125 0.0578125
1 0.2625 0.2109375 0.046875 0.09140625
4 0.12265625 0.39140625 0.01796875 0.14375
4 0.45390625 0.93046875 0.07421875 0.1390625
5 0.53671875 0.171875 0.1109375 0.09765625
5 0.79765625 0.20703125 0.0953125 0.1203125
0 0.696875 0.2234375 0.02109375 0.0453125
5 0.33359375 0.196875 0.05703125 0.04921875
3 0.20078125 0.1640625 0.02421875 0.03125
0 0.2203125 0.19375 0.01484375 0.06171875
0 0.17578125 0.2828125 0.02265625 0.08125
5 0.178125 0.12734375 0.0359375 0.06171875
2 0.10234375 0.11015625 0.05546875 0.0578125
0 0.08046875 0.16640625 0.0140625 0.0421875
1 0.875 0.24921875 0.0484375 0.040625