1 0.440625 0.478125 0.103125 0.2
5 0.41171875 0.27265625 0.1015625 0.14453125
3 0.5421875 0.3640625 0.11171875 0.09140625
2 0.1203125 0.13203125 0.07890625 0.10234375
1 0.6875 0.55078125 0.15234375 0.22109375
0 0.78984375 0.49609375 0.0703125 0.1625
3 0.9234375 0.71328125 0.15234375 0.31015625
4 0.14609375 0.3796875 0.04453125 0.11953125
0 0.6203125 0.74453125 0.09296875 0.296875
0 0.67109375 0.371875 0.0484375 0.10234375
3 0.18515625 0.5453125 0.146875 0.16015625
3 0.36640625 0.40859375 0.11875 0.14765625
3 0.95625 0.26953125 0.0796875 0.1078125
0 0.5828125 0.4515625 0.04921875 0.1515625
3 0.23125 0.69453125 0.22734375 0.25546875
3 0.19921875 0.24140625 0.07578125 0.071875
0 0.1984375 0.296875 0.03046875 0.096875
0 0.52734375 0.41171875 0.03359375 0.13671875
4 0.040625 0.509375 0.06015625 0.11015625
3 0.10859375 0.20078125 0.04375 0.05546875
3 0.2640625 0.19296875 0.0484375 0.03359375
3 0.21875 0.17109375 0.0421875 0.03359375
3 0.3015625 0.2640625 0.07265625 0.05546875
3 0.95 0.50546875 0.1 0.171875
1 0.53046875 0.278125 0.07109375 0.071875
3 0.2703125 0.24375 0.0515625 0.0625
0 0.3265625 0.22109375 0.021875 0.04296875
4 0.05 0.4109375 0.03046875 0.1546875
4 0.05234375 0.309375 0.03515625 0.06171875
0 0.1234375 0.24609375 0.021875 0.08359375
3 0.171875 0.1859375 0.0421875 0.05625
0 0.1734375 0.1890625 0.0109375 0.03203125
0 0.35078125 0.25625 0.01875 0.0671875
0 0.45625 0.30234375 0.02265625 0.08984375
0 0.4453125 0.35078125 0.02578125 0.0578125
0 0.6171875 0.346875 0.04296875 0.1109375
0 0.74921875 0.40078125 0.0390625 0.0765625
1 0.646875 0.2078125 0.040625 0.03984375
2 0.5203125 0.15859375 0.07890625 0.090625
1 0.44140625 0.15859375 0.0171875 0.0296875