1 0.4359375 0.48359375 0.10625 0.20625
5 0.40546875 0.2703125 0.10625 0.15
3 0.540625 0.365625 0.115625 0.0953125
2 0.103125 0.125 0.08125 0.10625
1 0.6921875 0.559375 0.1578125 0.2296875
0 0.79765625 0.50234375 0.071875 0.16875
3 0.92890625 0.72734375 0.1421875 0.321875
4 0.13046875 0.38203125 0.046875 0.125
0 0.62265625 0.7609375 0.096875 0.309375
0 0.675 0.3734375 0.05 0.10625
3 0.1703125 0.553125 0.153125 0.165625
3 0.35859375 0.41171875 0.1234375 0.153125
3 0.96484375 0.2671875 0.0703125 0.1125
0 0.5828125 0.45625 0.0515625 0.15625
3 0.21796875 0.70859375 0.234375 0.265625
3 0.18515625 0.23828125 0.078125 0.075
0 0.184375 0.29609375 0.03125 0.1
0 0.52578125 0.41484375 0.034375 0.140625
4 0.02578125 0.515625 0.0515625 0.1140625
3 0.090625 0.1953125 0.0453125 0.05625
3 0.25234375 0.18828125 0.05 0.034375
3 0.20546875 0.16484375 0.04375 0.034375
3 0.29140625 0.26171875 0.075 0.05625
3 0.95625 0.5125 0.0875 0.178125
1 0.52890625 0.2765625 0.075 0.075
3 0.25859375 0.240625 0.053125 0.065625
0 0.31796875 0.2171875 0.021875 0.04375
4 0.03046875 0.4140625 0.03125 0.1609375
4 0.0328125 0.309375 0.0375 0.0640625
0 0.10625 0.24296875 0.021875 0.0875
3 0.15625 0.18046875 0.04375 0.0578125
0 0.1578125 0.18359375 0.0125 0.034375
0 0.3421875 0.25390625 0.01875 0.06875
0 0.45234375 0.3015625 0.025 0.09375
0 0.440625 0.35234375 0.0265625 0.059375
0 0.61953125 0.34765625 0.04375 0.115625
0 0.75546875 0.40390625 0.040625 0.0796875
1 0.65 0.203125 0.0421875 0.040625
2 0.51796875 0.15234375 0.08125 0.09375
1 0.4359375 0.1515625 0.0171875 0.03125