2 0.36171875 0.40390625 0.25703125 0.3625
3 0.2390625 0.68828125 0.1921875 0.2609375
3 0.64453125 0.4515625 0.1515625 0.171875
3 0.18359375 0.521875 0.15390625 0.1140625
0 0.8984375 0.58671875 0.08828125 0.2515625
5 0.36328125 0.1859375 0.1234375 0.12109375
1 0.11796875 0.4015625 0.09921875 0.146875
5 0.37734375 0.10078125 0.11328125 0.14765625
3 0.49296875 0.18125 0.04140625 0.03359375
1 0.1484375 0.20625 0.04609375 0.096875
3 0.2609375 0.121875 0.03046875 0.02109375
4 0.88046875 0.24609375 0.02890625 0.04296875
3 0.096875 0.13984375 0.025 0.02890625
0 0.190625 0.23984375 0.02109375 0.08125
1 0.0875 0.1859375 0.03125 0.06796875
0 0.22421875 0.3390625 0.04375 0.13046875
5 0.18515625 0.09375 0.02890625 0.0296875
4 0.10078125 0.70546875 0.05703125 0.23828125
4 0.03046875 0.490625 0.05625 0.153125
3 0.73515625 0.21953125 0.11484375 0.06171875
1 0.9484375 0.2640625 0.07421875 0.0765625
0 0.234375 0.2328125 0.04453125 0.084375
0 0.4875 0.44140625 0.025 0.165625
4 0.04765625 0.35234375 0.0484375 0.140625