3 0.89765625 0.57109375 0.19453125 0.1015625
3 0.23671875 0.68515625 0.20078125 0.265625
3 0.18984375 0.16875 0.034375 0.03359375
3 0.12421875 0.33671875 0.0859375 0.1078125
1 0.14921875 0.2453125 0.04765625 0.06328125
3 0.19453125 0.52890625 0.13828125 0.13515625
2 0.40625 0.36796875 0.284375 0.44609375
1 0.1515625 0.22890625 0.04453125 0.03671875
3 0.84609375 0.85859375 0.3078125 0.2765625
0 0.08984375 0.2125 0.01640625 0.06875
1 0.10859375 0.19375 0.0296875 0.059375
3 0.203125 0.21015625 0.0453125 0.053125
1 0.1546875 0.2640625 0.0328125 0.0453125
1 0.68125 0.65859375 0.1765625 0.31484375
3 0.2359375 0.27578125 0.02578125 0.08359375
3 0.1578125 0.14140625 0.03125 0.053125
0 0.20234375 0.3328125 0.0390625 0.09609375
0 0.7921875 0.49296875 0.0640625 0.18515625
4 0.04375 0.42265625 0.02421875 0.146875
4 0.05078125 0.32734375 0.0234375 0.08203125
1 0.8921875 0.22890625 0.0640625 0.05234375
3 0.809375 0.4515625 0.19140625 0.153125
3 0.74296875 0.23046875 0.0625 0.04140625
2 0.603125 0.340625 0.1109375 0.24453125
0 0.56640625 0.4859375 0.01953125 0.1890625
0 0.9640625 0.48046875 0.05078125 0.0578125
3 0.90078125 0.61796875 0.1984375 0.20703125
1 0.94140625 0.66171875 0.11640625 0.1578125
4 0.0875 0.63203125 0.03671875 0.2453125
4 0.0953125 0.82890625 0.06171875 0.14296875
4 0.25234375 0.953125 0.03828125 0.09375
4 0.3578125 0.96171875 0.05 0.0765625
4 0.0375 0.509375 0.04296875 0.10234375
3 0.08125 0.2828125 0.0515625 0.04609375
4 0.11015625 0.259375 0.0109375 0.03984375
0 0.1453125 0.18828125 0.040625 0.0453125
3 0.23515625 0.21953125 0.03203125 0.03828125
0 0.246875 0.184375 0.0296875 0.01875
0 0.26015625 0.33046875 0.0234375 0.1171875