3 0.6703125 0.68671875 0.1078125 0.125
5 0.6875 0.53359375 0.196875 0.1453125
2 0.87890625 0.12421875 0.11875 0.0875
3 0.4578125 0.54296875 0.2015625 0.2015625
3 0.46171875 0.16640625 0.159375 0.1453125
3 0.68125 0.353125 0.090625 0.09375
1 0.26875 0.734375 0.375 0.20625
3 0.540625 0.7390625 0.14375 0.175
3 0.3 0.21328125 0.28125 0.23125
0 0.384375 0.90078125 0.225 0.0890625
0 0.48671875 0.79609375 0.13125 0.06875
4 0.4953125 0.021875 0.11875 0.04375
3 0.6 0.49765625 0.0828125 0.146875
3 0.80390625 0.32578125 0.034375 0.059375
3 0.74453125 0.4421875 0.06875 0.0546875
0 0.70703125 0.4171875 0.1015625 0.034375
3 0.8328125 0.259375 0.03125 0.04375
3 0.76484375 0.32265625 0.0390625 0.071875
0 0.728125 0.14609375 0.0828125 0.03125
3 0.7890625 0.11875 0.06875 0.0625
4 0.625 0.12578125 0.1375 0.04375
0 0.6421875 0.27421875 0.1140625 0.046875
0 0.75859375 0.39296875 0.059375 0.025
3 0.709375 0.228125 0.1109375 0.090625
3 0.790625 0.24765625 0.03125 0.05
3 0.8140625 0.19453125 0.046875 0.046875
0 0.5921875 0.87265625 0.1578125 0.078125
0 0.45625 0.98828125 0.19375 0.0234375
4 0.621875 0.02578125 0.109375 0.0234375
4 0.70625 0.02109375 0.0546875 0.03125
3 0.6671875 0.109375 0.128125 0.078125
0 0.84296875 0.0484375 0.04375 0.009375
0 0.8546875 0.06875 0.053125 0.0109375
0 0.88671875 0.05234375 0.021875 0.009375
0 0.89140625 0.06875 0.034375 0.009375
0 0.85078125 0.19453125 0.015625 0.009375
0 0.85 0.21328125 0.025 0.015625
0 0.7734375 0.3671875 0.0578125 0.015625
0 0.6421875 0.58203125 0.1140625 0.01875
3 0.690625 0.58984375 0.0875 0.025
0 0.6328125 0.65859375 0.103125 0.021875
0 0.53984375 0.63828125 0.140625 0.040625
1 0.775 0.88515625 0.0734375 0.05
0 0.76796875 0.92890625 0.0484375 0.0296875
0 0.740625 0.9921875 0.071875 0.015625
2 0.87734375 0.43046875 0.08125 0.0734375
1 0.88046875 0.34609375 0.025 0.021875