1 0.3578125 0.39453125 0.0890625 0.15078125
1 0.5015625 0.42109375 0.10390625 0.1640625
0 0.6890625 0.47890625 0.08359375 0.18125
3 0.91171875 0.73984375 0.17109375 0.28359375
3 0.55703125 0.33359375 0.1 0.10546875
5 0.2296875 0.3125 0.078125 0.15234375
1 0.11875 0.265625 0.04765625 0.11015625
4 0.0515625 0.34765625 0.03515625 0.1203125
3 0.14453125 0.17890625 0.04765625 0.04921875
3 0.33515625 0.2828125 0.07734375 0.075
3 0.22890625 0.70234375 0.2265625 0.28046875
0 0.70390625 0.70234375 0.090625 0.2671875
1 0.4125 0.25859375 0.08515625 0.09453125
4 0.0375 0.49296875 0.06015625 0.1515625
3 0.43046875 0.1640625 0.08359375 0.04609375
4 0.26171875 0.78984375 0.06484375 0.2234375
0 0.18515625 0.26171875 0.034375 0.08359375
4 0.0796875 0.8515625 0.06796875 0.18203125
3 0.18359375 0.52265625 0.1515625 0.109375
3 0.30546875 0.2140625 0.05078125 0.04609375
3 0.709375 0.2375 0.0578125 0.03984375
3 0.65390625 0.21328125 0.05078125 0.04375
3 0.6078125 0.21328125 0.05078125 0.03515625
1 0.5453125 0.18671875 0.05546875 0.053125
3 0.0625 0.21484375 0.05546875 0.06328125
5 0.2 0.14453125 0.07109375 0.11015625