3 0.58046875 0.3890625 0.134375 0.13125
3 0.61328125 0.4984375 0.1140625 0.1125
3 0.27734375 0.21171875 0.2875 0.234375
5 0.675 0.81640625 0.384375 0.3671875
3 0.4203125 0.85 0.2640625 0.2828125
3 0.6671875 0.22734375 0.11875 0.109375
0 0.52109375 0.62578125 0.1734375 0.0765625
5 0.79609375 0.1953125 0.1 0.065625
0 0.56640625 0.2421875 0.13125 0.046875
3 0.6875 0.3859375 0.065625 0.096875
4 0.47421875 0.021875 0.1203125 0.04375
3 0.675 0.5203125 0.0921875 0.103125
3 0.80625 0.2734375 0.040625 0.046875
3 0.11328125 0.88203125 0.2265625 0.2359375
4 0.12421875 0.04609375 0.1640625 0.0765625
3 0.43203125 0.165625 0.1671875 0.15
3 0.8234375 0.07890625 0.05625 0.0515625
4 0.01015625 0.48203125 0.0203125 0.0640625
0 0.71953125 0.3390625 0.0921875 0.03125
1 0.6984375 0.278125 0.09375 0.05625
3 0.7625 0.134375 0.0625 0.09375
0 0.75625 0.23203125 0.0453125 0.03125
3 0.83515625 0.11796875 0.0359375 0.04375
1 0.71953125 0.43046875 0.0703125 0.0625
4 0.07578125 0.08046875 0.046875 0.0640625
4 0.61640625 0.025 0.090625 0.028125
4 0.59609375 0.1078125 0.13125 0.03125
4 0.66796875 0.02265625 0.065625 0.03125
3 0.8046875 0.2328125 0.046875 0.034375
1 0.75390625 0.121875 0.075 0.034375
0 0.71015625 0.14609375 0.10625 0.025
3 0.81484375 0.15546875 0.0421875 0.025
3 0.81875 0.43671875 0.034375 0.03125
3 0.79921875 0.4859375 0.0375 0.0375
3 0.81171875 0.52421875 0.0546875 0.04375
1 0.83671875 0.35390625 0.03125 0.021875