2 0.384375 0.59453125 0.3828125 0.25625
3 0.534375 0.8 0.159375 0.1703125
3 0.70625 0.74921875 0.284375 0.228125
0 0.2984375 0.75 0.1203125 0.040625
3 0.0890625 0.8921875 0.0515625 0.0390625
5 0.21875 0.1765625 0.190625 0.3125
2 0.159375 0.62109375 0.1140625 0.1921875
3 0.31015625 0.85625 0.1 0.06875
4 0.8171875 0.90703125 0.18125 0.0703125
5 0.41484375 0.359375 0.328125 0.1875
2 0.640625 0.190625 0.71875 0.38125
5 0.846875 0.7734375 0.171875 0.0703125
4 0.4625 0.94453125 0.215625 0.03125
4 0.45078125 0.9109375 0.1953125 0.03125
4 0.45 0.871875 0.0875 0.0296875
4 0.4140625 0.8140625 0.0734375 0.040625
4 0.38125 0.8484375 0.121875 0.028125
3 0.16640625 0.74453125 0.0640625 0.040625
1 0.159375 0.8890625 0.0734375 0.0359375
0 0.11640625 0.80859375 0.05 0.0140625
3 0.115625 0.84765625 0.05 0.0328125
3 0.246875 0.9203125 0.0375 0.0765625
3 0.1953125 0.92578125 0.06875 0.0296875
4 0.3875 0.7890625 0.109375 0.0265625