3 0.70546875 0.76328125 0.23125 0.18125
3 0.559375 0.8375 0.184375 0.153125
3 0.78984375 0.0921875 0.3515625 0.184375
3 0.32265625 0.82109375 0.103125 0.0859375
4 0.3515625 0.9671875 0.140625 0.0296875
3 0.2828125 0.94453125 0.1 0.0546875
3 0.234375 0.3171875 0.059375 0.078125
3 0.30703125 0.0484375 0.075 0.096875
1 0.48125 0.4734375 0.19375 0.0953125
1 0.14921875 0.9609375 0.071875 0.03125
4 0.85234375 0.7578125 0.29375 0.0578125
4 0.87734375 0.9484375 0.24375 0.0546875
4 0.5109375 0.9765625 0.128125 0.046875
0 0.31953125 0.73671875 0.10625 0.04375
0 0.3484375 0.584375 0.1140625 0.0375
0 0.56796875 0.19296875 0.2125 0.0875
0 0.2328125 0.875 0.0671875 0.028125
0 0.22578125 0.81484375 0.05625 0.021875
0 0.246875 0.753125 0.065625 0.03125
0 0.24140625 0.15625 0.0578125 0.025
2 0.1296875 0.57578125 0.1171875 0.1046875
5 0.10078125 0.69296875 0.10625 0.0828125
1 0.24375 0.65625 0.121875 0.053125
5 0.2828125 0.484375 0.1625 0.1