3 0.69921875 0.22109375 0.29375 0.246875
1 0.38125 0.4125 0.1296875 0.10625
1 0.45078125 0.3140625 0.2109375 0.10625
3 0.31015625 0.48671875 0.1375 0.096875
0 0.4890625 0.85234375 0.16875 0.0796875
3 0.52734375 0.48125 0.2046875 0.171875
0 0.4328125 0.690625 0.1625 0.06875
3 0.2171875 0.95859375 0.090625 0.0828125
3 0.63671875 0.975 0.28125 0.05
3 0.17734375 0.3125 0.0484375 0.05
0 0.5265625 0.73515625 0.2125 0.071875
3 0.20625 0.1140625 0.078125 0.06875
3 0.5515625 0.17421875 0.1984375 0.171875
0 0.28125 0.2546875 0.1140625 0.0375
0 0.32109375 0.58515625 0.1125 0.053125
0 0.27578125 0.3203125 0.125 0.0546875
3 0.30703125 0.10859375 0.096875 0.0796875
4 0.77109375 0.06171875 0.075 0.046875
0 0.359375 0.1203125 0.1296875 0.0515625
4 0.86953125 0.05625 0.1765625 0.0828125
1 0.14765625 0.10859375 0.0484375 0.0625
3 0.12265625 0.18828125 0.025 0.046875
3 0.11015625 0.16015625 0.04375 0.040625
1 0.2546875 0.22734375 0.103125 0.071875
0 0.26953125 0.3046875 0.1140625 0.04375
3 0.1546875 0.25390625 0.0375 0.05625
4 0.9625 0.4453125 0.075 0.08125
3 0.20390625 0.77734375 0.096875 0.0609375
3 0.1984375 0.85859375 0.1078125 0.05625
5 0.09453125 0.4 0.10625 0.125