3 0.0984375 0.1671875 0.053125 0.065625
3 0.74375 0.61796875 0.2859375 0.2640625
3 0.38671875 0.4328125 0.15625 0.1859375
3 0.9359375 0.91875 0.128125 0.1625
3 0.265625 0.22734375 0.075 0.090625
3 0.20078125 0.62890625 0.184375 0.178125
3 0.26171875 0.14921875 0.053125 0.053125
3 0.14296875 0.51328125 0.153125 0.16875
4 0.0171875 0.3109375 0.034375 0.1625
3 0.446875 0.2625 0.0875 0.109375
0 0.2046875 0.26328125 0.046875 0.1125
3 0.60859375 0.30703125 0.1515625 0.146875
5 0.75234375 0.13515625 0.090625 0.1078125
0 0.0640625 0.090625 0.0125 0.05
0 0.14296875 0.1640625 0.021875 0.06875
4 0.24140625 0.709375 0.1015625 0.146875
0 0.09609375 0.18203125 0.0203125 0.08125
5 0.51171875 0.1046875 0.128125 0.11875
5 0.2609375 0.0640625 0.0515625 0.0625
5 0.20078125 0.0875 0.078125 0.1390625
0 0.62578125 0.8375 0.0984375 0.325
4 0.034375 0.81484375 0.06875 0.153125
4 0.0140625 0.48046875 0.028125 0.115625
4 0.109375 0.375 0.0296875 0.10625
3 0.06171875 0.2765625 0.0453125 0.1078125
3 0.12578125 0.1015625 0.034375 0.04375
3 0.1109375 0.121875 0.0390625 0.05
3 0.0796875 0.07578125 0.021875 0.04375
3 0.1015625 0.08046875 0.01875 0.03125
0 0.04140625 0.0859375 0.009375 0.040625
0 0.31953125 0.2984375 0.028125 0.128125