2 0.6390625 0.70078125 0.721875 0.575
2 0.184375 0.7265625 0.1671875 0.2
5 0.1296875 0.41640625 0.1203125 0.10625
5 0.175 0.1484375 0.096875 0.046875
2 0.0609375 0.10390625 0.0375 0.0375
2 0.12109375 0.30859375 0.0625 0.0578125
3 0.27265625 0.08828125 0.10625 0.0765625
3 0.21875 0.2125 0.0703125 0.053125
3 0.2328125 0.31796875 0.0796875 0.0578125
3 0.278125 0.50390625 0.0640625 0.0796875
3 0.5578125 0.17109375 0.203125 0.159375
3 0.69765625 0.23359375 0.275 0.1875
3 0.2546875 0.90390625 0.0359375 0.0984375
3 0.203125 0.5734375 0.034375 0.0453125
4 0.36171875 0.04140625 0.15625 0.028125
4 0.51484375 0.02734375 0.1625 0.0546875
4 0.28671875 0.13671875 0.10625 0.0265625
0 0.25546875 0.2140625 0.090625 0.025
0 0.2015625 0.246875 0.0734375 0.0203125
0 0.30234375 0.40703125 0.09375 0.028125
0 0.34921875 0.3921875 0.121875 0.025