3 0.35546875 0.3421875 0.09453125 0.10390625
1 0.5390625 0.45078125 0.10859375 0.2015625
3 0.225 0.68671875 0.175 0.234375
3 0.94765625 0.63515625 0.10390625 0.23984375
0 0.21015625 0.2296875 0.02734375 0.06328125
5 0.303125 0.1671875 0.11171875 0.15859375
3 0.18359375 0.54375 0.14375 0.1625
2 0.9671875 0.28203125 0.065625 0.0984375
3 0.18984375 0.19765625 0.05 0.0609375
3 0.753125 0.39921875 0.15 0.17109375
1 0.115625 0.40703125 0.1 0.153125
1 0.12421875 0.159375 0.03359375 0.05859375
0 0.14765625 0.196875 0.03359375 0.07109375
0 0.32265625 0.4046875 0.04609375 0.14765625
2 0.62734375 0.18984375 0.12734375 0.0875
2 0.46640625 0.26328125 0.17734375 0.228125
4 0.0515625 0.34140625 0.02890625 0.12578125
0 0.1515625 0.2640625 0.03359375 0.07265625
4 0.03515625 0.88046875 0.06953125 0.2375
4 0.259375 0.796875 0.0578125 0.2421875
4 0.040625 0.51796875 0.06015625 0.1
4 0.07421875 0.3015625 0.0171875 0.06484375
0 0.33828125 0.265625 0.040625 0.04765625
0 0.8546875 0.83359375 0.13046875 0.3265625
5 0.49453125 0.30859375 0.1265625 0.13359375