5 0.4890625 0.39375 0.153125 0.196875
3 0.94375 0.50390625 0.1125 0.1984375
3 0.8078125 0.56953125 0.303125 0.221875
1 0.62265625 0.36328125 0.09375 0.1453125
0 0.23203125 0.2296875 0.03125 0.078125
3 0.22734375 0.690625 0.19375 0.2296875
3 0.1703125 0.54765625 0.153125 0.171875
3 0.28515625 0.18828125 0.046875 0.04375
1 0.10234375 0.1328125 0.0265625 0.05625
3 0.134375 0.24921875 0.06875 0.0859375
3 0.9359375 0.25 0.1 0.0890625
3 0.178125 0.20234375 0.04375 0.0578125
3 0.17578125 0.203125 0.05 0.065625
2 0.946875 0.9125 0.10625 0.175
3 0.1078125 0.325 0.075 0.1140625
0 0.278125 0.32421875 0.0375 0.0859375
3 0.30703125 0.259375 0.0765625 0.0859375
3 0.1953125 0.15234375 0.03125 0.034375
4 0.1703125 0.409375 0.053125 0.10625
0 0.74609375 0.7125 0.1125 0.271875
3 0.21328125 0.16953125 0.040625 0.04375
3 0.340625 0.2015625 0.05625 0.0296875
3 0.340625 0.21796875 0.059375 0.0609375
0 0.12265625 0.18046875 0.0375 0.05
4 0.02578125 0.31953125 0.0296875 0.078125
0 0.34765625 0.37265625 0.0390625 0.14375
0 0.378125 0.27734375 0.028125 0.134375
0 0.92109375 0.73046875 0.090625 0.25625
4 0.37578125 0.878125 0.0609375 0.24375
4 0.2984375 0.81875 0.053125 0.26875
4 0.06171875 0.821875 0.075 0.1828125
4 0.0359375 0.47421875 0.034375 0.2234375
4 0.06328125 0.4578125 0.028125 0.196875
0 0.084375 0.16875 0.015625 0.053125
5 0.05859375 0.1203125 0.0375 0.10625
2 0.134375 0.090625 0.053125 0.059375
0 0.15703125 0.140625 0.0296875 0.034375
3 0.12734375 0.1515625 0.0203125 0.040625
3 0.25546875 0.20703125 0.021875 0.053125
3 0.4296875 0.26015625 0.06875 0.078125
0 0.57265625 0.328125 0.028125 0.1296875
1 0.78828125 0.21484375 0.05625 0.06875
0 0.60078125 0.1796875 0.015625 0.034375
0 0.446875 0.65859375 0.075 0.28125