3 0.82421875 0.43515625 0.1828125 0.1421875
0 0.84765625 0.58984375 0.08359375 0.23671875
1 0.24296875 0.29609375 0.0609375 0.096875
0 0.45859375 0.35703125 0.06328125 0.14140625
2 0.53984375 0.16015625 0.11875 0.10859375
0 0.18125 0.26953125 0.03046875 0.08046875
4 0.034375 0.49375 0.0578125 0.13671875
3 0.3171875 0.221875 0.06015625 0.0578125
3 0.3484375 0.3328125 0.09453125 0.10859375
3 0.14453125 0.2015625 0.05625 0.05625
3 0.17890625 0.5359375 0.15078125 0.1453125
4 0.06953125 0.34453125 0.03828125 0.11015625
0 0.21953125 0.2171875 0.04375 0.0546875
4 0.053125 0.34765625 0.0265625 0.11015625
3 0.16953125 0.15390625 0.03828125 0.03984375
0 0.784375 0.234375 0.0359375 0.05234375
3 0.2421875 0.6859375 0.18984375 0.24296875
4 0.17734375 0.81875 0.0546875 0.2640625
4 0.2578125 0.8109375 0.0515625 0.24921875
4 0.071875 0.85546875 0.07109375 0.18125
3 0.1328125 0.415625 0.12109375 0.12421875
3 0.64453125 0.20390625 0.04765625 0.0609375
5 0.21015625 0.10390625 0.03828125 0.04921875
5 0.12109375 0.07265625 0.02421875 0.04453125