3 0.66484375 0.62578125 0.19375 0.2375
3 0.2046875 0.65625 0.1734375 0.165625
3 0.10078125 0.3390625 0.109375 0.125
3 0.42421875 0.446875 0.1453125 0.1703125
3 0.14765625 0.5484375 0.15 0.171875
3 0.31875 0.29296875 0.0875 0.1
0 0.26796875 0.378125 0.05625 0.14375
5 0.740625 0.31484375 0.35 0.3125
1 0.0953125 0.19609375 0.04375 0.06875
0 0.53203125 0.6890625 0.084375 0.2859375
3 0.12734375 0.13515625 0.0390625 0.0453125
3 0.203125 0.1875 0.046875 0.059375
5 0.39140625 0.12734375 0.04375 0.05625
0 0.13984375 0.1734375 0.025 0.0515625
1 0.10234375 0.14453125 0.034375 0.0375
3 0.24609375 0.22734375 0.0609375 0.075
1 0.04375 0.1296875 0.028125 0.05
3 0.965625 0.54140625 0.06875 0.28125
0 0.153125 0.20390625 0.025 0.059375
5 0.90078125 0.20234375 0.196875 0.175
5 0.2546875 0.0890625 0.06875 0.059375
5 0.1484375 0.07421875 0.0375 0.0421875
0 0.4125 0.3109375 0.0375 0.084375
0 0.67421875 0.43984375 0.0625 0.1390625
4 0.20859375 0.4546875 0.028125 0.0765625
4 0.01328125 0.51953125 0.025 0.1125
4 0.0078125 0.3546875 0.015625 0.1375
4 0.02890625 0.3796875 0.021875 0.121875
4 0.04140625 0.85703125 0.05 0.15
4 0.2359375 0.83828125 0.05625 0.228125
3 0.028125 0.26953125 0.05625 0.059375
3 0.01796875 0.1890625 0.0359375 0.0625
1 0.07265625 0.1609375 0.025 0.05
3 0.09453125 0.10859375 0.01875 0.0296875
3 0.0734375 0.11875 0.025 0.0328125
3 0.2640625 0.190625 0.05 0.059375
3 0.325 0.21171875 0.053125 0.071875