3 0.29453125 0.76484375 0.2890625 0.2109375
0 0.621875 0.37734375 0.14375 0.0546875
1 0.75859375 0.821875 0.1 0.0609375
3 0.453125 0.83203125 0.1859375 0.15625
1 0.6203125 0.54453125 0.1671875 0.1
0 0.6484375 0.47265625 0.11875 0.04375
0 0.73671875 0.7171875 0.1015625 0.0375
3 0.67734375 0.88359375 0.1125 0.0734375
0 0.8296875 0.89375 0.0625 0.03125
2 0.55546875 0.15859375 0.6203125 0.3171875
4 0.49375 0.97421875 0.146875 0.05
0 0.87734375 0.91328125 0.059375 0.0203125
5 0.8859375 0.571875 0.0703125 0.1234375
0 0.7109375 0.57734375 0.078125 0.04375
4 0.62890625 0.921875 0.1671875 0.0421875
4 0.65234375 0.95 0.171875 0.0296875
4 0.66015625 0.98046875 0.1484375 0.0265625
3 0.815625 0.74140625 0.06875 0.059375
3 0.75859375 0.675 0.1015625 0.084375
5 0.95078125 0.80703125 0.084375 0.0515625
3 0.72890625 0.49921875 0.121875 0.09375