3 0.39296875 0.71875 0.25625 0.2375
2 0.81484375 0.734375 0.1375 0.215625
1 0.75078125 0.2296875 0.084375 0.05625
3 0.28359375 0.1921875 0.2875 0.21875
1 0.58828125 0.06171875 0.1625 0.109375
2 0.85546875 0.4859375 0.103125 0.11875
3 0.73359375 0.33515625 0.09375 0.090625
0 0.4046875 0.4203125 0.2328125 0.059375
0 0.66953125 0.31171875 0.09375 0.053125
0 0.67734375 0.2390625 0.0921875 0.05
3 0.44765625 0.13359375 0.165625 0.146875
0 0.67890625 0.42890625 0.0765625 0.053125
3 0.7671875 0.1390625 0.121875 0.08125
3 0.66484375 0.515625 0.096875 0.08125
3 0.55546875 0.8453125 0.1921875 0.2125
5 0.9015625 0.109375 0.096875 0.125
0 0.6546875 0.38125 0.09375 0.04375
3 0.809375 0.5984375 0.0375 0.065625
3 0.55859375 0.43671875 0.165625 0.15
2 0.8765625 0.36171875 0.0734375 0.0921875
3 0.40234375 0.9765625 0.2140625 0.046875
0 0.55078125 0.58515625 0.165625 0.04375
0 0.61484375 0.56328125 0.128125 0.0390625
5 0.896875 0.25234375 0.075 0.06875
0 0.76796875 0.27734375 0.0875 0.021875
0 0.8 0.07421875 0.08125 0.01875
0 0.78828125 0.10078125 0.078125 0.0171875
1 0.81484375 0.1296875 0.053125 0.0375
0 0.79453125 0.1828125 0.071875 0.015625
0 0.8265625 0.16171875 0.046875 0.0203125
4 0.72734375 0.0515625 0.090625 0.01875
4 0.178125 0.215625 0.246875 0.0515625