3 0.6578125 0.42578125 0.290625 0.2515625
3 0.7125 0.74375 0.2765625 0.2046875
1 0.22578125 0.8625 0.0875 0.059375
3 0.55625 0.8078125 0.18125 0.140625
0 0.3421875 0.66015625 0.128125 0.040625
3 0.26328125 0.73046875 0.09375 0.0625
3 0.19609375 0.73828125 0.040625 0.05
0 0.25546875 0.8078125 0.103125 0.0328125
3 0.1546875 0.8046875 0.05 0.0421875
3 0.24375 0.04140625 0.090625 0.0828125
3 0.35703125 0.453125 0.128125 0.09375
3 0.2828125 0.47734375 0.1 0.09375
4 0.86875 0.921875 0.134375 0.06875
4 0.78671875 0.9140625 0.0765625 0.0375
4 0.48125 0.946875 0.2359375 0.0421875
0 0.4015625 0.85859375 0.159375 0.040625
3 0.3296875 0.865625 0.103125 0.09375
4 0.31171875 0.95078125 0.05 0.01875
3 0.21875 0.93203125 0.08125 0.0390625
0 0.140625 0.91171875 0.040625 0.009375
0 0.13203125 0.87734375 0.034375 0.0109375
0 0.13828125 0.85546875 0.05625 0.009375
4 0.95234375 0.4625 0.09375 0.0859375