3 0.57890625 0.3703125 0.125 0.146875
3 0.79453125 0.68046875 0.225 0.2875
0 0.45546875 0.35859375 0.0609375 0.1375
3 0.9109375 0.2984375 0.0875 0.078125
0 0.7015625 0.25 0.0484375 0.0875
3 0.675 0.20703125 0.075 0.075
1 0.91640625 0.13515625 0.04375 0.053125
4 0.7484375 0.40703125 0.0546875 0.2046875
3 0.84296875 0.38828125 0.121875 0.1203125
0 0.859375 0.26640625 0.046875 0.1125
3 0.809375 0.165625 0.065625 0.084375
0 0.87890625 0.1390625 0.025 0.05625
4 0.95625 0.8625 0.0703125 0.134375
3 0.0625 0.21328125 0.11875 0.0921875
3 0.84609375 0.521875 0.159375 0.1578125
4 0.978125 0.43984375 0.04375 0.221875
4 0.97734375 0.2765625 0.0375 0.0765625
0 0.0453125 0.85546875 0.090625 0.2890625
1 0.9125 0.0828125 0.0515625 0.059375
0 0.628125 0.24921875 0.0421875 0.08125
4 0.95078125 0.8171875 0.08125 0.2015625
5 0.3859375 0.128125 0.0890625 0.121875
3 0.17265625 0.19375 0.065625 0.071875
1 0.2265625 0.19296875 0.059375 0.0703125
5 0.91640625 0.02421875 0.03125 0.0484375
5 0.81484375 0.10859375 0.0703125 0.1125
3 0.97265625 0.18828125 0.03125 0.0875
3 0.95703125 0.0953125 0.025 0.040625
3 0.5078125 0.1421875 0.040625 0.05
3 0.465625 0.1515625 0.05 0.040625