3 0.29765625 0.2078125 0.296875 0.228125
4 0.165625 0.8671875 0.33125 0.1140625
1 0.72734375 0.22421875 0.125 0.065625
3 0.83046875 0.2375 0.078125 0.053125
3 0.4359375 0.15546875 0.2171875 0.175
2 0.44140625 0.56796875 0.5796875 0.45625
0 0.84453125 0.06796875 0.06875 0.01875
0 0.8265625 0.10625 0.06875 0.01875
3 0.85546875 0.13046875 0.040625 0.04375
0 0.1671875 0.859375 0.334375 0.121875
1 0.659375 0.32734375 0.1546875 0.053125
3 0.77734375 0.34296875 0.084375 0.059375
3 0.86796875 0.06640625 0.040625 0.040625
5 0.91015625 0.0921875 0.0375 0.0265625
0 0.8 0.14765625 0.0890625 0.021875
0 0.80703125 0.175 0.071875 0.0125
3 0.853125 0.165625 0.0375 0.046875
3 0.8609375 0.20546875 0.0421875 0.0375
5 0.89921875 0.1203125 0.0390625 0.0375
3 0.8203125 0.29296875 0.05 0.053125
4 0.5171875 0.01640625 0.146875 0.0328125
1 0.61640625 0.07578125 0.165625 0.09375
4 0.59296875 0.0265625 0.0046875 0.003125
4 0.69296875 0.01171875 0.1703125 0.0234375
5 0.88125 0.8890625 0.234375 0.221875
5 0.55859375 0.975 0.44375 0.05