3 0.72734375 0.46875 0.109375 0.090625
1 0.7609375 0.13984375 0.109375 0.071875
3 0.821875 0.27421875 0.075 0.0875
0 0.73828125 0.29296875 0.0953125 0.0375
1 0.7984375 0.20859375 0.071875 0.046875
3 0.8578125 0.10703125 0.053125 0.0484375
3 0.4734375 0.175 0.171875 0.1625
4 0.51015625 0.02734375 0.1140625 0.0546875
0 0.61171875 0.36796875 0.159375 0.075
3 0.31328125 0.22421875 0.2875 0.23125
3 0.89375 0.1265625 0.0375 0.046875
0 0.8515625 0.16953125 0.05 0.025
4 0.2125 0.253125 0.23125 0.06875
0 0.67109375 0.2609375 0.13125 0.053125
4 0.68671875 0.03515625 0.115625 0.03125
3 0.16484375 0.990625 0.29375 0.01875
1 0.81015625 0.74765625 0.05625 0.0609375
5 0.79609375 0.98046875 0.1796875 0.0390625
3 0.7421875 0.0546875 0.1 0.08125
2 0.8640625 0.6046875 0.1 0.1
0 0.79375 0.825 0.0546875 0.028125
0 0.7890625 0.9328125 0.053125 0.0390625
3 0.859375 0.50234375 0.05 0.053125
5 0.89609375 0.42265625 0.0953125 0.06875