3 0.8265625 0.5703125 0.20546875 0.22109375
0 0.34296875 0.46875 0.06015625 0.159375
3 0.7640625 0.428125 0.14453125 0.12890625
2 0.83203125 0.21015625 0.2296875 0.13984375
3 0.5546875 0.44375 0.1359375 0.1375
2 0.43125 0.14609375 0.1 0.07421875
1 0.11640625 0.409375 0.096875 0.1546875
2 0.590625 0.17890625 0.1421875 0.09921875
4 0.11015625 0.28125 0.01875 0.08359375
3 0.171875 0.2515625 0.07109375 0.09609375
5 0.15546875 0.1140625 0.09765625 0.075
0 0.23984375 0.29765625 0.0296875 0.0875
3 0.18671875 0.54609375 0.14765625 0.15859375
3 0.328125 0.24609375 0.07109375 0.06171875
3 0.6625 0.35703125 0.11953125 0.121875
1 0.2421875 0.24140625 0.0453125 0.07265625
3 0.23046875 0.70703125 0.19609375 0.27578125
0 0.3859375 0.29140625 0.04921875 0.0515625
0 0.4609375 0.334375 0.0453125 0.09609375
0 0.30078125 0.29765625 0.0390625 0.08515625
3 0.95703125 0.290625 0.0859375 0.078125
0 0.32890625 0.31171875 0.03828125 0.08125
1 0.1609375 0.1890625 0.03828125 0.03515625
4 0.26875 0.7890625 0.07734375 0.2109375
3 0.38984375 0.36640625 0.12109375 0.10703125
3 0.453125 0.28359375 0.04921875 0.05078125
4 0.03515625 0.5109375 0.0453125 0.11328125
4 0.05 0.34453125 0.01875 0.11328125
0 0.11015625 0.203125 0.015625 0.0671875
0 0.1859375 0.18125 0.01640625 0.04296875
0 0.2015625 0.20546875 0.01640625 0.06015625
0 0.275 0.2234375 0.015625 0.07265625
0 0.503125 0.3515625 0.03125 0.07734375
3 0.34375 0.21796875 0.03984375 0.0609375
4 0.03359375 0.29921875 0.0109375 0.0515625
3 0.075 0.2859375 0.0421875 0.090625