1 0.26328125 0.2796875 0.059375 0.11875
3 0.9421875 0.23125 0.115625 0.0921875
3 0.21015625 0.21640625 0.04375 0.065625
2 0.709375 0.69375 0.58125 0.6125
0 0.17109375 0.23828125 0.034375 0.0859375
0 0.32265625 0.2234375 0.021875 0.08125
4 0.0265625 0.503125 0.053125 0.11875
0 0.1046875 0.18984375 0.028125 0.0625
3 0.2171875 0.72109375 0.21875 0.325
0 0.11796875 0.384375 0.05625 0.128125
4 0.07265625 0.8375 0.065625 0.20625
0 0.4203125 0.3234375 0.025 0.125
0 0.38828125 0.34921875 0.034375 0.121875
3 0.1703125 0.5390625 0.146875 0.159375
1 0.07890625 0.15390625 0.0390625 0.071875
4 0.0640625 0.7640625 0.04375 0.0703125
0 0.13984375 0.18046875 0.025 0.0625
4 0.03046875 0.39296875 0.0375 0.140625
4 0.06484375 0.3578125 0.025 0.1375
2 0.18671875 0.13203125 0.08125 0.103125
4 0.19609375 0.71875 0.059375 0.1703125
3 0.11484375 0.4265625 0.075 0.09375
5 0.696875 0.1546875 0.1546875 0.171875
4 0.809375 0.21875 0.021875 0.071875
3 0.840625 0.2171875 0.0421875 0.0609375
0 0.57734375 0.17890625 0.01875 0.040625
1 0.51796875 0.1640625 0.0296875 0.05
5 0.38828125 0.125 0.04375 0.0546875
3 0.3 0.24765625 0.0203125 0.0875
0 0.35390625 0.30546875 0.0296875 0.1125
0 0.3890625 0.2546875 0.021875 0.06875
0 0.44453125 0.26796875 0.021875 0.0984375
4 0.27734375 0.84375 0.04375 0.1625
4 0.03515625 0.3046875 0.01875 0.04375
4 0.05625 0.2234375 0.015625 0.053125
3 0.0703125 0.26875 0.0515625 0.046875
0 0.04921875 0.165625 0.015625 0.0453125
3 0.12265625 0.125 0.0375 0.05
5 0.15078125 0.0515625 0.0515625 0.071875
3 0.075 0.0984375 0.021875 0.03125
0 0.2125 0.16640625 0.0125 0.028125