2 0.68046875 0.2515625 0.3125 0.328125
3 0.54765625 0.6671875 0.171875 0.1546875
0 0.53203125 0.34609375 0.1625 0.0640625
0 0.41640625 0.08359375 0.215625 0.08125
3 0.69375 0.8375 0.103125 0.09375
3 0.7 0.6984375 0.11875 0.103125
0 0.78515625 0.715625 0.0546875 0.040625
0 0.82890625 0.85703125 0.0625 0.028125
3 0.87890625 0.85703125 0.0390625 0.04375
4 0.4984375 0.97421875 0.1390625 0.0515625
4 0.13828125 0.95 0.1765625 0.08125
0 0.7625 0.78515625 0.078125 0.025
0 0.5375 0.4703125 0.175 0.0625
3 0.8109375 0.80234375 0.0625 0.05
3 0.31640625 0.77421875 0.3671875 0.23125
3 0.46640625 0.82421875 0.1453125 0.159375
4 0.18828125 0.73984375 0.234375 0.0703125
4 0.65 0.95078125 0.15625 0.0515625
3 0.640625 0.528125 0.178125 0.08125
3 0.68984375 0.9078125 0.10625 0.034375
0 0.78984375 0.9234375 0.0671875 0.0234375
3 0.84296875 0.90703125 0.046875 0.0359375
4 0.66328125 0.871875 0.109375 0.021875
5 0.95234375 0.83671875 0.08125 0.053125
0 0.778125 0.76640625 0.071875 0.01875
0 0.8328125 0.77578125 0.046875 0.0171875
0 0.82421875 0.465625 0.034375 0.01875
0 0.75078125 0.02421875 0.090625 0.028125