3 0.525 0.74296875 0.2328125 0.24375
3 0.21171875 0.2125 0.05625 0.046875
0 0.72265625 0.7875 0.296875 0.0984375
3 0.66484375 0.22578125 0.178125 0.1875
0 0.296875 0.1734375 0.109375 0.021875
3 0.55078125 0.18125 0.1609375 0.1484375
1 0.40859375 0.1109375 0.153125 0.10625
3 0.23125 0.13671875 0.0609375 0.0578125
3 0.15703125 0.1875 0.05625 0.03125
4 0.36171875 0.04609375 0.1375 0.01875
4 0.759375 0.2671875 0.2 0.1
5 0.2203125 0.4859375 0.26875 0.2
0 0.4734375 0.31484375 0.190625 0.065625
0 0.24296875 0.925 0.065625 0.04375
3 0.24765625 0.25390625 0.0671875 0.05
0 0.4796875 0.42265625 0.15625 0.0609375
0 0.28203125 0.27421875 0.08125 0.028125
5 0.165625 0.13671875 0.071875 0.040625
1 0.96875 0.634375 0.0625 0.20625
1 0.16875 0.30859375 0.1578125 0.1015625
4 0.51171875 0.034375 0.153125 0.06875
0 0.5140625 0.5453125 0.20625 0.053125
5 0.3625 0.3984375 0.159375 0.115625
0 0.29375 0.34375 0.0984375 0.025
0 0.33359375 0.2125 0.1203125 0.034375
0 0.2078125 0.08359375 0.059375 0.0140625
0 0.203125 0.0984375 0.0546875 0.015625
0 0.16875 0.16875 0.0484375 0.0125
0 0.18515625 0.1421875 0.03125 0.0125
0 0.15234375 0.08671875 0.0328125 0.009375
0 0.16484375 0.09609375 0.021875 0.0125
3 0.1796875 0.0625 0.04375 0.0296875
4 0.303125 0.02890625 0.06875 0.015625
0 0.3796875 0.31328125 0.071875 0.028125