3 0.47734375 0.70234375 0.16875 0.1609375
3 0.6984375 0.2359375 0.278125 0.20625
1 0.475 0.53828125 0.184375 0.103125
3 0.240625 0.33828125 0.059375 0.065625
3 0.33203125 0.13046875 0.090625 0.071875
3 0.2265625 0.115625 0.075 0.059375
4 0.41484375 0.1921875 0.1078125 0.04375
0 0.296875 0.23671875 0.08125 0.0375
2 0.8859375 0.92890625 0.228125 0.1390625
0 0.58203125 0.97109375 0.215625 0.0578125
3 0.20078125 0.29765625 0.034375 0.0453125
0 0.234375 0.159375 0.05625 0.025
4 0.78046875 0.56796875 0.3703125 0.08125
0 0.24375 0.1984375 0.0734375 0.028125
3 0.5453125 0.17890625 0.15625 0.14375
4 0.7703125 0.396875 0.30625 0.059375
0 0.28125 0.37421875 0.078125 0.040625
4 0.44296875 0.13046875 0.140625 0.0453125
3 0.24921875 0.28125 0.0625 0.0625
0 0.29765625 0.525 0.09375 0.03125
3 0.21171875 0.6078125 0.0453125 0.078125
3 0.16171875 0.19140625 0.0328125 0.034375
0 0.3046875 0.3109375 0.0875 0.0375
1 0.17890625 0.15859375 0.04375 0.040625
4 0.8953125 0.07578125 0.209375 0.0703125
3 0.2109375 0.2328125 0.053125 0.05625
2 0.18046875 0.496875 0.040625 0.065625
0 0.3578125 0.42265625 0.1375 0.04375
3 0.3109375 0.45 0.1 0.0875
0 0.79921875 0.065625 0.165625 0.059375
2 0.09765625 0.08828125 0.071875 0.028125
3 0.1390625 0.11015625 0.040625 0.025
3 0.22265625 0.0671875 0.0625 0.028125
3 0.23125 0.8296875 0.0578125 0.0640625
0 0.2265625 0.7453125 0.0328125 0.01875
0 0.23515625 0.78984375 0.0390625 0.0234375
0 0.20703125 0.65625 0.0375 0.021875
3 0.18984375 0.55703125 0.040625 0.04375
3 0.2578125 0.92890625 0.0859375 0.065625
4 0.46484375 0.0640625 0.225 0.0625