2 0.73515625 0.73984375 0.2859375 0.2265625
3 0.30859375 0.81796875 0.296875 0.215625
3 0.4296875 0.09609375 0.25 0.1921875
3 0.47421875 0.884375 0.175 0.1625
3 0.740625 0.434375 0.1203125 0.103125
3 0.62734375 0.3671875 0.146875 0.1265625
3 0.57265625 0.4890625 0.1984375 0.16875
5 0.90859375 0.86171875 0.065625 0.0484375
3 0.92734375 0.9546875 0.05625 0.03125
1 0.38671875 0.26875 0.2921875 0.16875
0 0.80234375 0.86953125 0.071875 0.0296875
0 0.878125 0.90390625 0.0546875 0.0125
3 0.57890625 0.18515625 0.125 0.178125
3 0.8609375 0.928125 0.0625 0.0375
3 0.696875 0.94453125 0.1359375 0.0953125
1 0.85859375 0.9828125 0.0703125 0.034375
3 0.79296875 0.0609375 0.0984375 0.121875
0 0.71796875 0.55 0.128125 0.025
0 0.69140625 0.50625 0.090625 0.053125
5 0.82734375 0.246875 0.065625 0.096875
1 0.28828125 0.52578125 0.35 0.15
0 0.32421875 0.00703125 0.215625 0.0140625
0 0.50234375 0.61484375 0.2046875 0.0625
0 0.37578125 0.428125 0.21875 0.053125
0 0.6515625 0.59921875 0.128125 0.040625
3 0.68984375 0.63125 0.125 0.04375
4 0.66171875 0.93515625 0.1375 0.0234375
3 0.73984375 0.98828125 0.090625 0.0234375
3 0.83515625 0.88828125 0.06875 0.025
0 0.9125 0.99296875 0.0234375 0.0140625
0 0.88203125 0.8859375 0.021875 0.0140625
0 0.8734375 0.85 0.028125 0.0171875
3 0.88046875 0.828125 0.025 0.034375
3 0.7890625 0.63984375 0.08125 0.025
0 0.775 0.02578125 0.0796875 0.028125
0 0.79375 0.09296875 0.053125 0.0359375
5 0.8875 0.55546875 0.046875 0.0390625
4 0.18515625 0.98046875 0.1453125 0.0390625