3 0.1828125 0.546875 0.1484375 0.17265625
3 0.12578125 0.340625 0.0828125 0.1
3 0.23828125 0.6953125 0.196875 0.2625
0 0.70859375 0.4015625 0.07578125 0.1515625
0 0.44296875 0.32265625 0.04140625 0.103125
0 0.20234375 0.26953125 0.02265625 0.0796875
0 0.37421875 0.33828125 0.04296875 0.11484375
4 0.1546875 0.2609375 0.0265625 0.0734375
1 0.115625 0.13359375 0.0453125 0.1109375
5 0.45 0.16953125 0.05078125 0.05625
3 0.74375 0.23125 0.09375 0.0421875
4 0.0625 0.34453125 0.0515625 0.16328125
1 0.171875 0.171875 0.07734375 0.11328125
5 0.61875 0.1609375 0.14765625 0.13125
5 0.328125 0.109375 0.0828125 0.109375
4 0.31328125 0.53828125 0.0453125 0.21953125
4 0.03984375 0.51171875 0.0625 0.12109375
1 0.2703125 0.24765625 0.0609375 0.1015625
2 0.46640625 0.1390625 0.071875 0.06484375