3 0.51328125 0.909375 0.209375 0.18125
1 0.3140625 0.1453125 0.115625 0.071875
3 0.2828125 0.434375 0.09375 0.071875
5 0.2015625 0.690625 0.1125 0.103125
2 0.23125 0.9171875 0.171875 0.165625
3 0.28203125 0.36015625 0.115625 0.0734375
3 0.2125 0.1484375 0.05625 0.05625
1 0.30078125 0.290625 0.0984375 0.05625
3 0.55859375 0.16953125 0.1671875 0.1625
2 0.15859375 0.4734375 0.08125 0.090625
0 0.22578125 0.225 0.0671875 0.034375
0 0.4265625 0.4375 0.14375 0.059375
0 0.44609375 0.33046875 0.159375 0.0609375
4 0.53203125 0.0234375 0.1 0.046875
3 0.15 0.1453125 0.040625 0.040625
0 0.6671875 0.6328125 0.2578125 0.0921875
3 0.1734375 0.171875 0.0453125 0.046875
3 0.72109375 0.2109375 0.278125 0.215625
4 0.3546875 0.025 0.11875 0.034375
4 0.878125 0.028125 0.175 0.05625
4 0.815625 0.2484375 0.240625 0.0703125
1 0.20078125 0.60625 0.0453125 0.0609375
2 0.071875 0.1703125 0.065625 0.040625
3 0.1375 0.07734375 0.0359375 0.025
5 0.0609375 0.109375 0.0578125 0.0359375
5 0.1328125 0.3453125 0.0625 0.05625
0 0.228125 0.775 0.0390625 0.028125
2 0.08671875 0.05234375 0.0578125 0.0171875
4 0.2859375 0.0328125 0.034375 0.01875