3 0.2453125 0.7265625 0.0625 0.0625
3 0.70703125 0.77265625 0.275 0.2015625
0 0.346875 0.42734375 0.1125 0.0515625
3 0.459375 0.55 0.178125 0.153125
1 0.65703125 0.246875 0.3296875 0.1796875
3 0.2234375 0.7703125 0.04375 0.05
3 0.55390625 0.8296875 0.1765625 0.1578125
3 0.19453125 0.7734375 0.025 0.05
1 0.19296875 0.8421875 0.0390625 0.040625
3 0.25390625 0.81796875 0.065625 0.065625
5 0.3234375 0.1390625 0.39375 0.278125
1 0.34375 0.61015625 0.15625 0.0859375
1 0.25546875 0.61796875 0.040625 0.059375
3 0.34453125 0.71875 0.1234375 0.1
3 0.22265625 0.68515625 0.065625 0.05625
4 0.9515625 0.9875 0.096875 0.025
3 0.20625 0.8921875 0.075 0.05
3 0.146875 0.8390625 0.053125 0.0484375
3 0.190625 0.7359375 0.040625 0.0421875
0 0.22421875 0.89140625 0.06875 0.03125
3 0.1671875 0.83984375 0.034375 0.04375
0 0.3734375 0.48203125 0.14375 0.040625
3 0.31484375 0.54140625 0.0953125 0.0546875
5 0.17109375 0.596875 0.1625 0.11875
0 0.24921875 0.7296875 0.05625 0.0203125
4 0.3921875 0.8890625 0.1328125 0.0296875
4 0.41953125 0.9671875 0.15625 0.028125
4 0.35703125 0.946875 0.128125 0.025
4 0.52734375 0.97734375 0.109375 0.0453125
4 0.30390625 0.9734375 0.040625 0.01875
4 0.8796875 0.95390625 0.240625 0.08125
5 0.75546875 0.11328125 0.4890625 0.2265625
0 0.165625 0.7984375 0.046875 0.0125
0 0.18828125 0.928125 0.065625 0.015625