0 0.59453125 0.27890625 0.0375 0.090625
3 0.775 0.71953125 0.2375 0.271875
3 0.88515625 0.21015625 0.05 0.0578125
0 0.72890625 0.27890625 0.0484375 0.0828125
4 0.75625 0.8921875 0.08125 0.215625
3 0.87890625 0.34609375 0.071875 0.09375
0 0.00703125 0.8953125 0.0140625 0.209375
1 0.78671875 0.3015625 0.071875 0.0703125
2 0.33359375 0.625 0.5078125 0.603125
4 0.82578125 0.44453125 0.0375 0.084375
3 0.8234375 0.56796875 0.15625 0.159375
4 0.9625 0.48125 0.059375 0.190625
4 0.93359375 0.91875 0.1 0.1625
4 0.903125 0.48515625 0.0421875 0.184375
1 0.73984375 0.209375 0.0671875 0.040625
4 0.9296875 0.8046875 0.0515625 0.1140625
1 0.365625 0.20078125 0.0453125 0.05
3 0.80625 0.21796875 0.05 0.0625
1 0.84765625 0.23984375 0.04375 0.0890625
3 0.9078125 0.15234375 0.034375 0.0453125