4 0.71015625 0.34609375 0.05 0.153125
0 0.81484375 0.215625 0.028125 0.115625
0 0.7609375 0.196875 0.0296875 0.109375
0 0.09609375 0.56640625 0.10625 0.234375
3 0.6515625 0.29765625 0.103125 0.1578125
0 0.69765625 0.20234375 0.0265625 0.103125
0 0.73125 0.1484375 0.021875 0.084375
0 0.7046875 0.14375 0.021875 0.0484375
3 0.89453125 0.2421875 0.08125 0.11875
0 0.8875 0.15390625 0.015625 0.0359375
3 0.96875 0.2 0.0625 0.090625
0 0.98828125 0.1109375 0.0234375 0.0640625
0 0.1125 0.853125 0.15 0.29375
3 0.03671875 0.80546875 0.0734375 0.3890625
3 0.828125 0.6671875 0.1921875 0.28125
3 0.88515625 0.5015625 0.159375 0.178125
3 0.584375 0.24765625 0.09375 0.11875
3 0.965625 0.08515625 0.046875 0.059375
1 0.91953125 0.0921875 0.0515625 0.0375
1 0.95234375 0.3359375 0.0953125 0.159375
1 0.428125 0.378125 0.10625 0.2234375
2 0.26484375 0.28203125 0.275 0.3296875
1 0.8375 0.18515625 0.046875 0.078125
3 0.8328125 0.13671875 0.0625 0.040625
1 0.775 0.1578125 0.053125 0.090625
5 0.83046875 0.0875 0.05 0.0421875
5 0.753125 0.03125 0.075 0.0625
2 0.86953125 0.01640625 0.034375 0.0328125
3 0.509375 0.10390625 0.04375 0.0390625
1 0.5796875 0.08359375 0.028125 0.05