3 0.159375 0.75078125 0.2125 0.296875
3 0.09765625 0.59296875 0.1625 0.19375
1 0.17109375 0.30703125 0.071875 0.13125
3 0.1015625 0.4421875 0.1421875 0.128125
3 0.03515625 0.34375 0.0703125 0.103125
0 0.209375 0.25625 0.034375 0.109375
3 0.13671875 0.24765625 0.0625 0.084375
3 0.375 0.34140625 0.10625 0.109375
0 0.4140625 0.4765625 0.0734375 0.18125
3 0.7625 0.46484375 0.1921875 0.175
5 0.16171875 0.15625 0.1 0.1125
0 0.5453125 0.65546875 0.1 0.28125
0 0.2640625 0.2625 0.0359375 0.084375
0 0.059375 0.1890625 0.015625 0.075
0 0.04375 0.2 0.015625 0.065625
1 0.009375 0.15078125 0.01875 0.0671875
5 0.5015625 0.13359375 0.18125 0.171875
0 0.10390625 0.19140625 0.021875 0.0703125
0 0.2640625 0.36484375 0.05 0.1359375
0 0.3203125 0.27421875 0.046875 0.0875
3 0.4484375 0.30234375 0.0875 0.1125
4 0.009375 0.8875 0.01875 0.225
0 0.01171875 0.2015625 0.021875 0.0734375
0 0.08203125 0.23515625 0.025 0.0921875
3 0.92265625 0.26015625 0.11875 0.096875
3 0.81875 0.23203125 0.06875 0.0734375
3 0.75546875 0.25 0.065625 0.0546875
1 0.65390625 0.21484375 0.04375 0.0625
5 0.0765625 0.07421875 0.05625 0.053125
3 0.0328125 0.12109375 0.0265625 0.034375