3 0.60859375 0.68203125 0.21328125 0.259375
3 0.6796875 0.44375 0.140625 0.184375
1 0.2796875 0.3140625 0.08046875 0.11171875
1 0.36171875 0.5328125 0.10546875 0.221875
3 0.20859375 0.26875 0.059375 0.06875
3 0.49453125 0.30390625 0.0875 0.12265625
1 0.51328125 0.496875 0.1203125 0.159375
3 0.13359375 0.2421875 0.0546875 0.0640625
0 0.334375 0.34921875 0.0484375 0.1203125
3 0.12578125 0.3296875 0.07734375 0.08515625
0 0.38125 0.36015625 0.0390625 0.11328125
0 0.90703125 0.625 0.090625 0.22890625
0 0.60703125 0.47734375 0.0546875 0.1234375
3 0.1875 0.546875 0.14921875 0.16328125
4 0.075 0.8328125 0.0703125 0.178125
3 0.20390625 0.16015625 0.04296875 0.04140625
1 0.1671875 0.22265625 0.04296875 0.07578125
1 0.09453125 0.159375 0.0375 0.0546875
0 0.13984375 0.37578125 0.04609375 0.10859375
4 0.03984375 0.49296875 0.05859375 0.14921875
4 0.46953125 0.94375 0.0421875 0.09921875
0 0.225 0.33359375 0.03046875 0.10234375
4 0.05859375 0.321875 0.028125 0.059375
3 0.228125 0.69375 0.21640625 0.2640625
3 0.3125 0.215625 0.04765625 0.03125
3 0.2859375 0.23359375 0.04375 0.03203125
3 0.934375 0.24296875 0.0984375 0.078125
3 0.81796875 0.23515625 0.04453125 0.09765625
3 0.571875 0.1921875 0.04140625 0.04296875