1 0.484375 0.6875 0.2 0.140625
3 0.62421875 0.46171875 0.225 0.19375
2 0.31015625 0.2578125 0.26875 0.1828125
3 0.5859375 0.15 0.18125 0.1578125
3 0.68125 0.2078125 0.153125 0.209375
1 0.43203125 0.08515625 0.15625 0.1140625
0 0.2625 0.146875 0.0875 0.034375
2 0.221875 0.78046875 0.134375 0.1890625
0 0.1609375 0.10703125 0.053125 0.015625
3 0.8375 0.95703125 0.24375 0.0859375
1 0.8859375 0.39375 0.228125 0.240625
4 0.8328125 0.2359375 0.334375 0.084375
4 0.4515625 0.16953125 0.0875 0.0328125
4 0.5484375 0.0171875 0.128125 0.034375
4 0.37578125 0.01015625 0.1390625 0.0203125
3 0.3015625 0.03125 0.090625 0.0625
0 0.23125 0.06953125 0.0765625 0.01875
0 0.34375 0.3734375 0.1234375 0.0421875
3 0.290625 0.38515625 0.0765625 0.065625
5 0.16796875 0.19375 0.0453125 0.04375
0 0.16875 0.059375 0.046875 0.0125
0 0.16796875 0.1359375 0.05 0.009375
3 0.28828125 0.9765625 0.071875 0.046875