3 0.87578125 0.34140625 0.084375 0.0984375
3 0.47421875 0.6453125 0.18125 0.2375
3 0.60390625 0.41328125 0.10625 0.1765625
3 0.40546875 0.32109375 0.1203125 0.090625
3 0.7640625 0.69609375 0.2015625 0.25625
3 0.0859375 0.7390625 0.16875 0.36875
0 0.44609375 0.44765625 0.05 0.115625
3 0.8140625 0.54296875 0.15 0.15
1 0.30234375 0.2234375 0.05625 0.05625
0 0.3171875 0.48671875 0.065625 0.15
0 0.3625 0.4390625 0.0515625 0.14375
2 0.74765625 0.234375 0.171875 0.25625
1 0.66796875 0.36484375 0.0578125 0.109375
3 0.08046875 0.52109375 0.159375 0.1546875
4 0.96328125 0.50859375 0.065625 0.146875
3 0.05859375 0.2609375 0.1171875 0.0953125
3 0.43203125 0.39765625 0.11875 0.103125
3 0.58984375 0.29375 0.090625 0.046875
0 0.23359375 0.43828125 0.0625 0.153125
0 0.30546875 0.53984375 0.0875 0.2578125
0 0.89296875 0.215625 0.025 0.084375
0 0.8546875 0.2296875 0.01875 0.075
4 0.94765625 0.3875 0.0328125 0.09375
0 0.8328125 0.2234375 0.021875 0.065625
4 0.678125 0.90078125 0.071875 0.1984375
4 0.609375 0.975 0.084375 0.05
1 0.21171875 0.240625 0.06875 0.053125
1 0.53671875 0.384375 0.0328125 0.125
0 0.50625 0.30703125 0.034375 0.0671875
0 0.63984375 0.259375 0.046875 0.065625
3 0.65234375 0.23046875 0.040625 0.0828125
4 0.6078125 0.9484375 0.04375 0.103125
3 0.5390625 0.28203125 0.0265625 0.078125
3 0.8671875 0.16796875 0.0296875 0.05
0 0.90546875 0.15546875 0.0453125 0.046875
5 0.390625 0.19765625 0.065625 0.059375