3 0.3046875 0.22109375 0.2609375 0.190625
3 0.4390625 0.16796875 0.1765625 0.15
0 0.70625 0.31953125 0.0875 0.0375
3 0.66484375 0.10078125 0.1078125 0.0671875
0 0.428125 0.79609375 0.2625 0.134375
2 0.10546875 0.92890625 0.2109375 0.140625
4 0.240625 0.3 0.146875 0.115625
3 0.54296875 0.9078125 0.1390625 0.175
3 0.59453125 0.17734375 0.125 0.11875
3 0.79453125 0.24765625 0.065625 0.059375
5 0.61171875 0.52734375 0.4171875 0.228125
0 0.7140625 0.20390625 0.09375 0.0546875
1 0.79609375 0.109375 0.0859375 0.040625
4 0.20078125 0.06796875 0.134375 0.053125
3 0.7921875 0.18984375 0.059375 0.05
3 0.41796875 0.9484375 0.2171875 0.09375
4 0.66875 0.04609375 0.1078125 0.0484375
4 0.46796875 0.05234375 0.2578125 0.03125
4 0.54375 0.03984375 0.1640625 0.059375
3 0.77109375 0.05078125 0.075 0.025
0 0.79453125 0.14921875 0.096875 0.034375
5 0.88125 0.13671875 0.078125 0.065625
0 0.84453125 0.0796875 0.0875 0.0234375
5 0.88203125 0.2546875 0.059375 0.05
3 0.7421875 0.3375 0.1109375 0.0921875
5 0.83203125 0.9828125 0.2875 0.034375
3 0.775 0.74453125 0.05 0.046875
0 0.7625 0.7921875 0.05625 0.021875
3 0.74765625 0.9171875 0.1 0.0875