2 0.8640625 0.190625 0.271875 0.19140625
3 0.18203125 0.56875 0.15390625 0.2078125
3 0.2390625 0.6984375 0.18671875 0.265625
1 0.2328125 0.23671875 0.0546875 0.0875
1 0.43203125 0.4421875 0.1109375 0.17578125
3 0.32890625 0.24765625 0.06015625 0.0734375
3 0.4515625 0.26171875 0.09453125 0.13203125
4 0.05078125 0.346875 0.02578125 0.12109375
0 0.17265625 0.19609375 0.0296875 0.05390625
3 0.28828125 0.30234375 0.08046875 0.0953125
0 0.9078125 0.8671875 0.184375 0.25390625
0 0.715625 0.49453125 0.06328125 0.1875
0 0.375 0.25625 0.03359375 0.08359375
5 0.871875 0.36015625 0.25625 0.30703125
4 0.27578125 0.78046875 0.10859375 0.2703125
3 0.1453125 0.27890625 0.07109375 0.0890625
4 0.090625 0.809375 0.121875 0.190625
4 0.034375 0.49140625 0.06484375 0.16640625
3 0.0578125 0.29609375 0.08359375 0.11015625
0 0.09453125 0.2 0.015625 0.0609375
0 0.08828125 0.15703125 0.01015625 0.0484375
0 0.10625 0.16796875 0.01015625 0.05078125
0 0.4515625 0.3046875 0.0234375 0.09375
0 0.39453125 0.3078125 0.0296875 0.0984375
0 0.26015625 0.21953125 0.015625 0.06484375
5 0.50546875 0.134375 0.12578125 0.153125
1 0.60078125 0.196875 0.03671875 0.03828125