1 0.48125 0.41796875 0.1375 0.171875
3 0.88671875 0.64765625 0.225 0.290625
1 0.3484375 0.29375 0.0875 0.10625
3 0.20078125 0.721875 0.2125 0.290625
1 0.58359375 0.321875 0.121875 0.1484375
5 0.43515625 0.19765625 0.1765625 0.2859375
1 0.69296875 0.421875 0.165625 0.2140625
1 0.0734375 0.40625 0.109375 0.178125
1 0.2203125 0.34921875 0.10625 0.128125
2 0.97578125 0.18984375 0.046875 0.278125
4 0.00625 0.33359375 0.0125 0.1234375
3 0.03046875 0.2609375 0.059375 0.0953125
3 0.15234375 0.5453125 0.171875 0.1703125
1 0.22890625 0.21484375 0.0515625 0.08125
4 0.11328125 0.8234375 0.08125 0.24375
4 0.01328125 0.51171875 0.025 0.1484375
4 0.27265625 0.5015625 0.040625 0.15625
2 0.1546875 0.184375 0.11875 0.2046875
0 0.05234375 0.15546875 0.0140625 0.05625
0 0.0359375 0.1375 0.009375 0.046875
1 0.453125 0.87265625 0.175 0.253125