3 0.28828125 0.87421875 0.2875 0.25
3 0.4546875 0.1734375 0.178125 0.15625
0 0.55859375 0.78828125 0.175 0.075
3 0.6515625 0.67578125 0.115625 0.1125
3 0.29609375 0.2328125 0.278125 0.2171875
3 0.66484375 0.45625 0.1078125 0.1125
1 0.8109375 0.1015625 0.075 0.04375
0 0.78671875 0.15234375 0.084375 0.01875
0 0.77109375 0.17109375 0.08125 0.028125
1 0.80859375 0.20859375 0.08125 0.053125
0 0.765625 0.34375 0.05 0.015625
5 0.809375 0.39453125 0.1265625 0.09375
0 0.83359375 0.1375 0.06875 0.04375
0 0.63671875 0.353125 0.1234375 0.0390625
3 0.703125 0.34375 0.084375 0.075
3 0.771875 0.2484375 0.071875 0.06875
0 0.59140625 0.60625 0.1859375 0.040625
0 0.3515625 0.434375 0.28125 0.05625
0 0.40390625 0.48671875 0.2296875 0.0453125
0 0.49375 0.5421875 0.1828125 0.053125
0 0.31953125 0.63046875 0.2921875 0.078125
0 0.55390625 0.39921875 0.1671875 0.0359375
0 0.59765625 0.42109375 0.140625 0.03125
3 0.64296875 0.24765625 0.140625 0.090625
0 0.67578125 0.30078125 0.121875 0.028125
0 0.62265625 0.1203125 0.146875 0.040625
2 0.8078125 0.3125 0.1046875 0.059375
4 0.4859375 0.021875 0.128125 0.04375
4 0.58984375 0.0296875 0.165625 0.0265625
4 0.68671875 0.034375 0.08125 0.0375
4 0.775 0.0625 0.0453125 0.015625
4 0.23515625 0.00546875 0.23125 0.009375
4 0.23125 0.06640625 0.0765625 0.05
4 0.13125 0.0578125 0.125 0.065625
4 0.059375 0.49375 0.11875 0.08125
4 0.48359375 0.95390625 0.109375 0.0765625
3 0.79296875 0.8484375 0.075 0.059375
0 0.771875 0.85390625 0.046875 0.0234375