3 0.88828125 0.56953125 0.2234375 0.24375
3 0.6015625 0.33359375 0.121875 0.13125
3 0.2265625 0.65703125 0.19375 0.2125
3 0.171875 0.53828125 0.1484375 0.1765625
5 0.290625 0.2265625 0.109375 0.2046875
3 0.4046875 0.2796875 0.078125 0.09375
4 0.0515625 0.33515625 0.065625 0.15
0 0.22578125 0.1953125 0.025 0.071875
2 0.1140625 0.08515625 0.059375 0.06875
4 0.02890625 0.496875 0.0578125 0.134375
0 0.12734375 0.1875 0.0203125 0.078125
0 0.15546875 0.1828125 0.01875 0.05625
3 0.47578125 0.33828125 0.1265625 0.159375
4 0.2609375 0.79765625 0.071875 0.246875
4 0.06328125 0.83984375 0.071875 0.1640625
1 0.4484375 0.57890625 0.14375 0.28125
1 0.50078125 0.47890625 0.1265625 0.203125
0 0.10703125 0.190625 0.025 0.078125
0 0.184375 0.203125 0.021875 0.06875
0 0.18203125 0.16015625 0.0125 0.021875
5 0.2484375 0.10546875 0.09375 0.121875
2 0.453125 0.125 0.075 0.084375
3 0.815625 0.2046875 0.065625 0.0546875
0 0.72890625 0.196875 0.0203125 0.0453125