1 0.50546875 0.86640625 0.22890625 0.2671875
0 0.478125 0.59921875 0.06484375 0.1859375
1 0.4984375 0.43984375 0.1109375 0.1671875
1 0.240625 0.25078125 0.0640625 0.1125
1 0.11953125 0.409375 0.096875 0.1546875
3 0.45546875 0.2953125 0.07890625 0.084375
2 0.48203125 0.146875 0.11328125 0.11484375
1 0.74140625 0.6421875 0.18828125 0.26953125
0 0.9078125 0.61875 0.12734375 0.221875
3 0.3515625 0.26875 0.07578125 0.0875
0 0.35703125 0.36875 0.03984375 0.12421875
0 0.20390625 0.32109375 0.0390625 0.11875
0 0.15625 0.2671875 0.03046875 0.09765625
0 0.29375 0.2734375 0.028125 0.0859375
3 0.23984375 0.7 0.20078125 0.27578125
3 0.18515625 0.54609375 0.14921875 0.16015625
4 0.03828125 0.50078125 0.0546875 0.13046875
3 0.15390625 0.17265625 0.04375 0.05546875
5 0.29375 0.15078125 0.11640625 0.13359375
4 0.053125 0.35234375 0.03203125 0.128125
4 0.259375 0.81640625 0.0796875 0.29765625
0 0.7109375 0.221875 0.02109375 0.05390625
1 0.57109375 0.1984375 0.03984375 0.04453125
0 0.53046875 0.3046875 0.034375 0.096875
3 0.06875 0.2828125 0.059375 0.08203125
0 0.12421875 0.24140625 0.02265625 0.07265625
0 0.18828125 0.20390625 0.01953125 0.0578125
5 0.2046875 0.14375 0.05859375 0.10390625
3 0.103125 0.18671875 0.03828125 0.0421875
0 0.31953125 0.31484375 0.02578125 0.0984375