1 0.41171875 0.8265625 0.215625 0.16796875
4 0.22265625 0.80078125 0.1140625 0.228125
3 0.184375 0.55546875 0.165625 0.19765625
3 0.23828125 0.6890625 0.1828125 0.2546875
1 0.1140625 0.40625 0.09296875 0.21875
4 0.04140625 0.49140625 0.0578125 0.15859375
4 0.059375 0.35546875 0.03359375 0.13125
4 0.03046875 0.315625 0.01875 0.09140625
0 0.221875 0.31328125 0.03984375 0.1296875
0 0.453125 0.43984375 0.065625 0.17265625
1 0.33671875 0.315625 0.0828125 0.15
0 0.37734375 0.30078125 0.02421875 0.1015625
0 0.39609375 0.2875 0.01875 0.1125
2 0.19921875 0.23984375 0.115625 0.18671875
3 0.28125 0.22578125 0.0484375 0.08828125
0 0.0765625 0.19375 0.03203125 0.06640625
0 0.121875 0.14921875 0.02109375 0.03828125
3 0.36640625 0.23125 0.0484375 0.04296875
5 0.82890625 0.12421875 0.3421875 0.19609375
3 0.5703125 0.4390625 0.1265625 0.2234375
1 0.64609375 0.36015625 0.09609375 0.125
3 0.5421875 0.184375 0.05546875 0.04765625
2 0.22890625 0.10625 0.03984375 0.06484375
1 0.5015625 0.16640625 0.03046875 0.05859375
5 0.4484375 0.16875 0.0484375 0.07890625
3 0.13515625 0.196875 0.02578125 0.07578125
0 0.97734375 0.6109375 0.0453125 0.259375