1 0.33046875 0.3125 0.075 0.1171875
3 0.24453125 0.6703125 0.19765625 0.2359375
3 0.1796875 0.546875 0.14765625 0.16796875
2 0.3625 0.246875 0.065625 0.0859375
1 0.5375 0.4609375 0.12421875 0.22109375
1 0.2625 0.3328125 0.09296875 0.14453125
0 0.1640625 0.24140625 0.0328125 0.06953125
1 0.109375 0.15 0.0328125 0.0421875
4 0.05 0.346875 0.0203125 0.115625
0 0.42265625 0.4625 0.065625 0.16875
1 0.11640625 0.41328125 0.1046875 0.16328125
0 0.59453125 0.3953125 0.05234375 0.14375
3 0.12578125 0.20078125 0.0515625 0.0578125
4 0.03984375 0.50703125 0.06953125 0.13046875
4 0.26328125 0.8046875 0.0453125 0.21640625
4 0.18203125 0.94296875 0.0515625 0.1140625
3 0.2890625 0.21953125 0.05234375 0.05703125
0 0.1875 0.1796875 0.01015625 0.05390625
3 0.13203125 0.13828125 0.01328125 0.02734375
3 0.15546875 0.1828125 0.021875 0.03203125
3 0.146875 0.1453125 0.0234375 0.03203125
2 0.2953125 0.11953125 0.046875 0.0421875
3 0.0625 0.28125 0.06796875 0.078125
4 0.075 0.29609375 0.0140625 0.05390625
0 0.22265625 0.27890625 0.0171875 0.07421875
5 0.7171875 0.20703125 0.075 0.07734375