3 0.41328125 0.78828125 0.11875 0.1375
3 0.546875 0.8171875 0.171875 0.15
3 0.7015625 0.7609375 0.2609375 0.19375
1 0.321875 0.66953125 0.128125 0.059375
5 0.30390625 0.3203125 0.3421875 0.284375
0 0.359375 0.53671875 0.128125 0.06875
0 0.2453125 0.76796875 0.071875 0.03125
0 0.446875 0.35625 0.121875 0.0609375
3 0.17734375 0.81953125 0.0484375 0.040625
3 0.21640625 0.7109375 0.053125 0.0453125
0 0.20859375 0.8734375 0.0625 0.034375
5 0.1796875 0.49296875 0.0484375 0.08125
4 0.3171875 0.953125 0.078125 0.0265625
3 0.228125 0.66484375 0.040625 0.05625
0 0.35546875 0.865625 0.0875 0.04375
5 0.14609375 0.80546875 0.034375 0.0375
4 0.80546875 0.9203125 0.159375 0.078125
4 0.96171875 0.89296875 0.0765625 0.0484375
4 0.496875 0.94140625 0.15625 0.0546875
3 0.30859375 0.884375 0.1015625 0.1015625
0 0.20859375 0.909375 0.0671875 0.0140625
5 0.10859375 0.7296875 0.0578125 0.04375
3 0.146875 0.84921875 0.04375 0.025
5 0.10078125 0.896875 0.090625 0.05
5 0.16953125 0.87890625 0.096875 0.0453125