1 0.40546875 0.4578125 0.1140625 0.2015625
3 0.70546875 0.51796875 0.18359375 0.19921875
5 0.95390625 0.73125 0.08671875 0.440625
0 0.3359375 0.31953125 0.03671875 0.096875
3 0.22578125 0.66796875 0.18671875 0.20703125
3 0.1828125 0.54375 0.15078125 0.16171875
5 0.746875 0.20625 0.1140625 0.11171875
3 0.6625 0.38984375 0.1515625 0.1140625
1 0.41328125 0.328125 0.08984375 0.08671875
0 0.28203125 0.39375 0.040625 0.12421875
1 0.11484375 0.4171875 0.1015625 0.16875
3 0.240625 0.3234375 0.05859375 0.09375
0 0.25625 0.25 0.03125 0.0453125
3 0.06015625 0.28046875 0.0796875 0.08203125
1 0.6671875 0.69609375 0.190625 0.3375
0 0.0796875 0.1734375 0.01953125 0.0390625
3 0.94453125 0.26640625 0.0796875 0.075
1 0.14453125 0.1640625 0.03125 0.06953125
4 0.04609375 0.34921875 0.0203125 0.1125
4 0.0390625 0.51484375 0.065625 0.1203125
5 0.5390625 0.275 0.11484375 0.20546875
4 0.2625 0.7984375 0.04921875 0.2265625
4 0.03203125 0.2921875 0.01484375 0.04765625
0 0.11875 0.2328125 0.0140625 0.0765625
0 0.1234375 0.16484375 0.01328125 0.04609375
0 0.18671875 0.2015625 0.01328125 0.06015625
3 0.22421875 0.24609375 0.0265625 0.0578125
3 0.21171875 0.22890625 0.0359375 0.06640625
3 0.20625 0.16640625 0.0296875 0.05390625
3 0.16796875 0.15234375 0.021875 0.03828125
3 0.10703125 0.1484375 0.02109375 0.040625
5 0.26640625 0.11484375 0.04453125 0.05546875