1 0.40234375 0.31875 0.08828125 0.11015625
3 0.2421875 0.23671875 0.065625 0.07421875
3 0.64765625 0.39921875 0.1390625 0.14765625
3 0.22890625 0.696875 0.22578125 0.2640625
3 0.128125 0.33828125 0.07578125 0.0984375
0 0.246875 0.334375 0.0453125 0.109375
4 0.490625 0.8359375 0.07734375 0.2328125
3 0.18203125 0.54453125 0.14609375 0.1578125
3 0.68828125 0.23359375 0.08671875 0.05703125
0 0.334375 0.38359375 0.0484375 0.128125
2 0.896875 0.62421875 0.20546875 0.6765625
4 0.0375 0.50859375 0.06953125 0.11015625
4 0.08671875 0.18515625 0.021875 0.0890625
0 0.1515625 0.16875 0.021875 0.07265625
0 0.20390625 0.19921875 0.0453125 0.06015625
0 0.1921875 0.24296875 0.02890625 0.0703125