3 0.2234375 0.21484375 0.434375 0.3609375
0 0.4609375 0.01171875 0.225 0.0234375
3 0.3296875 0.753125 0.275 0.2046875
3 0.6890625 0.87109375 0.103125 0.0890625
2 0.690625 0.5984375 0.4125 0.259375
1 0.3640625 0.10078125 0.30625 0.175
3 0.4734375 0.81015625 0.165625 0.146875
3 0.5 0.18671875 0.1515625 0.225
1 0.434375 0.39453125 0.28125 0.1609375
3 0.84296875 0.8109375 0.04375 0.04375
3 0.87578125 0.8234375 0.0578125 0.034375
1 0.78828125 0.859375 0.0671875 0.046875
3 0.79296875 0.03828125 0.0765625 0.0765625
0 0.7203125 0.81484375 0.078125 0.0265625
1 0.85625 0.903125 0.0640625 0.0296875
0 0.79609375 0.81640625 0.040625 0.01875
0 0.75078125 0.0046875 0.05 0.009375
2 0.72734375 0.4546875 0.21875 0.046875
3 0.64296875 0.26875 0.09375 0.1328125
4 0.33046875 0.91953125 0.271875 0.0546875
4 0.6078125 0.95625 0.15 0.0296875
3 0.703125 0.40703125 0.11875 0.0390625
0 0.58984375 0.3078125 0.15 0.046875
1 0.8078125 0.2375 0.05 0.05625
3 0.78984375 0.134375 0.046875 0.075
0 0.71796875 0.7609375 0.1046875 0.028125
4 0.0984375 0.77421875 0.196875 0.059375
2 0.91328125 0.92421875 0.075 0.05
3 0.61015625 0.16875 0.0625 0.04375
4 0.5234375 0.96953125 0.10625 0.046875
0 0.83125 0.91171875 0.06875 0.01875
0 0.84765625 0.86796875 0.025 0.0125
0 0.8640625 0.8734375 0.015625 0.009375
0 0.875 0.86484375 0.0203125 0.0109375
0 0.85625 0.85078125 0.04375 0.015625
3 0.83203125 0.77421875 0.04375 0.046875
3 0.82109375 0.7515625 0.04375 0.0421875
3 0.79375 0.7578125 0.046875 0.046875
3 0.5453125 0.03515625 0.1484375 0.06875