3 0.125 0.3453125 0.0921875 0.10859375
3 0.678125 0.4140625 0.146875 0.165625
3 0.4484375 0.3453125 0.10234375 0.11484375
0 0.84453125 0.478125 0.071875 0.17578125
3 0.23828125 0.7015625 0.19375 0.27265625
1 0.29921875 0.3375 0.0671875 0.128125
3 0.184375 0.56953125 0.15234375 0.21796875
3 0.22265625 0.19140625 0.04296875 0.05546875
3 0.29375 0.26171875 0.06484375 0.07890625
0 0.37578125 0.278125 0.03671875 0.0875
4 0.24140625 0.7796875 0.1015625 0.25078125
3 0.375 0.50078125 0.13671875 0.19921875
4 0.05390625 0.35 0.05 0.14140625
0 0.50703125 0.31484375 0.0234375 0.10625
2 0.178125 0.14609375 0.06328125 0.08828125
4 0.04140625 0.50859375 0.07265625 0.134375
0 0.1734375 0.2 0.02109375 0.06796875
4 0.0625 0.81015625 0.12109375 0.2
4 0.115625 0.25703125 0.02265625 0.04921875
0 0.090625 0.17578125 0.01796875 0.046875
3 0.121875 0.16640625 0.03984375 0.06953125
3 0.26796875 0.215625 0.05078125 0.07578125
5 0.38046875 0.11171875 0.11640625 0.12734375
0 0.8265625 0.23515625 0.02421875 0.0546875