4 0.3953125 0.77734375 0.153125 0.034375
4 0.3484375 0.9890625 0.11875 0.021875
4 0.35234375 0.97578125 0.103125 0.021875
4 0.34609375 0.96328125 0.125 0.0203125
4 0.5109375 0.97578125 0.140625 0.0484375
1 0.29140625 0.6421875 0.096875 0.053125
3 0.2828125 0.83125 0.090625 0.06875
1 0.21171875 0.84921875 0.04375 0.0375
1 0.18671875 0.8171875 0.0609375 0.0390625
1 0.146875 0.90390625 0.0375 0.025
1 0.4265625 0.903125 0.1859375 0.09375
3 0.20390625 0.9453125 0.053125 0.0359375
3 0.278125 0.91328125 0.10625 0.06875
3 0.28125 0.7328125 0.084375 0.0625
3 0.240625 0.66953125 0.053125 0.040625
3 0.36328125 0.5578125 0.1234375 0.0859375
3 0.353125 0.3953125 0.10625 0.103125
3 0.69140625 0.7796875 0.2640625 0.171875
3 0.55 0.83984375 0.19375 0.146875
0 0.2203125 0.7796875 0.06875 0.01875
0 0.18125 0.78125 0.0453125 0.009375
0 0.18359375 0.7703125 0.053125 0.009375
0 0.2015625 0.7359375 0.053125 0.01875
2 0.221875 0.57578125 0.15 0.125
5 0.1203125 0.58359375 0.090625 0.0921875
5 0.09765625 0.7765625 0.053125 0.046875
5 0.09765625 0.89921875 0.059375 0.0453125
3 0.14375 0.86640625 0.04375 0.025
0 0.32109375 0.665625 0.10625 0.0296875
0 0.4484375 0.58828125 0.146875 0.0390625
0 0.37890625 0.61640625 0.128125 0.0390625
0 0.39921875 0.384375 0.1484375 0.0453125
3 0.24375 0.13515625 0.05625 0.08125
3 0.225 0.30625 0.040625 0.0625