2 0.125 0.91328125 0.15 0.0796875
3 0.253125 0.84765625 0.0890625 0.0765625
5 0.11640625 0.7921875 0.109375 0.0875
5 0.2078125 0.5421875 0.2328125 0.1625
4 0.846875 0.86171875 0.30625 0.078125
3 0.67890625 0.7734375 0.240625 0.1953125
4 0.6078125 0.68515625 0.234375 0.04375
4 0.50234375 0.9796875 0.1375 0.040625
4 0.3359375 0.9875 0.125 0.0234375
3 0.2578125 0.96171875 0.1 0.0765625
3 0.54921875 0.84140625 0.2125 0.11875
3 0.35546875 0.328125 0.1375 0.1125
3 0.86875 0.04609375 0.23125 0.090625
0 0.35546875 0.6328125 0.1328125 0.046875
3 0.29921875 0.60078125 0.115625 0.084375
0 0.3484375 0.7453125 0.1328125 0.040625
0 0.26171875 0.76171875 0.071875 0.021875
3 0.26015625 0.6890625 0.08125 0.065625
3 0.20859375 0.77265625 0.0484375 0.05625
3 0.17734375 0.72578125 0.059375 0.05
3 0.209375 0.22265625 0.0625 0.078125
0 0.23046875 0.06328125 0.06875 0.04375
1 0.43203125 0.4375 0.2 0.1171875
1 0.40390625 0.9109375 0.1859375 0.103125
1 0.8703125 0.60625 0.259375 0.234375
0 0.175 0.83359375 0.046875 0.0375