3 0.678125 0.93046875 0.13125 0.0828125
3 0.6015625 0.47109375 0.178125 0.13125
3 0.28203125 0.80546875 0.296875 0.215625
3 0.65859375 0.75234375 0.153125 0.09375
3 0.7875 0.77109375 0.071875 0.065625
1 0.759375 0.83125 0.0953125 0.05
3 0.45390625 0.8671875 0.18125 0.159375
5 0.90390625 0.49765625 0.1921875 0.2
3 0.82890625 0.86328125 0.0609375 0.05
3 0.7671875 0.66171875 0.084375 0.078125
2 0.271875 0.075 0.54375 0.15
4 0.66640625 0.98671875 0.1734375 0.0265625
4 0.17265625 0.82578125 0.26875 0.08125
3 0.878125 0.88515625 0.040625 0.0296875
0 0.75546875 0.03125 0.0765625 0.05
4 0.50234375 0.9890625 0.146875 0.021875
0 0.86015625 0.921875 0.053125 0.0375
0 0.74609375 0.62734375 0.134375 0.025
4 0.12890625 0.9796875 0.15 0.040625
0 0.76640625 0.90625 0.046875 0.021875
4 0.77109375 0.95078125 0.0421875 0.0171875
2 0.925 0.92890625 0.0625 0.05
3 0.89375 0.95546875 0.046875 0.0328125
3 0.84375 0.8171875 0.059375 0.0140625