0 0.41875 0.21640625 0.159375 0.059375
0 0.5203125 0.22890625 0.1984375 0.08125
3 0.690625 0.759375 0.265625 0.1984375
0 0.35546875 0.39921875 0.125 0.04375
3 0.5421875 0.82109375 0.175 0.146875
1 0.1625 0.81953125 0.05 0.034375
3 0.33046875 0.87578125 0.115625 0.0859375
3 0.43046875 0.334375 0.18125 0.15
2 0.1875 0.1859375 0.096875 0.1625
0 0.21171875 0.8125 0.06875 0.0296875
4 0.503125 0.96484375 0.140625 0.0703125
2 0.1375 0.88125 0.10625 0.0734375
0 0.20703125 0.778125 0.0609375 0.021875
0 0.221875 0.69765625 0.078125 0.03125
4 0.6421875 0.61640625 0.284375 0.06875
4 0.35078125 0.93828125 0.146875 0.0421875
4 0.3375 0.825 0.13125 0.03125
0 0.2 0.87421875 0.078125 0.015625
0 0.31484375 0.61015625 0.1390625 0.03125
5 0.1203125 0.5015625 0.15625 0.13125
1 0.18203125 0.41640625 0.0375 0.0375