3 0.3640625 0.775 0.2265625 0.196875
0 0.78984375 0.6125 0.090625 0.034375
3 0.49609375 0.84609375 0.171875 0.1515625
2 0.42578125 0.2875 0.615625 0.575
3 0.84140625 0.14765625 0.0625 0.06875
0 0.8921875 0.9265625 0.075 0.0375
1 0.72734375 0.69296875 0.153125 0.090625
0 0.78203125 0.80625 0.1 0.046875
3 0.82109375 0.76796875 0.065625 0.05625
3 0.8140625 0.68671875 0.040625 0.075
2 0.9125 0.79921875 0.10625 0.084375
2 0.90546875 0.4078125 0.1359375 0.159375
3 0.81796875 0.0421875 0.08125 0.084375
0 0.690625 0.5828125 0.15 0.040625
4 0.12734375 0.959375 0.2546875 0.08125
4 0.1296875 0.72578125 0.259375 0.0703125
4 0.2296875 0.8109375 0.321875 0.0703125
3 0.72109375 0.903125 0.109375 0.084375
0 0.6578125 0.890625 0.14375 0.0453125
4 0.528125 0.978125 0.14375 0.04375
0 0.76953125 0.96484375 0.04375 0.0578125
4 0.690625 0.9546875 0.134375 0.0234375
5 0.9265625 0.61328125 0.059375 0.053125
2 0.9796875 0.8828125 0.040625 0.04375
2 0.8953125 0.52265625 0.04375 0.01875
2 0.84140625 0.8984375 0.071875 0.0296875