3 0.48046875 0.87578125 0.175 0.159375
3 0.3203125 0.8125 0.2734375 0.2125
3 0.53984375 0.6984375 0.196875 0.1359375
3 0.73828125 0.6859375 0.1125 0.0921875
3 0.69140625 0.58125 0.1296875 0.084375
3 0.86328125 0.97578125 0.0546875 0.0484375
1 0.81171875 0.83828125 0.1 0.046875
0 0.071875 0.2015625 0.14375 0.1375
0 0.8078125 0.8765625 0.09375 0.034375
0 0.8921875 0.93203125 0.040625 0.01875
0 0.7859375 0.78359375 0.078125 0.040625
3 0.82421875 0.7265625 0.078125 0.0640625
2 0.6125 0.2796875 0.675 0.559375
1 0.2859375 0.48125 0.3609375 0.184375
4 0.61953125 0.94453125 0.1734375 0.059375
3 0.85625 0.79921875 0.0640625 0.046875
4 0.68515625 0.990625 0.165625 0.01875
3 0.69921875 0.93515625 0.121875 0.0875
0 0.43203125 0.596875 0.221875 0.071875
0 0.80625 0.91015625 0.1046875 0.025