0 0.64765625 0.62265625 0.10234375 0.234375
0 0.325 0.40703125 0.06171875 0.15234375
3 0.1890625 0.5453125 0.15 0.1734375
3 0.23828125 0.68671875 0.19140625 0.265625
3 0.44296875 0.4359375 0.11796875 0.16875
1 0.16640625 0.26015625 0.06875 0.09375
3 0.321875 0.23125 0.06328125 0.06640625
3 0.4625 0.32265625 0.0828125 0.05859375
0 0.215625 0.20390625 0.02109375 0.0671875
3 0.12421875 0.3265625 0.0921875 0.1
2 0.1125 0.14140625 0.06015625 0.08359375
4 0.4328125 0.8953125 0.11171875 0.20859375
4 0.071875 0.8765625 0.084375 0.246875
4 0.05625 0.4734375 0.04296875 0.2015625
0 0.13359375 0.38984375 0.04296875 0.13046875
0 0.4890625 0.2984375 0.05703125 0.09609375
3 0.834375 0.25 0.0921875 0.0578125
3 0.9234375 0.240625 0.084375 0.06171875
3 0.95625 0.29140625 0.08359375 0.071875
3 0.43359375 0.175 0.04921875 0.04765625
0 0.153125 0.1796875 0.02265625 0.0515625
3 0.17578125 0.15703125 0.03046875 0.04140625
3 0.2421875 0.19453125 0.01796875 0.06328125
0 0.5171875 0.18671875 0.01875 0.05078125