0 0.18125 0.31640625 0.0296875 0.09609375
3 0.2359375 0.68046875 0.19140625 0.21953125
3 0.1828125 0.53671875 0.13828125 0.153125
3 0.821875 0.2328125 0.08828125 0.0640625
0 0.225 0.2703125 0.01484375 0.07421875
0 0.22421875 0.27578125 0.025 0.06796875
3 0.60625 0.48359375 0.178125 0.18828125
3 0.1953125 0.22421875 0.0546875 0.0578125
1 0.83671875 0.715625 0.2203125 0.340625
3 0.54609375 0.3203125 0.08203125 0.09140625
5 0.3609375 0.21953125 0.06640625 0.1171875
3 0.79296875 0.41640625 0.1546875 0.1609375
0 0.25703125 0.30859375 0.04453125 0.134375
4 0.05234375 0.31484375 0.04375 0.06640625
3 0.1546875 0.26328125 0.0578125 0.05234375
3 0.115625 0.32734375 0.0921875 0.10390625
0 0.4984375 0.35859375 0.04296875 0.103125
0 0.13359375 0.39765625 0.03671875 0.14765625
5 0.43046875 0.2609375 0.08515625 0.13515625
4 0.26171875 0.8203125 0.0859375 0.30625
0 0.13828125 0.128125 0.03515625 0.05390625
4 0.0546875 0.840625 0.10859375 0.31796875
4 0.0359375 0.50703125 0.053125 0.11484375
4 0.05234375 0.4203125 0.0234375 0.13984375
0 0.3171875 0.41484375 0.0359375 0.15546875
0 0.334375 0.321875 0.02734375 0.090625
0 0.39375 0.403125 0.04375 0.1359375
1 0.61640625 0.88046875 0.29765625 0.23828125
1 0.93515625 0.62890625 0.1296875 0.3234375
3 0.89609375 0.240625 0.05234375 0.06796875
3 0.965625 0.2890625 0.06796875 0.040625
1 0.96015625 0.2484375 0.07890625 0.05078125
3 0.4515625 0.15078125 0.03046875 0.05625
5 0.24921875 0.1015625 0.05078125 0.0734375
2 0.14453125 0.0765625 0.03046875 0.0546875
3 0.06640625 0.2265625 0.02734375 0.05078125
0 0.11484375 0.22734375 0.015625 0.0765625
0 0.1234375 0.19140625 0.03359375 0.06015625
0 0.15 0.178125 0.0078125 0.04609375
3 0.17578125 0.19140625 0.03125 0.0484375
3 0.234375 0.18515625 0.03203125 0.05078125
3 0.2484375 0.24140625 0.02578125 0.05546875
3 0.28828125 0.23046875 0.02890625 0.09453125