5 0.4515625 0.2421875 0.2375 0.30625
1 0.7390625 0.2640625 0.0640625 0.103125
3 0.8 0.71015625 0.2453125 0.303125
3 0.06875 0.48203125 0.1375 0.284375
0 0.6453125 0.2828125 0.053125 0.1078125
3 0.73515625 0.18515625 0.0609375 0.04375
3 0.77890625 0.16640625 0.0515625 0.059375
4 0.9265625 0.38359375 0.034375 0.0921875
3 0.91640625 0.3078125 0.08125 0.084375
4 0.96171875 0.91953125 0.0765625 0.1609375
3 0.88515625 0.1390625 0.05 0.046875
3 0.84609375 0.403125 0.153125 0.125
3 0.828125 0.18125 0.0125 0.0625
0 0.84296875 0.1953125 0.01875 0.0671875
1 0.8546875 0.11328125 0.040625 0.0484375
0 0.52734375 0.36640625 0.05 0.146875
3 0.85390625 0.5515625 0.165625 0.175
4 0.9875 0.2875 0.025 0.08125
0 0.93515625 0.1671875 0.025 0.0578125
1 0.06015625 0.22578125 0.0828125 0.0875
3 0.14765625 0.2015625 0.0578125 0.0640625
3 0.24296875 0.2109375 0.05 0.028125
3 0.01015625 0.23046875 0.0203125 0.09375
4 0.9859375 0.4921875 0.028125 0.159375
4 0.9640625 0.78828125 0.0515625 0.084375
4 0.7734375 0.36953125 0.04375 0.053125
3 0.8953125 0.096875 0.0234375 0.0296875
5 0.94453125 0.05390625 0.059375 0.075
5 0.9359375 0.11015625 0.046875 0.0625
5 0.73671875 0.078125 0.05625 0.059375
0 0.66015625 0.1140625 0.0125 0.034375