2 0.93046875 0.90625 0.1390625 0.1875
3 0.084375 0.3296875 0.09375 0.1375
3 0.09765625 0.34375 0.075 0.1
0 0.7859375 0.8671875 0.1453125 0.265625
3 0.1515625 0.559375 0.1515625 0.171875
3 0.20546875 0.7125 0.1859375 0.2625
0 0.29453125 0.28671875 0.040625 0.0984375
3 0.3984375 0.33125 0.1 0.115625
0 0.69375 0.38046875 0.0703125 0.0890625
3 0.2078125 0.25859375 0.0625 0.075
1 0.93671875 0.51953125 0.1265625 0.240625
3 0.57734375 0.34609375 0.090625 0.121875
3 0.3359375 0.24140625 0.0484375 0.0703125
0 0.5796875 0.6078125 0.078125 0.25
0 0.153125 0.215625 0.0234375 0.0484375
3 0.24765625 0.21640625 0.046875 0.053125
3 0.134375 0.26171875 0.0671875 0.0375
5 0.75390625 0.5640625 0.271875 0.28125
3 0.92421875 0.2578125 0.1109375 0.0984375
3 0.13515625 0.28984375 0.0703125 0.0765625
3 0.83203125 0.23671875 0.090625 0.065625
0 0.49140625 0.3703125 0.0359375 0.153125
0 0.34453125 0.40625 0.05 0.134375
5 0.0640625 0.14921875 0.05625 0.09375
0 0.10078125 0.20859375 0.028125 0.0609375
4 0.26796875 0.81875 0.0328125 0.2203125
4 0.35078125 0.90859375 0.065625 0.1828125
4 0.0453125 0.83515625 0.075 0.153125
4 0.02265625 0.4765625 0.034375 0.209375
4 0.05390625 0.46875 0.0296875 0.2
4 0.1703125 0.43984375 0.04375 0.0625
4 0.01640625 0.31015625 0.0328125 0.0515625
0 0.18515625 0.18828125 0.053125 0.0515625
3 0.21875 0.184375 0.028125 0.0375
3 0.1359375 0.19609375 0.034375 0.0625
1 0.11640625 0.165625 0.028125 0.040625
2 0.1484375 0.1234375 0.071875 0.0859375
0 0.553125 0.37734375 0.034375 0.1203125