3 0.18125 0.55 0.1453125 0.17734375
3 0.23828125 0.69921875 0.1984375 0.2640625
3 0.38046875 0.296875 0.08125 0.084375
4 0.06484375 0.34453125 0.0609375 0.1625
3 0.1265625 0.34296875 0.07421875 0.103125
0 0.41640625 0.365625 0.040625 0.11484375
3 0.45703125 0.28046875 0.06796875 0.09609375
4 0.03984375 0.50625 0.0703125 0.13515625
3 0.625 0.20625 0.04375 0.04609375
3 0.62890625 0.20390625 0.053125 0.0484375
2 0.859375 0.621875 0.28046875 0.75625
1 0.20234375 0.2171875 0.0421875 0.071875
0 0.740625 0.2296875 0.0234375 0.0359375
0 0.46015625 0.1703125 0.0109375 0.03125
0 0.490625 0.17265625 0.01484375 0.03046875
3 0.2828125 0.21484375 0.05234375 0.0640625
0 0.159375 0.23828125 0.015625 0.07421875
0 0.1375 0.24921875 0.02265625 0.05859375
0 0.14140625 0.2078125 0.0171875 0.046875
3 0.12734375 0.171875 0.0328125 0.04609375
3 0.06171875 0.20703125 0.02578125 0.0578125