3 0.3421875 0.553125 0.121875 0.1125
3 0.2828125 0.42421875 0.0921875 0.084375
3 0.1875 0.13828125 0.065625 0.053125
3 0.22265625 0.2125 0.0890625 0.0625
0 0.2546875 0.29375 0.0734375 0.04375
0 0.2828125 0.346875 0.090625 0.040625
2 0.18515625 0.303125 0.1390625 0.1265625
3 0.25390625 0.9375 0.0859375 0.1140625
3 0.35390625 0.1484375 0.1375 0.10625
4 0.84296875 0.03046875 0.19375 0.0609375
4 0.496875 0.01484375 0.140625 0.028125
3 0.5484375 0.14375 0.178125 0.15
3 0.93984375 0.7984375 0.1203125 0.403125
4 0.296875 0.1015625 0.0734375 0.021875
4 0.34375 0.0171875 0.128125 0.034375
0 0.125 0.07734375 0.05 0.0375
3 0.6984375 0.19296875 0.271875 0.228125
0 0.15 0.06328125 0.053125 0.015625
1 0.6140625 0.46171875 0.271875 0.1421875
4 0.8203125 0.2109375 0.26875 0.071875
3 0.21640625 0.66171875 0.0578125 0.0578125
5 0.065625 0.21640625 0.11875 0.078125