3 0.28671875 0.215625 0.2796875 0.221875
5 0.74140625 0.50390625 0.221875 0.225
3 0.33203125 0.746875 0.275 0.284375
3 0.6609375 0.1 0.08125 0.084375
3 0.65234375 0.37734375 0.09375 0.1125
0 0.4234375 0.9453125 0.209375 0.1015625
3 0.7734375 0.29375 0.065625 0.053125
1 0.75859375 0.1640625 0.096875 0.065625
3 0.46015625 0.17265625 0.13125 0.16875
3 0.58046875 0.16171875 0.109375 0.121875
0 0.77265625 0.22734375 0.071875 0.021875
3 0.69375 0.33828125 0.08125 0.0875
0 0.5328125 0.5171875 0.190625 0.05
4 0.47890625 0.03359375 0.1625 0.0375
0 0.58359375 0.35625 0.1359375 0.059375
0 0.64609375 0.27109375 0.11875 0.046875
0 0.6796875 0.2328125 0.0984375 0.0375
0 0.58359375 0.6484375 0.16875 0.0640625
4 0.6234375 0.003125 0.153125 0.00625
4 0.59921875 0.02578125 0.10625 0.04375
0 0.8296875 0.075 0.05625 0.05
0 0.53828125 0.6953125 0.13125 0.0640625
4 0.07734375 0.05078125 0.1546875 0.053125
4 0.15859375 0.05 0.1890625 0.0578125
4 0.34609375 0.0765625 0.284375 0.059375
5 0.896875 0.25546875 0.0875 0.08125
3 0.740625 0.93828125 0.10625 0.09375
3 0.76640625 0.82890625 0.075 0.065625
0 0.8296875 0.1203125 0.05625 0.021875
3 0.8875 0.04765625 0.04375 0.028125
5 0.9421875 0.075 0.0375 0.028125
3 0.69375 0.04140625 0.071875 0.071875
0 0.58984375 0.48046875 0.1546875 0.03125
0 0.796875 0.19921875 0.0625 0.015625
3 0.85703125 0.0953125 0.0375 0.0171875