3 0.5921875 0.19453125 0.19375 0.1578125
3 0.746875 0.26015625 0.284375 0.209375
3 0.36875 0.4375 0.125 0.109375
3 0.2765625 0.43125 0.0671875 0.053125
3 0.36796875 0.13828125 0.109375 0.0796875
1 0.2390625 0.18359375 0.0765625 0.046875
1 0.27109375 0.29921875 0.0890625 0.059375
0 0.21015625 0.23046875 0.0625 0.0171875
2 0.59296875 0.85859375 0.8109375 0.2828125
4 0.546875 0.04296875 0.140625 0.084375
1 0.57890625 0.45859375 0.2796875 0.146875
0 0.1890625 0.11796875 0.065625 0.0140625
3 0.175 0.1328125 0.05 0.040625
4 0.92890625 0.98515625 0.1421875 0.0296875
0 0.77578125 0.53984375 0.2921875 0.0609375
0 0.87890625 0.61328125 0.2421875 0.0609375
0 0.9453125 0.67265625 0.109375 0.08125
0 0.43671875 0.65390625 0.1578125 0.04375
1 0.50234375 0.69765625 0.2125 0.04375
3 0.35546875 0.6859375 0.0890625 0.084375
0 0.28359375 0.39140625 0.084375 0.025
3 0.23671875 0.3265625 0.084375 0.053125
0 0.23984375 0.27109375 0.065625 0.01875
0 0.184375 0.1890625 0.025 0.0125
0 0.175 0.20703125 0.0515625 0.025
5 0.1109375 0.32265625 0.1 0.06875
1 0.18828125 0.0875 0.0625 0.0375
4 0.465625 0.07421875 0.1890625 0.025
4 0.3859375 0.04921875 0.1375 0.021875