2 0.678125 0.19765625 0.14453125 0.11171875
3 0.23125 0.6734375 0.17578125 0.21640625
3 0.1859375 0.55546875 0.1421875 0.1625
3 0.56953125 0.33515625 0.09921875 0.1328125
4 0.04921875 0.346875 0.025 0.11640625
1 0.44296875 0.3828125 0.0890625 0.165625
1 0.11875 0.409375 0.10234375 0.16015625
5 0.25859375 0.15078125 0.103125 0.1421875
1 0.1125 0.153125 0.03125 0.053125
0 0.5484375 0.56484375 0.0609375 0.22890625
0 0.18359375 0.2125 0.01640625 0.06796875
4 0.2609375 0.7875 0.06015625 0.26953125
2 0.37265625 0.2296875 0.11484375 0.18359375
3 0.684375 0.44921875 0.1578125 0.17109375
4 0.0359375 0.85 0.071875 0.296875
0 0.94140625 0.2546875 0.0328125 0.0515625
3 0.29609375 0.30625 0.084375 0.0953125
0 0.2625 0.34765625 0.03984375 0.115625
0 0.1265625 0.23828125 0.021875 0.0828125
5 0.37109375 0.26328125 0.090625 0.128125
0 0.2671875 0.23984375 0.01640625 0.0625
3 0.0625 0.28515625 0.08203125 0.078125
4 0.03671875 0.515625 0.0546875 0.121875
4 0.0734375 0.303125 0.015625 0.06171875
0 0.14296875 0.19453125 0.0140625 0.05703125
0 0.125 0.17265625 0.0140625 0.0375
3 0.16640625 0.17734375 0.025 0.05703125
1 0.0765625 0.1671875 0.028125 0.059375
3 0.8171875 0.23984375 0.06875 0.05546875