5 0.48203125 0.39765625 0.14453125 0.18515625
3 0.92890625 0.5015625 0.13984375 0.18671875
3 0.78359375 0.5625 0.28671875 0.20859375
1 0.60859375 0.36796875 0.0890625 0.13671875
0 0.240625 0.2421875 0.03046875 0.0734375
3 0.2359375 0.67734375 0.1828125 0.21640625
3 0.18203125 0.5421875 0.14453125 0.1609375
3 0.28984375 0.203125 0.04375 0.0421875
1 0.11796875 0.15078125 0.025 0.05390625
3 0.14765625 0.2609375 0.065625 0.08125
3 0.90390625 0.26171875 0.09375 0.084375
3 0.1890625 0.2171875 0.0421875 0.0546875
3 0.18671875 0.21796875 0.046875 0.06171875
2 0.9296875 0.90234375 0.134375 0.1953125
3 0.1234375 0.33203125 0.0703125 0.1078125
0 0.28359375 0.33125 0.03671875 0.08125
3 0.3109375 0.2703125 0.07265625 0.08125
3 0.20546875 0.16953125 0.03046875 0.03203125
4 0.18203125 0.41171875 0.05 0.10078125
0 0.725 0.69765625 0.10703125 0.25625
3 0.22265625 0.1859375 0.0375 0.04140625
3 0.34296875 0.21640625 0.053125 0.02734375
3 0.3421875 0.23125 0.0546875 0.0578125
0 0.13671875 0.1953125 0.034375 0.04765625
4 0.04609375 0.32734375 0.028125 0.0734375
0 0.34921875 0.37734375 0.0375 0.13515625
0 0.37734375 0.2875 0.02578125 0.12734375
0 0.8890625 0.71484375 0.0859375 0.240625
4 0.37578125 0.8609375 0.0578125 0.24375
4 0.30234375 0.79765625 0.05078125 0.25390625
4 0.0796875 0.80078125 0.07109375 0.171875
4 0.05546875 0.47265625 0.0328125 0.21015625
4 0.08125 0.4578125 0.02578125 0.18515625
0 0.10078125 0.184375 0.0140625 0.05078125
5 0.0765625 0.1390625 0.0359375 0.1
2 0.1484375 0.1109375 0.05078125 0.05546875
0 0.16875 0.15859375 0.028125 0.03203125
3 0.14140625 0.16875 0.01953125 0.0375
3 0.26171875 0.22109375 0.01953125 0.05078125
3 0.4265625 0.27109375 0.0640625 0.0734375
0 0.5609375 0.33515625 0.02578125 0.121875
1 0.7640625 0.22890625 0.05390625 0.065625
0 0.58828125 0.1953125 0.01484375 0.03359375
0 0.44296875 0.64609375 0.071875 0.265625