3 0.5875 0.48984375 0.17265625 0.175
3 0.2390625 0.6890625 0.19375 0.26015625
3 0.18359375 0.54765625 0.14921875 0.16953125
1 0.21796875 0.34375 0.07421875 0.13671875
5 0.8578125 0.35390625 0.278125 0.35703125
0 0.2453125 0.21796875 0.03359375 0.05390625
0 0.2578125 0.27265625 0.040625 0.071875
1 0.17890625 0.22421875 0.03984375 0.0734375
0 0.10078125 0.146875 0.0265625 0.04296875
4 0.05546875 0.371875 0.034375 0.0765625
0 0.37421875 0.39453125 0.04609375 0.1390625
0 0.3109375 0.25859375 0.028125 0.06796875
0 0.43203125 0.38515625 0.04609375 0.14296875
4 0.08046875 0.8203125 0.10625 0.17578125
4 0.0390625 0.49296875 0.065625 0.17734375
0 0.1375 0.4 0.05 0.1515625
3 0.12421875 0.34609375 0.09375 0.12265625
3 0.30859375 0.3640625 0.0875 0.13515625
0 0.0953125 0.21015625 0.04375 0.07109375
0 0.13203125 0.21171875 0.01640625 0.07109375
0 0.15 0.2265625 0.01640625 0.08203125
3 0.390625 0.28984375 0.0828125 0.11015625
1 0.46484375 0.171875 0.01875 0.04765625
3 0.1875 0.16953125 0.04765625 0.06171875