5 0.34609375 0.1828125 0.11953125 0.1046875
3 0.22421875 0.690625 0.22890625 0.26171875
2 0.103125 0.1625 0.075 0.1
3 0.7609375 0.52734375 0.23046875 0.13203125
4 0.23671875 0.8484375 0.0828125 0.1625
0 0.490625 0.53203125 0.0609375 0.18671875
4 0.07734375 0.85234375 0.0859375 0.165625
1 0.78359375 0.69140625 0.2296875 0.271875
0 0.35234375 0.475 0.0375 0.16875
3 0.31796875 0.3390625 0.08828125 0.096875
3 0.13046875 0.33671875 0.06640625 0.09375
4 0.07734375 0.690625 0.05703125 0.21875
3 0.48984375 0.44453125 0.15625 0.14609375
3 0.41484375 0.275 0.05859375 0.09453125
3 0.9265625 0.525 0.13515625 0.20546875
0 0.72109375 0.41875 0.0453125 0.090625
1 0.396875 0.1359375 0.08046875 0.0609375
4 0.0203125 0.45625 0.03984375 0.175
3 0.1796875 0.54609375 0.15234375 0.1578125
0 0.36171875 0.29453125 0.03125 0.096875
4 0.15390625 0.42265625 0.025 0.08515625
3 0.29609375 0.25 0.0890625 0.05859375
3 0.63984375 0.3484375 0.10859375 0.12421875
1 0.228125 0.35078125 0.07421875 0.13046875
4 0.05078125 0.4625 0.05 0.1921875
4 0.11171875 0.45546875 0.03203125 0.08203125
3 0.1984375 0.2453125 0.06484375 0.06875
3 0.08046875 0.2234375 0.0703125 0.06953125
3 0.825 0.23125 0.07890625 0.08203125
1 0.45 0.27734375 0.05078125 0.04765625
0 0.78359375 0.3921875 0.04296875 0.1390625
0 0.74140625 0.3875 0.0375 0.13984375
0 0.58046875 0.20703125 0.02421875 0.05078125
1 0.784375 0.88046875 0.27890625 0.2390625
0 0.15546875 0.22734375 0.02109375 0.07421875
0 0.25625 0.1953125 0.02109375 0.03828125
0 0.2390625 0.19609375 0.0140625 0.0703125
0 0.33203125 0.41015625 0.028125 0.13203125
0 0.68125 0.39375 0.03125 0.11484375
3 0.0765625 0.30078125 0.06484375 0.078125
5 0.5140625 0.18671875 0.0453125 0.05703125
5 0.625 0.20390625 0.0515625 0.04765625