3 0.77265625 0.6484375 0.25234375 0.1875
3 0.93046875 0.475 0.1359375 0.1796875
3 0.23515625 0.69921875 0.19140625 0.25859375
1 0.2296875 0.284375 0.06015625 0.0921875
3 0.184375 0.54296875 0.13984375 0.16484375
3 0.696875 0.4953125 0.1875 0.15703125
1 0.55234375 0.38515625 0.1 0.16875
3 0.09140625 0.16875 0.04375 0.06015625
3 0.41328125 0.34140625 0.09921875 0.1421875
3 0.9421875 0.61953125 0.10390625 0.19609375
0 0.265625 0.33125 0.0359375 0.0890625
0 0.146875 0.20703125 0.01796875 0.065625
0 0.43046875 0.4140625 0.0703125 0.146875
0 0.60859375 0.37890625 0.0421875 0.1296875
0 0.30546875 0.328125 0.028125 0.13203125
0 0.33046875 0.35 0.03046875 0.14453125
3 0.33671875 0.25703125 0.06328125 0.06015625
1 0.18828125 0.240625 0.04609375 0.0796875
1 0.88046875 0.83828125 0.2359375 0.3234375
0 0.15390625 0.18984375 0.015625 0.04765625
3 0.67734375 0.3640625 0.10390625 0.10859375
0 0.13359375 0.2125 0.03359375 0.06484375
3 0.928125 0.25625 0.11953125 0.10859375
0 0.1265625 0.196875 0.02109375 0.05390625
0 0.13125 0.38203125 0.0515625 0.1140625
4 0.0390625 0.51171875 0.06953125 0.1171875
4 0.07734375 0.80078125 0.07421875 0.18984375
4 0.3953125 0.94453125 0.046875 0.10078125
0 0.61875 0.3515625 0.025 0.0921875
5 0.20546875 0.121875 0.0859375 0.1390625
2 0.1046875 0.10390625 0.040625 0.0671875
4 0.05546875 0.42265625 0.0265625 0.16484375
4 0.05703125 0.31875 0.01875 0.05234375
5 0.621875 0.17734375 0.06484375 0.10078125