3 0.478125 0.3671875 0.10625 0.1125
3 0.9234375 0.8578125 0.140625 0.284375
1 0.11953125 0.41484375 0.09921875 0.1625
3 0.6828125 0.37265625 0.13984375 0.1296875
4 0.065625 0.83046875 0.06796875 0.184375
1 0.1171875 0.18125 0.0375 0.06484375
4 0.26328125 0.79765625 0.0703125 0.21953125
4 0.040625 0.51796875 0.059375 0.10234375
0 0.1640625 0.20390625 0.03984375 0.065625
3 0.1828125 0.5453125 0.153125 0.15625
1 0.253125 0.1109375 0.04296875 0.0453125
2 0.4671875 0.16171875 0.0671875 0.0625
0 0.08359375 0.17265625 0.03125 0.06171875
0 0.17578125 0.178125 0.03203125 0.04375
3 0.25 0.70390625 0.20546875 0.2296875
2 0.38828125 0.140625 0.034375 0.0421875
2 0.521875 0.1640625 0.03359375 0.071875
5 0.41953125 0.14609375 0.03046875 0.04609375
2 0.134375 0.121875 0.04609375 0.0625
5 0.103125 0.0796875 0.0390625 0.04375
5 0.20390625 0.1046875 0.0328125 0.04765625
5 0.0484375 0.34375 0.02734375 0.10390625
3 0.7421875 0.2375 0.0609375 0.04375
1 0.64921875 0.2140625 0.05546875 0.0484375