1 0.36953125 0.58203125 0.165625 0.0890625
5 0.47578125 0.4015625 0.290625 0.178125
3 0.5234375 0.82890625 0.16875 0.14375
3 0.6234375 0.78203125 0.1625 0.1921875
1 0.7234375 0.19375 0.421875 0.21875
3 0.23125 0.58515625 0.06875 0.06875
1 0.346875 0.50625 0.159375 0.071875
0 0.259375 0.73671875 0.096875 0.025
0 0.2296875 0.803125 0.1078125 0.015625
3 0.153125 0.865625 0.04375 0.046875
0 0.2359375 0.77109375 0.09375 0.0328125
3 0.1265625 0.83203125 0.04375 0.0296875
0 0.21328125 0.721875 0.08125 0.0125
5 0.15078125 0.73984375 0.0875 0.0546875
0 0.3125 0.6484375 0.1 0.059375
3 0.184375 0.83125 0.053125 0.0390625
4 0.82265625 0.9609375 0.353125 0.078125
0 0.35546875 0.8765625 0.10625 0.05
5 0.184375 0.6734375 0.1109375 0.08125
1 0.24453125 0.49609375 0.05 0.065625
3 0.21796875 0.87265625 0.065625 0.059375
2 0.046875 0.82421875 0.0546875 0.046875
0 0.21015625 0.8265625 0.071875 0.01875
1 0.83125 0.46640625 0.3375 0.24375
4 0.7734375 0.72265625 0.4 0.0484375
4 0.4859375 0.97734375 0.10625 0.0453125
4 0.4015625 0.96328125 0.15 0.025
4 0.3296875 0.95625 0.140625 0.0390625
3 0.296875 0.91484375 0.1296875 0.0515625
3 0.153125 0.79765625 0.0640625 0.028125
5 0.07734375 0.69765625 0.08125 0.065625
0 0.13671875 0.91328125 0.0546875 0.034375
0 0.17265625 0.93125 0.0625 0.0109375
3 0.196875 0.9484375 0.0625 0.021875
0 0.1703125 0.88125 0.021875 0.0125
0 0.1140625 0.884375 0.0359375 0.0140625
3 0.1125 0.86875 0.0375 0.01875
3 0.2171875 0.0578125 0.078125 0.0921875
3 0.19453125 0.16015625 0.059375 0.0453125