3 0.1875 0.67421875 0.2125 0.228125
0 0.3875 0.53046875 0.0875 0.21875
5 0.0890625 0.04375 0.05625 0.0703125
2 0.8703125 0.17734375 0.209375 0.1625
3 0.12734375 0.53046875 0.165625 0.1875
0 0.32578125 0.2453125 0.04375 0.1
1 0.06171875 0.38359375 0.121875 0.18125
5 0.5234375 0.259375 0.2125 0.3375
1 0.05703125 0.1 0.04375 0.0390625
3 0.15625 0.2375 0.0703125 0.109375
0 0.16796875 0.165625 0.0171875 0.046875
3 0.0140625 0.234375 0.028125 0.08125
0 0.02109375 0.14453125 0.0234375 0.0640625
3 0.1140625 0.11875 0.04375 0.059375
4 0.1828125 0.8921875 0.109375 0.215625
0 0.5703125 0.65625 0.09375 0.296875
0 0.4484375 0.56484375 0.05625 0.253125
0 0.46484375 0.4125 0.0453125 0.18125
0 0.24453125 0.34375 0.028125 0.175
4 0.10390625 0.8140625 0.0625 0.225
4 0.04609375 0.17578125 0.01875 0.0890625
0 0.18984375 0.1515625 0.01875 0.0625
3 0.0265625 0.078125 0.021875 0.0359375
3 0.03671875 0.046875 0.021875 0.0203125
0 0.0109375 0.1 0.0109375 0.0421875
3 0.06953125 0.1375 0.034375 0.053125
1 0.68828125 0.1640625 0.053125 0.04375
1 0.578125 0.13671875 0.0390625 0.046875
1 0.628125 0.14296875 0.04375 0.046875