3 0.20078125 0.2234375 0.08125 0.0875
1 0.27890625 0.25703125 0.06875 0.10625
3 0.21953125 0.690625 0.2046875 0.2875
3 0.159375 0.51953125 0.1625 0.175
3 0.1921875 0.140625 0.04375 0.046875
3 0.096875 0.2203125 0.0796875 0.0859375
5 0.11328125 0.08359375 0.0625 0.05
0 0.09375 0.11015625 0.025 0.0515625
1 0.73984375 0.6046875 0.1875 0.3453125
5 0.25234375 0.14375 0.059375 0.08125
4 0.01796875 0.31328125 0.025 0.13125
4 0.2515625 0.77421875 0.1171875 0.2875
1 0.1265625 0.153125 0.0421875 0.05625
3 0.95625 0.23125 0.0875 0.0734375
5 0.43828125 0.18515625 0.1625 0.21875
5 0.73359375 0.08515625 0.25625 0.1703125
4 0.04453125 0.80078125 0.0890625 0.2171875
4 0.01484375 0.465625 0.0296875 0.1875
3 0.034375 0.246875 0.06875 0.10625
0 0.25 0.1765625 0.01875 0.0640625
0 0.3046875 0.209375 0.021875 0.0890625
0 0.38515625 0.28984375 0.03125 0.121875
0 0.4046875 0.4421875 0.05625 0.19375
0 0.44140625 0.303125 0.034375 0.121875