0 0.7375 0.29140625 0.0390625 0.096875
1 0.87890625 0.42421875 0.1015625 0.1625
1 0.8171875 0.2203125 0.04375 0.08125
3 0.815625 0.559375 0.15625 0.1625
0 0.7234375 0.228125 0.01875 0.06875
3 0.77421875 0.19921875 0.04375 0.0609375
0 0.85 0.23046875 0.03125 0.065625
4 0.9359375 0.859375 0.071875 0.18125
4 0.9609375 0.53515625 0.0640625 0.1078125
0 0.8953125 0.20859375 0.028125 0.0640625
3 0.86953125 0.184375 0.0421875 0.040625
4 0.7328125 0.81640625 0.06875 0.2265625
3 0.75234375 0.715625 0.18125 0.265625
3 0.95234375 0.353125 0.025 0.13125
3 0.92734375 0.30625 0.0171875 0.065625
2 0.65 0.1375 0.053125 0.078125
2 0.5921875 0.13984375 0.0625 0.065625
1 0.53125 0.17578125 0.03125 0.03125
2 0.7890625 0.1 0.03125 0.053125
5 0.7578125 0.115625 0.028125 0.046875
2 0.81875 0.1359375 0.053125 0.084375
3 0.84375 0.17109375 0.01875 0.04375
5 0.8921875 0.1375 0.034375 0.053125
5 0.86484375 0.1046875 0.04375 0.0828125
0 0.91484375 0.1375 0.0125 0.0421875
3 0.90859375 0.28515625 0.025 0.08125
1 0.21328125 0.23359375 0.059375 0.059375
3 0.44921875 0.2 0.0375 0.04375
0 0.41484375 0.19765625 0.009375 0.0375