1 0.4125 0.60390625 0.1546875 0.096875
3 0.696875 0.7796875 0.271875 0.215625
0 0.27421875 0.8046875 0.09375 0.0390625
0 0.19765625 0.84140625 0.046875 0.028125
3 0.5453125 0.82734375 0.1609375 0.15
3 0.3234375 0.50390625 0.109375 0.09375
4 0.50625 0.97421875 0.121875 0.0515625
1 0.14921875 0.909375 0.053125 0.03125
3 0.16953125 0.8625 0.0421875 0.0453125
4 0.36640625 0.8890625 0.121875 0.025
1 0.33515625 0.88125 0.10625 0.0734375
2 0.58515625 0.18125 0.8296875 0.359375
4 0.353125 0.94921875 0.1375 0.0484375
3 0.20859375 0.9484375 0.05625 0.025
3 0.125 0.89609375 0.0375 0.021875
3 0.1328125 0.86953125 0.025 0.025
2 0.11953125 0.71953125 0.059375 0.06875
5 0.07109375 0.85 0.053125 0.0375
5 0.1890625 0.41640625 0.053125 0.05625
1 0.19140625 0.4765625 0.0328125 0.040625