3 0.87109375 0.67109375 0.2578125 0.35
3 0.8078125 0.9328125 0.3265625 0.134375
3 0.7203125 0.1859375 0.290625 0.196875
3 0.578125 0.121875 0.240625 0.1390625
0 0.41015625 0.34375 0.165625 0.05
3 0.35859375 0.4171875 0.1328125 0.096875
3 0.3015625 0.4890625 0.109375 0.078125
0 0.3734375 0.2046875 0.14375 0.046875
0 0.3484375 0.25546875 0.125 0.0375
1 0.20234375 0.0953125 0.096875 0.046875
1 0.22578125 0.13515625 0.103125 0.05625
0 0.265625 0.2078125 0.0515625 0.0359375
3 0.2265625 0.296875 0.096875 0.078125
3 0.20625 0.8265625 0.08125 0.09375
0 0.26875 0.2984375 0.09375 0.021875
3 0.2265625 0.34296875 0.096875 0.040625
4 0.25546875 0.0078125 0.090625 0.015625
3 0.1953125 0.028125 0.075 0.05625
3 0.1234375 0.06640625 0.04375 0.034375
4 0.8609375 0.19921875 0.278125 0.05
1 0.390625 0.04609375 0.1375 0.0921875
0 0.54296875 0.825 0.228125 0.0703125
0 0.20625 0.19921875 0.0546875 0.025
0 0.21953125 0.92421875 0.0765625 0.040625
3 0.2265625 0.996875 0.115625 0.00625