1 0.6140625 0.48203125 0.096875 0.190625
3 0.60859375 0.28046875 0.0875 0.1015625
0 0.17265625 0.52578125 0.0875 0.1875
3 0.88359375 0.35859375 0.103125 0.1125
3 0.45625 0.415625 0.13125 0.153125
2 0.7734375 0.159375 0.09375 0.1234375
3 0.68671875 0.24375 0.0625 0.075
3 0.85625 0.2 0.05625 0.078125
4 0.96640625 0.8640625 0.0671875 0.1875
0 0.7765625 0.25234375 0.0375 0.084375
3 0.80078125 0.7234375 0.23125 0.284375
0 0.7296875 0.24140625 0.03125 0.0796875
4 0.796875 0.81953125 0.075 0.228125
3 0.8484375 0.559375 0.159375 0.1640625
4 0.984375 0.52734375 0.03125 0.1109375
4 0.978125 0.36875 0.0421875 0.1375
3 0.05625 0.73203125 0.1125 0.2703125
3 0.925 0.24296875 0.053125 0.071875
3 0.88203125 0.16953125 0.034375 0.0546875
5 0.728125 0.08984375 0.0828125 0.09375
1 0.3046875 0.22734375 0.05 0.075
3 0.121875 0.26796875 0.090625 0.053125
3 0.41640625 0.78671875 0.225 0.3359375