1 0.315625 0.31484375 0.06015625 0.1234375
3 0.234375 0.69375 0.19375 0.24765625
5 0.928125 0.65625 0.13984375 0.25703125
3 0.18515625 0.54453125 0.1453125 0.16640625
3 0.71875 0.47578125 0.175 0.1859375
3 0.3375 0.23359375 0.06484375 0.0625
5 0.22421875 0.16484375 0.04296875 0.071875
1 0.80546875 0.24140625 0.04140625 0.05
0 0.22421875 0.24921875 0.01953125 0.0734375
3 0.12421875 0.33203125 0.07421875 0.1046875
0 0.178125 0.221875 0.0203125 0.0609375
5 0.3796875 0.36015625 0.06484375 0.1703125
3 0.42578125 0.2609375 0.046875 0.07421875
0 0.64765625 0.7421875 0.090625 0.27109375
4 0.02109375 0.81484375 0.0421875 0.31953125
4 0.08125 0.803125 0.0703125 0.21015625
3 0.11953125 0.16640625 0.02734375 0.040625
1 0.48984375 0.7890625 0.1875 0.415625
0 0.09765625 0.140625 0.0296875 0.06640625
5 0.27109375 0.1890625 0.05390625 0.0984375
0 0.12421875 0.128125 0.02890625 0.03671875
3 0.13984375 0.24453125 0.05625 0.0640625
0 0.1359375 0.38359375 0.04765625 0.11328125
0 0.1046875 0.1953125 0.01796875 0.05234375
1 0.4671875 0.46484375 0.109375 0.2140625
3 0.921875 0.24140625 0.0921875 0.078125
4 0.03828125 0.509375 0.053125 0.115625
4 0.0515625 0.42421875 0.028125 0.140625
4 0.05078125 0.31640625 0.0390625 0.07890625
3 0.07265625 0.23125 0.01875 0.06171875
3 0.08828125 0.2921875 0.03359375 0.0484375
3 0.17890625 0.16640625 0.03125 0.05625
3 0.14453125 0.18828125 0.03515625 0.0390625
0 0.14453125 0.19609375 0.01640625 0.02734375
0 0.2125 0.228125 0.0125 0.075
2 0.2203125 0.0953125 0.046875 0.06796875
5 0.3625 0.1203125 0.0734375 0.09296875
3 0.43828125 0.1484375 0.028125 0.0453125
3 0.57109375 0.2 0.03671875 0.03046875
3 0.6359375 0.2046875 0.03515625 0.03359375
0 0.77265625 0.22421875 0.01484375 0.0359375
3 0.2765625 0.28515625 0.02109375 0.08203125
3 0.15546875 0.14609375 0.02109375 0.03515625
4 0.31953125 0.76796875 0.06171875 0.28671875
1 0.38046875 0.26328125 0.04140625 0.046875