3 0.62109375 0.5125 0.13125 0.1046875
3 0.29375 0.75625 0.20625 0.1953125
3 0.775 0.7828125 0.0609375 0.05
3 0.67578125 0.6421875 0.096875 0.04375
0 0.70390625 0.609375 0.1046875 0.028125
3 0.8015625 0.82265625 0.0484375 0.04375
3 0.48828125 0.0546875 0.1984375 0.109375
3 0.4125 0.81015625 0.18125 0.1578125
0 0.74921875 0.7546875 0.0734375 0.028125
1 0.31875 0.15546875 0.33125 0.215625
4 0.628125 0.9484375 0.1359375 0.021875
5 0.63046875 0.33984375 0.18125 0.1375
4 0.125 0.72734375 0.2375 0.05625
3 0.83046875 0.825 0.04375 0.04375
1 0.4015625 0.49609375 0.2875 0.159375
3 0.66875 0.4421875 0.10625 0.075
5 0.6265625 0.7046875 0.1875 0.09375
3 0.6953125 0.0140625 0.0625 0.028125
0 0.7 0.86328125 0.134375 0.046875
0 0.78828125 0.87421875 0.053125 0.015625
0 0.6921875 0.56875 0.1046875 0.021875
3 0.71640625 0.54921875 0.0875 0.084375
3 0.69609375 0.94140625 0.1125 0.08125
4 0.66875 0.9640625 0.0546875 0.009375
4 0.6703125 0.93984375 0.075 0.009375
0 0.81484375 0.8859375 0.05 0.0140625
0 0.83515625 0.9109375 0.05 0.0078125
5 0.85234375 0.73671875 0.1 0.1
4 0.4421875 0.96328125 0.1125 0.071875
2 0.52265625 0.96328125 0.0359375 0.0359375
4 0.08515625 0.92421875 0.15 0.05625
1 0.75234375 0.134375 0.05625 0.046875
5 0.76953125 0.69765625 0.075 0.0734375