1 0.8546875 0.7625 0.290625 0.26875
3 0.33828125 0.28359375 0.0984375 0.09375
1 0.47890625 0.4828125 0.184375 0.121875
3 0.31953125 0.54296875 0.10625 0.0890625
5 0.36875 0.765625 0.1578125 0.1625
3 0.70859375 0.2265625 0.3 0.21875
3 0.47734375 0.71640625 0.1671875 0.178125
3 0.24921875 0.94140625 0.0921875 0.115625
3 0.24609375 0.1140625 0.059375 0.0875
1 0.2890625 0.221875 0.0875 0.05625
0 0.67890625 0.62890625 0.228125 0.0703125
0 0.35546875 0.3828125 0.1140625 0.0390625
4 0.87578125 0.0734375 0.134375 0.0765625
3 0.54921875 0.18046875 0.165625 0.15
0 0.5609375 0.69765625 0.1890625 0.0703125
3 0.3328125 0.121875 0.08125 0.078125
0 0.8453125 0.88125 0.3015625 0.0921875
0 0.71171875 0.878125 0.2078125 0.0875
0 0.58828125 0.94140625 0.2265625 0.075
3 0.4609375 0.96875 0.1625 0.0625
3 0.3171875 0.4046875 0.09375 0.08125
3 0.23515625 0.37734375 0.04375 0.05625
4 0.34375 0.4671875 0.090625 0.0375
3 0.2171875 0.153125 0.046875 0.0578125
0 0.375 0.65859375 0.0671875 0.046875
0 0.259375 0.28671875 0.05625 0.03125
0 0.29453125 0.3359375 0.08125 0.034375
2 0.7234375 0.4734375 0.31875 0.15625
4 0.515625 0.03359375 0.109375 0.065625
4 0.77578125 0.0765625 0.065625 0.046875
4 0.46953125 0.33671875 0.178125 0.0375
3 0.18671875 0.275 0.040625 0.046875
4 0.98046875 0.40625 0.0390625 0.090625
4 0.3609375 0.13515625 0.08125 0.0453125
1 0.27421875 0.190625 0.0875 0.025
3 0.24375 0.2984375 0.0765625 0.0625
3 0.225 0.8296875 0.0734375 0.071875
3 0.215625 0.73203125 0.065625 0.103125
0 0.271875 0.45625 0.09375 0.03125