2 0.2609375 0.271875 0.1375 0.225
3 0.225 0.6953125 0.2296875 0.2703125
1 0.41875 0.5609375 0.15 0.2609375
1 0.090625 0.159375 0.028125 0.0671875
3 0.95625 0.63984375 0.0875 0.271875
0 0.3703125 0.28359375 0.028125 0.0875
4 0.03359375 0.50234375 0.065625 0.14375
4 0.07109375 0.86796875 0.084375 0.153125
0 0.746875 0.52265625 0.06875 0.2046875
1 0.590625 0.19609375 0.04375 0.046875
3 0.48046875 0.296875 0.09375 0.11875
3 0.18125 0.54140625 0.146875 0.1515625
0 0.62421875 0.47265625 0.05625 0.221875
4 0.04921875 0.77265625 0.065625 0.18125
3 0.92109375 0.46953125 0.1578125 0.140625
4 0.05703125 0.3125 0.034375 0.0546875
3 0.128125 0.33828125 0.08125 0.1
4 0.05 0.4015625 0.0375 0.13125
4 0.06953125 0.78984375 0.059375 0.1578125
1 0.48671875 0.1765625 0.059375 0.0375
3 0.04609375 0.18125 0.059375 0.0609375
0 0.13671875 0.39453125 0.04375 0.1484375
0 0.125 0.1984375 0.01875 0.059375
0 0.15625 0.18359375 0.0109375 0.053125
0 0.1484375 0.15234375 0.0125 0.046875
0 0.1671875 0.1609375 0.009375 0.0515625
3 0.11171875 0.15078125 0.015625 0.04375
0 0.12890625 0.1296875 0.0125 0.0375
2 0.08984375 0.1 0.034375 0.059375
3 0.0671875 0.22734375 0.025 0.0625
3 0.08203125 0.2828125 0.040625 0.059375
0 0.32265625 0.275 0.015625 0.084375
3 0.34609375 0.240625 0.0328125 0.0625
0 0.7140625 0.215625 0.0171875 0.0515625
0 0.77734375 0.23515625 0.0125 0.0265625
1 0.83671875 0.2265625 0.05625 0.046875
3 0.93046875 0.2484375 0.096875 0.084375
1 0.91953125 0.25078125 0.01875 0.059375
0 0.31484375 0.8296875 0.078125 0.1875
5 0.3109375 0.08984375 0.08125 0.103125