5 0.5359375 0.140625 0.14765625 0.14609375
3 0.23515625 0.6890625 0.21171875 0.26953125
3 0.56484375 0.34765625 0.1109375 0.13203125
1 0.20546875 0.26875 0.0671875 0.10078125
0 0.325 0.35390625 0.040625 0.1125
3 0.13125 0.3390625 0.07109375 0.10390625
0 0.36796875 0.290625 0.04921875 0.075
3 0.48046875 0.2921875 0.08515625 0.09609375
0 0.24453125 0.3390625 0.0421875 0.13046875
1 0.315625 0.271875 0.0703125 0.071875
4 0.03984375 0.50703125 0.0671875 0.1234375
0 0.39296875 0.4046875 0.0421875 0.14921875
0 0.44921875 0.33125 0.0390625 0.08203125
3 0.08671875 0.2078125 0.0625 0.059375
3 0.596875 0.853125 0.284375 0.29375
3 0.2984375 0.21328125 0.04921875 0.0390625
3 0.184375 0.5484375 0.1421875 0.16484375
3 0.1515625 0.165625 0.0640625 0.04453125
3 0.16484375 0.209375 0.06015625 0.05625
4 0.0734375 0.37421875 0.02890625 0.13515625
4 0.05078125 0.396875 0.03046875 0.1296875
2 0.80546875 0.5140625 0.3890625 0.553125
2 0.4421875 0.16875 0.06484375 0.06328125
0 0.2109375 0.18515625 0.03984375 0.053125
4 0.11875 0.41484375 0.02734375 0.13125
0 0.26015625 0.30078125 0.01796875 0.084375