3 0.684375 0.22734375 0.2296875 0.2
0 0.25234375 0.3921875 0.090625 0.034375
3 0.55 0.1546875 0.175 0.1546875
2 0.6203125 0.71484375 0.625 0.5703125
3 0.19921875 0.86484375 0.0625 0.0703125
0 0.14765625 0.0734375 0.075 0.0375
1 0.315625 0.31015625 0.15625 0.090625
0 0.259375 0.1953125 0.103125 0.046875
3 0.2203125 0.234375 0.065625 0.05625
3 0.22734375 0.31640625 0.0421875 0.0765625
2 0.12734375 0.203125 0.109375 0.0859375
2 0.13359375 0.60078125 0.1375 0.1625
3 0.22265625 0.96484375 0.084375 0.0703125
0 0.35234375 0.42265625 0.153125 0.040625
4 0.89765625 0.040625 0.2046875 0.08125
4 0.8953125 0.27734375 0.209375 0.071875
4 0.82109375 0.18984375 0.325 0.0703125
3 0.32109375 0.096875 0.1125 0.0859375
0 0.3859375 0.109375 0.146875 0.0453125
4 0.51640625 0.02109375 0.1453125 0.0421875
0 0.27265625 0.034375 0.0453125 0.059375
4 0.35234375 0.04453125 0.1375 0.021875
5 0.1125 0.39140625 0.059375 0.053125
2 0.03984375 0.1171875 0.078125 0.04375
2 0.14453125 0.484375 0.0453125 0.01875
2 0.19921875 0.1015625 0.071875 0.03125