1 0.69296875 0.78828125 0.146875 0.09375
3 0.3015625 0.7984375 0.278125 0.228125
3 0.68046875 0.49140625 0.1078125 0.1109375
0 0.575 0.703125 0.1703125 0.053125
3 0.79296875 0.7375 0.046875 0.0609375
4 0.50078125 0.98359375 0.125 0.0328125
3 0.4671875 0.85 0.1625 0.1578125
0 0.45703125 0.5921875 0.2125 0.0765625
1 0.8359375 0.86640625 0.06875 0.0453125
0 0.64609375 0.5046875 0.1234375 0.0484375
3 0.7984375 0.821875 0.059375 0.0609375
1 0.68125 0.62734375 0.140625 0.090625
1 0.85859375 0.9390625 0.0625 0.0453125
3 0.67890625 0.90625 0.1 0.06875
4 0.64609375 0.96953125 0.134375 0.0296875
3 0.8234375 0.73046875 0.040625 0.059375
2 0.446875 0.18671875 0.796875 0.3734375
0 0.5375 0.60859375 0.2125 0.0765625
5 0.9125 0.5921875 0.13125 0.1078125
3 0.7578125 0.61875 0.0703125 0.059375
3 0.82265625 0.39375 0.0546875 0.0546875
3 0.88515625 0.70625 0.04375 0.034375
3 0.84375 0.815625 0.046875 0.040625
3 0.86171875 0.85390625 0.040625 0.034375
3 0.8234375 0.96875 0.05625 0.053125
3 0.72578125 0.96328125 0.0765625 0.0625
3 0.90703125 0.96640625 0.0390625 0.03125
3 0.9109375 0.9265625 0.03125 0.025
1 0.91796875 0.78203125 0.034375 0.0171875
4 0.59453125 0.9203125 0.15 0.0171875
0 0.6734375 0.7140625 0.06875 0.03125