3 0.24140625 0.6953125 0.1859375 0.2453125
1 0.63671875 0.521875 0.14921875 0.23984375
3 0.54609375 0.35703125 0.10859375 0.11953125
3 0.92578125 0.2625 0.10859375 0.090625
1 0.11796875 0.41953125 0.1046875 0.16875
1 0.2265625 0.3453125 0.0890625 0.1640625
3 0.1828125 0.54140625 0.15078125 0.15546875
0 0.26640625 0.2765625 0.02578125 0.071875
0 0.79296875 0.7015625 0.10703125 0.2609375
0 0.1640625 0.21484375 0.02421875 0.07734375
3 0.73125 0.2359375 0.0640625 0.0421875
4 0.04296875 0.3421875 0.04765625 0.11796875
5 0.40703125 0.21015625 0.14140625 0.21640625
4 0.03984375 0.51171875 0.0671875 0.13046875
0 0.41875 0.4234375 0.0421875 0.13125
2 0.86640625 0.90859375 0.2625 0.18203125
1 0.9890625 0.2515625 0.02109375 0.1109375
0 0.0859375 0.1140625 0.0375 0.03984375
3 0.06875 0.28359375 0.09140625 0.08046875
1 0.25546875 0.190625 0.053125 0.05546875
3 0.8203125 0.2296875 0.07421875 0.05625
0 0.35390625 0.39453125 0.040625 0.1265625
0 0.28671875 0.415625 0.03359375 0.15703125
0 0.315625 0.3265625 0.040625 0.11015625
0 0.30078125 0.278125 0.0125 0.08359375
0 0.19765625 0.21171875 0.0171875 0.0609375
4 0.16328125 0.80625 0.06328125 0.19375