5 0.89296875 0.33125 0.153125 0.18125
1 0.61796875 0.88125 0.16875 0.10625
0 0.75234375 0.7125 0.0984375 0.0421875
3 0.775 0.89296875 0.1 0.0859375
1 0.8546875 0.90546875 0.065625 0.053125
3 0.328125 0.75546875 0.271875 0.20625
3 0.8625 0.7796875 0.04375 0.05
3 0.48046875 0.815625 0.1671875 0.153125
4 0.69453125 0.9515625 0.11875 0.0375
2 0.46953125 0.27734375 0.45 0.5546875
4 0.1125 0.83125 0.146875 0.090625
2 0.8046875 0.053125 0.2625 0.10625
4 0.5171875 0.96640625 0.13125 0.065625
4 0.1421875 0.74765625 0.2125 0.0703125
3 0.88203125 0.77890625 0.034375 0.046875
0 0.80859375 0.69765625 0.084375 0.028125
0 0.803125 0.65 0.071875 0.03125
1 0.1328125 0.5859375 0.265625 0.2375
5 0.73828125 0.54453125 0.2 0.1359375
2 0.91796875 0.56953125 0.078125 0.071875
0 0.78828125 0.75234375 0.08125 0.021875
4 0.7484375 0.8546875 0.078125 0.025
1 0.8765625 0.4765625 0.0546875 0.0359375
2 0.978125 0.85703125 0.04375 0.040625
0 0.8953125 0.8359375 0.040625 0.01875
2 0.96171875 0.79453125 0.04375 0.0375
3 0.8765625 0.865625 0.0515625 0.0421875
0 0.7546875 0.63671875 0.0890625 0.03125