2 0.31796875 0.3546875 0.2 0.3171875
5 0.41171875 0.1171875 0.12421875 0.17734375
5 0.3203125 0.165625 0.11953125 0.10859375
3 0.18984375 0.525 0.1828125 0.12734375
3 0.2390625 0.6953125 0.1796875 0.24921875
3 0.5109375 0.378125 0.11640625 0.15546875
3 0.803125 0.42578125 0.14375 0.19921875
3 0.91484375 0.52109375 0.1703125 0.225
0 0.671875 0.459375 0.05078125 0.2
0 0.4265625 0.41875 0.034375 0.17109375
1 0.115625 0.40390625 0.103125 0.16015625
0 0.15625 0.32421875 0.05 0.1375
0 0.1875 0.22265625 0.06328125 0.10390625
0 0.74765625 0.2265625 0.0296875 0.0515625
0 0.10390625 0.22265625 0.021875 0.0671875
1 0.12890625 0.2 0.0390625 0.075
1 0.075 0.178125 0.02890625 0.05234375
4 0.03671875 0.49609375 0.06875 0.1578125
4 0.0375 0.3265625 0.04609375 0.1546875
3 0.67578125 0.2234375 0.06171875 0.05078125
3 0.615625 0.19765625 0.03671875 0.03515625
1 0.496875 0.1734375 0.02109375 0.053125
3 0.53515625 0.1921875 0.04140625 0.04609375
3 0.1234375 0.1390625 0.103125 0.07265625
4 0.10546875 0.7296875 0.06875 0.31171875
1 0.8453125 0.25703125 0.07109375 0.0453125
3 0.815625 0.23359375 0.08515625 0.0453125