0 0.44375 0.1234375 0.21875 0.084375
1 0.7140625 0.70703125 0.1 0.059375
0 0.609375 0.42421875 0.09375 0.0625
0 0.76953125 0.765625 0.090625 0.0328125
3 0.446875 0.44296875 0.2328125 0.203125
2 0.80859375 0.31015625 0.1328125 0.1828125
3 0.309375 0.79140625 0.215625 0.2
3 0.7390625 0.0421875 0.10625 0.084375
3 0.43984375 0.8515625 0.178125 0.153125
1 0.5765625 0.91953125 0.178125 0.1125
3 0.10078125 0.02734375 0.2 0.0546875
0 0.88203125 0.834375 0.1125 0.075
0 0.38828125 0.1859375 0.228125 0.109375
3 0.58515625 0.3328125 0.1375 0.13125
0 0.775 0.88203125 0.0828125 0.0234375
4 0.17265625 0.77265625 0.2875 0.0765625
0 0.590625 0.47890625 0.078125 0.065625
4 0.65234375 0.9875 0.1203125 0.025
3 0.6984375 0.81484375 0.1265625 0.0921875
3 0.71484375 0.9640625 0.08125 0.071875
0 0.16875 0.34375 0.296875 0.1
2 0.85703125 0.56796875 0.1 0.096875
3 0.6828125 0.57734375 0.125 0.103125
0 0.60234375 0.57890625 0.13125 0.0375
0 0.625 0.6796875 0.15 0.040625
4 0.46953125 0.9875 0.140625 0.025
3 0.7140625 0.51640625 0.1 0.053125
3 0.80703125 0.86484375 0.053125 0.040625
1 0.78125 0.92421875 0.08125 0.046875