5 0.296875 0.81640625 0.4 0.3390625
1 0.384375 0.096875 0.153125 0.109375
0 0.24609375 0.153125 0.0875 0.0296875
0 0.25859375 0.2 0.1203125 0.028125
5 0.18671875 0.2765625 0.1796875 0.121875
5 0.14140625 0.31328125 0.153125 0.096875
4 0.22578125 0.175 0.0625 0.0265625
5 0.11796875 0.2203125 0.109375 0.05625
0 0.8171875 0.5328125 0.3234375 0.084375
0 0.28828125 0.3171875 0.10625 0.0265625
1 0.49453125 0.3640625 0.2125 0.115625
0 0.29375 0.3703125 0.1 0.0296875
0 0.48359375 0.63203125 0.18125 0.0453125
0 0.6421875 0.8203125 0.265625 0.10625
0 0.50625 0.778125 0.19375 0.071875
4 0.31953125 0.0234375 0.121875 0.025
0 0.1953125 0.0984375 0.084375 0.034375
0 0.16015625 0.128125 0.0515625 0.021875
4 0.84375 0.14921875 0.284375 0.046875
4 0.49765625 0.02109375 0.1328125 0.0421875
3 0.69765625 0.22734375 0.25625 0.2140625
3 0.51796875 0.17109375 0.153125 0.16875
3 0.51875 0.534375 0.221875 0.171875
3 0.346875 0.4890625 0.0984375 0.134375
3 0.23203125 0.42109375 0.0796875 0.0796875
3 0.25703125 0.46328125 0.065625 0.0875
3 0.24609375 0.05625 0.09375 0.04375