3 0.3125 0.659375 0.2140625 0.25
3 0.33828125 0.446875 0.165625 0.14375
3 0.64140625 0.47734375 0.15 0.1609375
3 0.79296875 0.715625 0.2375 0.278125
1 0.73984375 0.40859375 0.0921875 0.1546875
0 0.040625 0.49453125 0.08125 0.209375
1 0.69765625 0.34140625 0.103125 0.1046875
0 0.80078125 0.284375 0.040625 0.103125
0 0.509375 0.3734375 0.0625 0.121875
3 0.83125 0.5765625 0.175 0.196875
0 0.5703125 0.35 0.0421875 0.11875
3 0.0765625 0.25703125 0.103125 0.090625
1 0.92109375 0.19296875 0.040625 0.0671875
3 0.89609375 0.2359375 0.059375 0.06875
4 0.57109375 0.96171875 0.053125 0.0765625
0 0.759375 0.2765625 0.0375 0.096875
3 0.87265625 0.14375 0.04375 0.0375
4 0.96796875 0.3609375 0.040625 0.1125
3 0.76484375 0.1953125 0.03125 0.0359375
4 0.97734375 0.51015625 0.0453125 0.153125
3 0.8109375 0.2046875 0.046875 0.034375
4 0.940625 0.84921875 0.071875 0.190625
4 0.9734375 0.43515625 0.053125 0.15
0 0.88203125 0.18125 0.021875 0.0484375
4 0.94453125 0.78359375 0.053125 0.071875
1 0.0140625 0.28359375 0.028125 0.08125
0 0.2453125 0.4828125 0.0359375 0.11875
5 0.48671875 0.1671875 0.0796875 0.1
0 0.65625 0.3234375 0.0234375 0.109375
3 0.6203125 0.29140625 0.0515625 0.134375
0 0.7140625 0.25546875 0.021875 0.0578125
3 0.68515625 0.22890625 0.025 0.0625
0 0.675 0.2375 0.0140625 0.025
0 0.7421875 0.1984375 0.0125 0.021875
5 0.7015625 0.1984375 0.053125 0.0375
3 0.8484375 0.1796875 0.034375 0.04375
0 0.8734375 0.16484375 0.0125 0.053125
0 0.89140625 0.39765625 0.034375 0.1375
4 0.9328125 0.3703125 0.01875 0.128125
3 0.89140625 0.34765625 0.0625 0.115625
3 0.9453125 0.290625 0.0625 0.053125
3 0.18125 0.24140625 0.05625 0.06875