3 0.12265625 0.33671875 0.08515625 0.10078125
1 0.7359375 0.88671875 0.29140625 0.22265625
0 0.771875 0.52578125 0.08828125 0.190625
3 0.49609375 0.375 0.13203125 0.1171875
2 0.184375 0.17578125 0.096875 0.165625
3 0.184375 0.5421875 0.13984375 0.1546875
3 0.23203125 0.69453125 0.2125 0.26171875
5 0.68828125 0.25078125 0.3203125 0.3828125
0 0.35234375 0.28828125 0.05859375 0.08359375
4 0.23515625 0.86875 0.08515625 0.12734375
0 0.50703125 0.52421875 0.06328125 0.23515625
3 0.259375 0.28203125 0.0859375 0.08828125
3 0.26875 0.38203125 0.09921875 0.13359375
0 0.37734375 0.4296875 0.0453125 0.15078125
4 0.03828125 0.50234375 0.0671875 0.13828125
3 0.4328125 0.3265625 0.09921875 0.0890625
3 0.3484375 0.21796875 0.0578125 0.03984375
1 0.21640625 0.246875 0.0421875 0.05546875
3 0.30546875 0.20625 0.03984375 0.02890625
4 0.39140625 0.94765625 0.04375 0.10390625
4 0.0609375 0.32265625 0.0296875 0.059375
4 0.071875 0.83046875 0.065625 0.20546875
3 0.2640625 0.21796875 0.05078125 0.02109375
3 0.9453125 0.840625 0.10546875 0.31484375
0 0.12265625 0.18828125 0.01796875 0.0671875
1 0.92734375 0.24375 0.02890625 0.0671875
3 0.9578125 0.2546875 0.03515625 0.08515625
3 0.89375 0.25234375 0.0640625 0.0609375
0 0.61953125 0.484375 0.06953125 0.22109375
3 0.053125 0.41796875 0.02265625 0.15859375
0 0.23984375 0.19296875 0.0125 0.01875
3 0.25 0.18359375 0.02734375 0.0265625
5 0.31640625 0.1265625 0.04140625 0.0515625
3 0.45234375 0.16953125 0.053125 0.046875
0 0.08671875 0.17890625 0.046875 0.0609375
3 0.103125 0.12890625 0.06015625 0.05078125