3 0.08671875 0.31171875 0.084375 0.109375
3 0.70546875 0.34921875 0.10625 0.1296875
1 0.9703125 0.23828125 0.059375 0.078125
1 0.97109375 0.24453125 0.0578125 0.0796875
3 0.8296875 0.715625 0.328125 0.3265625
3 0.92421875 0.45625 0.146875 0.184375
3 0.14765625 0.521875 0.15625 0.1625
3 0.21015625 0.67578125 0.2 0.275
0 0.55234375 0.478125 0.05 0.2171875
1 0.60625 0.3765625 0.090625 0.1359375
2 0.28828125 0.28671875 0.2234375 0.271875
0 0.64375 0.49296875 0.065625 0.203125
0 0.74609375 0.50234375 0.065625 0.15
1 0.7390625 0.203125 0.0625 0.05625
4 0.01796875 0.48984375 0.0359375 0.1234375
3 0.1265625 0.1171875 0.040625 0.040625
1 0.1171875 0.215625 0.0609375 0.0796875
5 0.29296875 0.134375 0.065625 0.0609375
3 0.41171875 0.24296875 0.05 0.08125
0 0.46796875 0.4671875 0.0453125 0.2046875
0 0.8203125 0.4734375 0.05625 0.153125
3 0.42265625 0.4078125 0.0484375 0.15
4 0.4671875 0.92734375 0.09375 0.1453125
4 0.0453125 0.8265625 0.0734375 0.146875
4 0.01640625 0.3921875 0.021875 0.153125
4 0.00625 0.28125 0.009375 0.053125
4 0.01953125 0.28828125 0.015625 0.05
4 0.2265625 0.4359375 0.0328125 0.153125
4 0.23125 0.3546875 0.028125 0.06875
0 0.1859375 0.2171875 0.009375 0.0875
3 0.16875 0.16640625 0.034375 0.05625
0 0.14453125 0.18359375 0.0140625 0.0546875
0 0.0375 0.15 0.0109375 0.065625
0 0.09765625 0.14921875 0.015625 0.05