3 0.88203125 0.68046875 0.23203125 0.265625
3 0.18125 0.53828125 0.14375 0.146875
3 0.60546875 0.4609375 0.15703125 0.15078125
3 0.43125 0.52109375 0.18359375 0.19765625
3 0.2296875 0.69609375 0.2171875 0.26796875
2 0.56953125 0.29375 0.14296875 0.17265625
3 0.465625 0.28671875 0.06953125 0.09140625
3 0.12578125 0.3328125 0.08203125 0.08828125
5 0.89296875 0.421875 0.21015625 0.3453125
3 0.67109375 0.38671875 0.14296875 0.128125
5 0.2109375 0.14375 0.071875 0.08515625
5 0.32265625 0.17421875 0.1 0.10703125
0 0.3796875 0.3703125 0.03671875 0.10234375
0 0.24375 0.27109375 0.0453125 0.1015625
1 0.16328125 0.23984375 0.0546875 0.084375
0 0.70703125 0.4109375 0.075 0.09296875
3 0.91953125 0.234375 0.1421875 0.07109375
4 0.03984375 0.5046875 0.06015625 0.1171875
4 0.06484375 0.3296875 0.03203125 0.0671875
0 0.29140625 0.4140625 0.04609375 0.14140625
0 0.3203125 0.31015625 0.04140625 0.10703125
0 0.7515625 0.79765625 0.08515625 0.3046875
4 0.76796875 0.903125 0.065625 0.19296875
0 0.28203125 0.3109375 0.03125 0.09609375
0 0.13984375 0.37734375 0.0484375 0.1046875
4 0.50234375 0.971875 0.10078125 0.0546875
3 0.12421875 0.225 0.053125 0.06015625
4 0.090625 0.784375 0.0609375 0.0953125
4 0.01640625 0.88984375 0.03203125 0.134375
4 0.084375 0.82421875 0.06484375 0.1703125
1 0.3828125 0.28828125 0.06953125 0.13125
1 0.55078125 0.18671875 0.04296875 0.05703125