3 0.30390625 0.2359375 0.275 0.21875
3 0.45703125 0.1828125 0.171875 0.15
2 0.3953125 0.6671875 0.64375 0.49375
1 0.8078125 0.1828125 0.06875 0.040625
3 0.7546875 0.27578125 0.0796875 0.0546875
0 0.73046875 0.2703125 0.0625 0.03125
2 0.58046875 0.96796875 0.38125 0.0640625
0 0.81171875 0.21875 0.053125 0.0390625
1 0.61953125 0.2484375 0.1671875 0.096875
3 0.7828125 0.84375 0.0625 0.071875
3 0.7859375 0.1359375 0.06875 0.046875
2 0.3328125 0.98125 0.54375 0.0375
3 0.6875 0.12734375 0.0984375 0.0640625
5 0.8828125 0.18828125 0.075 0.034375
4 0.66640625 0.07578125 0.071875 0.040625
4 0.60078125 0.190625 0.1296875 0.05
2 0.5046875 0.95 0.55625 0.1
0 0.77421875 0.89453125 0.0375 0.0171875
0 0.796875 0.71171875 0.0484375 0.021875
0 0.80859375 0.6890625 0.03125 0.015625
0 0.68828125 0.38046875 0.10625 0.0234375
1 0.74609375 0.21875 0.1 0.053125
1 0.825 0.2421875 0.05625 0.025
3 0.7765625 0.30703125 0.059375 0.03125
3 0.7546875 0.359375 0.078125 0.0671875
4 0.57578125 0.13046875 0.0859375 0.03125
4 0.4734375 0.0734375 0.178125 0.0375
4 0.52578125 0.0515625 0.165625 0.021875
4 0.65546875 0.11796875 0.0390625 0.028125
3 0.728125 0.08046875 0.046875 0.05625
3 0.84375 0.1359375 0.0375 0.034375
3 0.86953125 0.1328125 0.021875 0.025
0 0.84921875 0.09921875 0.0453125 0.0125
0 0.88125 0.1 0.021875 0.0125
3 0.871875 0.1140625 0.05625 0.015625
0 0.8578125 0.165625 0.028125 0.009375
0 0.76953125 0.43125 0.05625 0.015625
4 0.16484375 0.26328125 0.1828125 0.05
4 0.19296875 0.08046875 0.153125 0.059375