5 0.2140625 0.19140625 0.1875 0.134375
3 0.81171875 0.33515625 0.10625 0.1125
2 0.0703125 0.403125 0.134375 0.4296875
3 0.2984375 0.49375 0.2125 0.253125
3 0.8328125 0.56484375 0.16875 0.221875
3 0.775 0.7015625 0.203125 0.29375
3 0.65390625 0.36640625 0.109375 0.15
3 0.540625 0.54921875 0.1890625 0.2203125
0 0.83515625 0.19921875 0.028125 0.0671875
3 0.74609375 0.23203125 0.0625 0.075
0 0.6375 0.26953125 0.0328125 0.06875
0 0.57109375 0.29609375 0.03125 0.096875
0 0.04609375 0.67265625 0.090625 0.234375
3 0.88203125 0.19375 0.040625 0.0546875
3 0.828125 0.14765625 0.040625 0.0421875
3 0.859375 0.14140625 0.028125 0.0453125
4 0.73515625 0.7765625 0.1125 0.284375
4 0.946875 0.80390625 0.10625 0.2203125
4 0.97109375 0.49453125 0.0578125 0.1546875
4 0.9515625 0.3484375 0.034375 0.140625
4 0.909375 0.3453125 0.0359375 0.1609375
4 0.86796875 0.3484375 0.03125 0.14375
0 0.925 0.20078125 0.021875 0.0734375
0 0.91328125 0.1609375 0.01875 0.05625
3 0.89375 0.13984375 0.0359375 0.0421875
5 0.90703125 0.0921875 0.0484375 0.0765625
5 0.86328125 0.053125 0.046875 0.0765625
0 0.68125 0.21953125 0.0203125 0.08125
0 0.70859375 0.284375 0.025 0.1
0 0.60625 0.33203125 0.03125 0.128125
0 0.24375 0.68671875 0.09375 0.303125