1 0.7578125 0.440625 0.1125 0.1984375
1 0.18984375 0.275 0.0828125 0.11328125
3 0.9046875 0.79375 0.190625 0.35078125
0 0.36875 0.24453125 0.03515625 0.07890625
3 0.23828125 0.64453125 0.18828125 0.16015625
3 0.18046875 0.54140625 0.1421875 0.1625
3 0.49140625 0.62109375 0.22109375 0.24765625
2 0.8671875 0.22890625 0.2078125 0.184375
0 0.34296875 0.37109375 0.05859375 0.125
2 0.21875 0.10234375 0.0453125 0.0578125
0 0.26640625 0.3171875 0.04609375 0.1046875
4 0.25546875 0.80859375 0.0734375 0.2484375
3 0.6125 0.471875 0.16171875 0.1640625
3 0.303125 0.2390625 0.06171875 0.07890625
4 0.06484375 0.35234375 0.0640625 0.14375
3 0.2484375 0.18515625 0.0453125 0.03515625
3 0.246875 0.2125 0.0484375 0.06015625
4 0.0390625 0.5171875 0.07109375 0.13515625
4 0.046875 0.35078125 0.01796875 0.125
4 0.06484375 0.8265625 0.08515625 0.1703125
4 0.028125 0.30390625 0.0265625 0.0390625
0 0.10703125 0.17109375 0.01640625 0.053125
0 0.12265625 0.1625 0.0125 0.04609375
0 0.0859375 0.16875 0.01328125 0.05546875
0 0.0921875 0.14765625 0.01015625 0.04140625
5 0.16328125 0.16796875 0.05703125 0.09765625
5 0.1546875 0.11484375 0.05 0.08671875
2 0.07890625 0.09609375 0.02578125 0.065625
1 0.4953125 0.17734375 0.03125 0.03828125
3 0.64765625 0.20234375 0.04453125 0.0453125
0 0.575 0.19375 0.01484375 0.03828125
0 0.6875 0.21875 0.0203125 0.04609375
0 0.6046875 0.73359375 0.06171875 0.3328125