4 0.9046875 0.82109375 0.190625 0.0796875
4 0.89296875 0.9703125 0.2140625 0.059375
4 0.45703125 0.8828125 0.09375 0.065625
4 0.33671875 0.71875 0.0734375 0.034375
4 0.9046875 0.82109375 0.190625 0.0796875
4 0.89296875 0.9703125 0.2140625 0.059375
4 0.45703125 0.8828125 0.09375 0.065625
0 0.603125 0.17578125 0.2515625 0.059375
0 0.3515625 0.715625 0.1171875 0.0359375
3 0.7171875 0.40859375 0.309375 0.240625
2 0.21953125 0.9 0.15625 0.0921875
3 0.3921875 0.515625 0.1234375 0.1140625
2 0.221875 0.78046875 0.275 0.146875
3 0.4328125 0.60078125 0.1328125 0.13125
4 0.9046875 0.82109375 0.190625 0.0796875
4 0.89296875 0.9703125 0.2140625 0.059375
3 0.721875 0.82265625 0.3203125 0.2375
3 0.57109375 0.35625 0.28125 0.20625
3 0.6109375 0.86484375 0.19375 0.1609375
3 0.35703125 0.92890625 0.1171875 0.0796875
3 0.5609375 0.0359375 0.221875 0.071875
1 0.54453125 0.69140625 0.228125 0.10625
3 0.46015625 0.36640625 0.14375 0.1859375
3 0.13515625 0.96640625 0.0359375 0.025
0 0.4703125 0.2453125 0.19375 0.05625
5 0.25390625 0.43828125 0.2390625 0.228125
4 0.49921875 0.99375 0.23125 0.0125
0 0.30078125 0.665625 0.078125 0.025
2 0.13046875 0.9109375 0.059375 0.078125
3 0.23046875 0.69296875 0.08125 0.05
3 0.2484375 0.18515625 0.075 0.084375
3 0.18125 0.578125 0.0625 0.03125
4 0.51015625 0.9453125 0.121875 0.03125