1 0.12578125 0.225 0.25 0.2875
3 0.64609375 0.73515625 0.1046875 0.1
1 0.49609375 0.52265625 0.196875 0.13125
3 0.66640625 0.459375 0.1125 0.09375
5 0.61328125 0.221875 0.16875 0.171875
3 0.2515625 0.7953125 0.31875 0.2328125
3 0.49765625 0.275 0.178125 0.190625
3 0.74140625 0.04921875 0.0984375 0.0984375
3 0.74453125 0.91484375 0.0625 0.09375
1 0.6984375 0.8 0.09375 0.0609375
0 0.2828125 0.36796875 0.24375 0.075
0 0.62734375 0.62890625 0.121875 0.040625
4 0.0734375 0.9578125 0.14375 0.08125
3 0.42109375 0.84453125 0.178125 0.159375
0 0.409375 0.29453125 0.2015625 0.075
3 0.65234375 0.90703125 0.0859375 0.0828125
0 0.13359375 0.09921875 0.2671875 0.0984375
0 0.2484375 0.10234375 0.221875 0.09375
0 0.38125 0.03828125 0.240625 0.0765625
3 0.515625 0.01953125 0.1734375 0.0390625
3 0.66796875 0.60625 0.0984375 0.0859375
3 0.75625 0.63515625 0.046875 0.0609375
4 0.640625 0.53984375 0.096875 0.040625
3 0.775 0.87421875 0.05 0.0625
0 0.60625 0.3359375 0.071875 0.05
0 0.73046875 0.73203125 0.059375 0.034375
0 0.6921875 0.67890625 0.084375 0.0375
2 0.2359375 0.5328125 0.340625 0.165625
4 0.45859375 0.98359375 0.1171875 0.0328125
4 0.1796875 0.95546875 0.06875 0.0484375
4 0.50625 0.678125 0.190625 0.040625
3 0.80703125 0.74453125 0.04375 0.05
4 0.621875 0.89296875 0.0875 0.0484375
1 0.7140625 0.83359375 0.09375 0.0265625
3 0.74609375 0.71953125 0.08125 0.065625
3 0.76640625 0.15390625 0.078125 0.0765625
3 0.7765625 0.2578125 0.06875 0.109375
0 0.71640625 0.55078125 0.0984375 0.034375