3 0.26953125 0.75 0.265625 0.1953125
2 0.6859375 0.34921875 0.24375 0.20625
3 0.77109375 0.8515625 0.05625 0.05
3 0.4046875 0.2265625 0.2 0.178125
3 0.70703125 0.89375 0.096875 0.08125
3 0.6609375 0.6359375 0.115625 0.0796875
3 0.684375 0.80625 0.0953125 0.075
3 0.41484375 0.809375 0.1796875 0.1625
0 0.7109375 0.7640625 0.09375 0.03125
1 0.82265625 0.85703125 0.0421875 0.0375
3 0.79453125 0.79921875 0.0328125 0.0484375
1 0.61640625 0.48046875 0.1484375 0.0875
0 0.72578125 0.71875 0.0828125 0.03125
3 0.71171875 0.56171875 0.0875 0.0625
3 0.83671875 0.903125 0.040625 0.03125
1 0.775 0.7328125 0.065625 0.046875
1 0.57578125 0.8765625 0.159375 0.1078125
4 0.63046875 0.965625 0.146875 0.0640625
0 0.7828125 0.69765625 0.071875 0.01875
0 0.77890625 0.678125 0.05625 0.015625
0 0.73515625 0.66875 0.06875 0.0171875
0 0.75 0.60703125 0.0625 0.021875
5 0.82109375 0.77265625 0.0703125 0.046875
1 0.846875 0.87578125 0.0375 0.0234375
5 0.88203125 0.8484375 0.06875 0.059375
0 0.86484375 0.909375 0.015625 0.0078125
4 0.57265625 0.6625 0.15 0.040625
4 0.46796875 0.9625 0.153125 0.0625
0 0.53671875 0.38984375 0.159375 0.0515625
0 0.30390625 0.33984375 0.271875 0.053125
0 0.27421875 0.125 0.3 0.09375
5 0.878125 0.6390625 0.090625 0.078125
2 0.9015625 0.77890625 0.0625 0.0375