3 0.4765625 0.30703125 0.1171875 0.125
3 0.9453125 0.84609375 0.109375 0.30625
1 0.08046875 0.36015625 0.109375 0.1796875
3 0.703125 0.31328125 0.1546875 0.14375
4 0.02890625 0.81953125 0.0578125 0.203125
1 0.078125 0.10078125 0.0421875 0.071875
4 0.2390625 0.7828125 0.078125 0.24375
4 0.0125 0.47421875 0.025 0.1140625
0 0.12890625 0.12578125 0.04375 0.071875
3 0.15 0.5046875 0.16875 0.1734375
1 0.22734375 0.0234375 0.046875 0.046875
2 0.4640625 0.0796875 0.075 0.06875
0 0.040625 0.0921875 0.034375 0.06875
0 0.1421875 0.09765625 0.0359375 0.0484375
3 0.225 0.6796875 0.228125 0.2546875
2 0.37734375 0.05625 0.0375 0.046875
2 0.525 0.08203125 0.0375 0.0796875
5 0.41171875 0.06171875 0.034375 0.0515625
2 0.096875 0.0359375 0.05 0.06875
5 0.0609375 0.00625 0.04375 0.0125
5 0.1734375 0.02109375 0.0375 0.0421875
5 0.0078125 0.2796875 0.015625 0.115625
3 0.76796875 0.1640625 0.06875 0.0484375
1 0.66484375 0.13671875 0.0625 0.053125