3 0.2125 0.70625 0.228125 0.271875
3 0.46171875 0.38359375 0.1109375 0.128125
4 0.0890625 0.41875 0.03125 0.140625
3 0.10546875 0.3375 0.078125 0.103125
1 0.15 0.21796875 0.053125 0.075
0 0.2890625 0.309375 0.0296875 0.1125
3 0.1625 0.5515625 0.146875 0.165625
1 0.23828125 0.25859375 0.05625 0.09375
3 0.0703125 0.2015625 0.0453125 0.05625
3 0.39140625 0.27578125 0.09375 0.09375
4 0.02109375 0.5125 0.0421875 0.1234375
3 0.4203125 0.64140625 0.175 0.2375
1 0.08125 0.13984375 0.0296875 0.040625
0 0.225 0.28359375 0.034375 0.090625
0 0.1625 0.28671875 0.03125 0.08125
0 0.1875 0.2625 0.025 0.078125
2 0.77265625 0.59921875 0.4546875 0.8
1 0.1 0.18046875 0.046875 0.046875
4 0.025 0.415625 0.03125 0.153125
4 0.04453125 0.371875 0.028125 0.14375
0 0.640625 0.85 0.125 0.3
4 0.0484375 0.27578125 0.053125 0.05
3 0.10625 0.134375 0.0171875 0.0375
3 0.08125 0.11171875 0.0234375 0.015625
3 0.13984375 0.153125 0.0328125 0.046875
0 0.14375 0.1671875 0.009375 0.015625
3 0.19609375 0.18046875 0.0359375 0.046875
0 0.31953125 0.25859375 0.021875 0.090625
3 0.3234375 0.22578125 0.059375 0.0859375
2 0.5171875 0.17421875 0.0515625 0.065625
1 0.43671875 0.1578125 0.0234375 0.053125
1 0.7015625 0.11484375 0.20625 0.128125
0 0.5140625 0.328125 0.034375 0.1109375