5 0.52421875 0.80625 0.2859375 0.215625
3 0.41640625 0.6390625 0.13125 0.140625
3 0.7375 0.17734375 0.2828125 0.2421875
5 0.18203125 0.26640625 0.134375 0.1109375
3 0.29296875 0.2609375 0.0875 0.0796875
0 0.40234375 0.28046875 0.140625 0.05625
3 0.26328125 0.91328125 0.09375 0.1046875
3 0.57421875 0.1265625 0.16875 0.159375
1 0.3078125 0.140625 0.1125 0.0625
5 0.2625 0.45859375 0.1875 0.175
3 0.35078125 0.06484375 0.0953125 0.084375
4 0.9203125 0.025 0.1453125 0.05
3 0.20234375 0.19296875 0.05625 0.053125
4 0.97578125 0.465625 0.046875 0.1
3 0.953125 0.9015625 0.09375 0.1875
0 0.4203125 0.41015625 0.1421875 0.040625
0 0.45 0.5140625 0.159375 0.05
3 0.25546875 0.07578125 0.0671875 0.06875
0 0.2921875 0.190625 0.0953125 0.0296875
0 0.72265625 0.97265625 0.2359375 0.0546875
4 0.34296875 0.00859375 0.084375 0.015625
0 0.39140625 0.084375 0.103125 0.05625
4 0.8078125 0.02265625 0.0734375 0.04375
0 0.3140625 0.33671875 0.1109375 0.021875
0 0.41796875 0.3546875 0.1609375 0.0359375
0 0.53984375 0.47109375 0.20625 0.05625
3 0.36875 0.459375 0.13125 0.0390625
0 0.7609375 0.5953125 0.309375 0.0859375
3 0.47890625 0.946875 0.18125 0.0453125
1 0.20078125 0.57734375 0.040625 0.025
3 0.24140625 0.8125 0.0640625 0.065625
3 0.17265625 0.1421875 0.04375 0.021875
0 0.1796875 0.1625 0.0453125 0.0125
0 0.22578125 0.1546875 0.034375 0.028125
0 0.18828125 0.06484375 0.05625 0.015625
1 0.1796875 0.0875 0.0578125 0.028125
3 0.21015625 0.12265625 0.053125 0.03125
0 0.15703125 0.1125 0.046875 0.0234375
0 0.16640625 0.03828125 0.090625 0.0375