1 0.425 0.296875 0.059375 0.11875
3 0.1734375 0.54765625 0.1578125 0.159375
2 0.60859375 0.1796875 0.14375 0.090625
1 0.32890625 0.428125 0.103125 0.184375
1 0.33515625 0.26484375 0.0578125 0.084375
2 0.884375 0.2171875 0.23125 0.178125
3 0.09296875 0.33203125 0.13125 0.103125
0 0.45390625 0.9 0.1125 0.2
3 0.30234375 0.22578125 0.0625 0.065625
0 0.98359375 0.26171875 0.0328125 0.0890625
3 0.21328125 0.6921875 0.1625 0.25625
3 0.1828125 0.1765625 0.028125 0.05
1 0.97109375 0.57109375 0.053125 0.3125
0 0.23125 0.22578125 0.03125 0.06875
2 0.12109375 0.1875 0.090625 0.1328125
0 0.20078125 0.21015625 0.025 0.0515625
3 0.26796875 0.696875 0.128125 0.2328125
1 0.64609375 0.51328125 0.1375 0.2515625
3 0.7609375 0.46328125 0.14375 0.171875
0 0.07890625 0.13046875 0.05625 0.078125
5 0.38515625 0.90078125 0.0375 0.1984375
4 0.221875 0.8890625 0.0484375 0.221875
4 0.2609375 0.77578125 0.071875 0.30625
4 0.0671875 0.86875 0.078125 0.2625
4 0.01171875 0.453125 0.0234375 0.2171875
4 0.040625 0.46875 0.0234375 0.209375
4 0.075 0.45859375 0.0421875 0.175
4 0.175 0.41796875 0.025 0.1109375
4 0.19921875 0.40546875 0.03125 0.134375
4 0.2359375 0.4578125 0.0390625 0.121875
4 0.22421875 0.37578125 0.028125 0.103125
4 0.0734375 0.34296875 0.021875 0.0375
4 0.0328125 0.33359375 0.01875 0.0609375
0 0.2140625 0.25234375 0.021875 0.084375
0 0.25859375 0.33125 0.03125 0.11875
0 0.43828125 0.465625 0.0421875 0.159375
0 0.49296875 0.3859375 0.0453125 0.15
1 0.38125 0.3671875 0.075 0.1578125
0 0.425 0.30078125 0.0296875 0.084375
3 0.23515625 0.19765625 0.0421875 0.04375
2 0.42265625 0.14140625 0.0671875 0.0734375
5 0.33828125 0.1265625 0.0515625 0.0703125
5 0.2125 0.0828125 0.0609375 0.09375