1 0.23984375 0.7640625 0.084375 0.0546875
3 0.425 0.38671875 0.14375 0.140625
1 0.7671875 0.428125 0.390625 0.2375
1 0.184375 0.88984375 0.065625 0.0390625
3 0.25 0.57578125 0.084375 0.0671875
1 0.28984375 0.63203125 0.09375 0.071875
0 0.215625 0.709375 0.0625 0.0265625
4 0.48671875 0.9640625 0.1375 0.06875
3 0.6859375 0.759375 0.275 0.215625
3 0.53984375 0.8140625 0.178125 0.15
3 0.16328125 0.74375 0.0390625 0.040625
3 0.32265625 0.871875 0.09375 0.0765625
4 0.38359375 0.934375 0.1515625 0.0359375
0 0.1875 0.84140625 0.053125 0.0171875
2 0.66796875 0.19296875 0.6453125 0.3859375
3 0.1703125 0.825 0.04375 0.04375
0 0.33046875 0.45703125 0.0984375 0.04375
4 0.6703125 0.3125 0.228125 0.05625
5 0.1640625 0.30078125 0.140625 0.221875
3 0.29609375 0.41171875 0.090625 0.04375
3 0.2640625 0.925 0.0546875 0.0671875
3 0.1265625 0.85 0.046875 0.028125
0 0.13515625 0.928125 0.053125 0.0125
5 0.078125 0.7375 0.084375 0.05
3 0.1640625 0.4828125 0.05 0.0390625
0 0.9390625 0.13828125 0.121875 0.0734375