3 0.71484375 0.13125 0.3046875 0.2625
3 0.734375 0.8109375 0.271875 0.2125
3 0.546875 0.228125 0.19375 0.2203125
2 0.140625 0.85625 0.06875 0.103125
3 0.56953125 0.865625 0.16875 0.1625
2 0.246875 0.8359375 0.2234375 0.15625
2 0.33515625 0.64375 0.453125 0.2640625
4 0.50546875 0.98671875 0.2 0.0265625
3 0.3484375 0.9234375 0.1 0.0828125
5 0.35078125 0.171875 0.30625 0.34375
1 0.8171875 0.47421875 0.365625 0.1921875
3 0.39609375 0.4375 0.1390625 0.1
3 0.2890625 0.4765625 0.103125 0.0734375
4 0.8953125 0.809375 0.209375 0.075
4 0.88359375 0.9734375 0.23125 0.053125
4 0.4453125 0.88515625 0.0796875 0.0484375
0 0.55078125 0.3703125 0.21875 0.059375
0 0.5 0.44140625 0.18125 0.05625
0 0.19921875 0.95078125 0.075 0.025
0 0.234375 0.91484375 0.0796875 0.0203125
3 0.21171875 0.35390625 0.04375 0.0875
4 0.4921875 0.9390625 0.1046875 0.0421875
2 0.0890625 0.81640625 0.0609375 0.05
3 0.11796875 0.95078125 0.053125 0.0296875