3 0.26171875 0.21875 0.09375 0.071875
3 0.315625 0.334375 0.128125 0.109375
3 0.70234375 0.24453125 0.284375 0.2125
0 0.4953125 0.890625 0.1296875 0.08125
5 0.51484375 0.58203125 0.440625 0.26875
0 0.6953125 0.88046875 0.2703125 0.0890625
3 0.54296875 0.1765625 0.1875 0.1515625
5 0.22890625 0.7109375 0.2875 0.2875
3 0.19296875 0.16015625 0.059375 0.0578125
3 0.52265625 0.7765625 0.25625 0.2
5 0.409375 0.98515625 0.275 0.0296875
5 0.1203125 0.34140625 0.115625 0.096875
1 0.234375 0.303125 0.090625 0.053125
0 0.2421875 0.4359375 0.11875 0.0296875
0 0.9125 0.93125 0.175 0.1375
0 0.1609375 0.134375 0.075 0.03125
3 0.14765625 0.18828125 0.04375 0.05
3 0.16640625 0.26875 0.05625 0.04375
0 0.66640625 0.9703125 0.215625 0.059375
1 0.09140625 0.0890625 0.059375 0.046875
3 0.17890625 0.22421875 0.05625 0.05625
3 0.13515625 0.22421875 0.034375 0.0375
3 0.246875 0.38046875 0.103125 0.040625
0 0.23828125 0.35625 0.040625 0.021875
4 0.36328125 0.128125 0.1671875 0.0234375
4 0.50625 0.02734375 0.115625 0.0546875
4 0.40234375 0.0375 0.171875 0.0234375
4 0.33515625 0.0625 0.146875 0.01875
4 0.28203125 0.02578125 0.0453125 0.0125
4 0.29140625 0.03828125 0.053125 0.01875
4 0.8828125 0.05078125 0.234375 0.1
0 0.18359375 0.2265625 0.0375 0.0171875
0 0.1703125 0.0765625 0.071875 0.021875
3 0.15234375 0.08828125 0.0625 0.046875
3 0.34609375 0.7109375 0.0609375 0.059375