3 0.5234375 0.878125 0.1703125 0.2015625
3 0.71875 0.3671875 0.1203125 0.078125
5 0.646875 0.6234375 0.209375 0.16875
3 0.453125 0.17109375 0.1453125 0.146875
0 0.46328125 0.53203125 0.18125 0.059375
1 0.07265625 0.7171875 0.14375 0.4125
5 0.71640625 0.490625 0.165625 0.1
3 0.28828125 0.21640625 0.26875 0.21875
0 0.61640625 0.240625 0.13125 0.053125
0 0.58828125 0.3671875 0.1375 0.0546875
3 0.70078125 0.16796875 0.078125 0.071875
3 0.6859375 0.296875 0.0921875 0.078125
3 0.66328125 0.1109375 0.084375 0.078125
4 0.4796875 0.02578125 0.1140625 0.0515625
0 0.18984375 0.87265625 0.20625 0.0671875
0 0.55703125 0.29609375 0.140625 0.040625
0 0.6078125 0.12109375 0.121875 0.0484375
4 0.11171875 0.06171875 0.13125 0.0703125
4 0.13671875 0.3078125 0.1625 0.0890625
4 0.66640625 0.04296875 0.078125 0.0375
3 0.72890625 0.25 0.065625 0.065625
5 0.75703125 0.96875 0.1765625 0.0625
4 0.221875 0.0640625 0.0734375 0.046875
0 0.80546875 0.121875 0.059375 0.034375
0 0.65546875 0.27421875 0.090625 0.034375
3 0.77109375 0.30546875 0.0625 0.0421875
3 0.76640625 0.21328125 0.0671875 0.0375
0 0.7890625 0.1671875 0.078125 0.03125
0 0.81328125 0.19921875 0.05 0.0109375
3 0.81953125 0.2171875 0.0375 0.028125
0 0.84375 0.4421875 0.0703125 0.0390625
5 0.9046875 0.190625 0.065625 0.05
5 0.928125 0.10234375 0.05 0.040625
3 0.81015625 0.06875 0.053125 0.025
0 0.8296875 0.08671875 0.065625 0.025
1 0.76796875 0.79140625 0.06875 0.05