2 0.4703125 0.52578125 0.50625 0.3328125
2 0.1578125 0.41640625 0.06875 0.1125
2 0.2046875 0.0875 0.19375 0.175
3 0.41796875 0.26328125 0.1078125 0.16875
3 0.57109375 0.2421875 0.1984375 0.2125
0 0.6625 0.2390625 0.2796875 0.06875
3 0.54453125 0.84453125 0.1796875 0.1265625
3 0.70078125 0.7859375 0.3 0.175
3 0.3109375 0.865625 0.0921875 0.1171875
1 0.83984375 0.5859375 0.1703125 0.221875
1 0.41484375 0.89140625 0.175 0.1
4 0.4171875 0.83203125 0.11875 0.025
4 0.50625 0.978125 0.1375 0.04375
4 0.34765625 0.9640625 0.13125 0.025
0 0.21328125 0.7203125 0.075 0.0203125
0 0.209375 0.775 0.0703125 0.0140625
3 0.166349809375 0.784826203125 0.162785171875 0.7888368984375 0.17526140625 0.7978609624999999 0.1895199625 0.8018716578125 0.2144724328125 0.7998663109375 0.2144724328125 0.789839571875 0.21090779531249998 0.779812834375 0.1966492390625 0.779812834375 0.184173003125 0.774799465625 0.1877376421875 0.768783421875 0.18595532343750001 0.763770053125 0.17526140625 0.763770053125 0.166349809375 0.768783421875 0.166349809375 0.784826203125
0 0.1984375 0.75234375 0.0703125 0.01875
0 0.21875 0.834375 0.0640625 0.0125
0 0.1984375 0.81796875 0.0625 0.0140625
0 0.19140625 0.871875 0.06875 0.015625
3 0.14139733906250002 0.8309491984375 0.14139733906250002 0.846991978125 0.148526615625 0.8510026734375 0.1520912546875 0.8610294125 0.164567490625 0.86604278125 0.17526140625 0.86604278125 0.180608365625 0.8630347593750001 0.1699144484375 0.8590240640625 0.1699144484375 0.8550133687500001 0.17526140625 0.852005346875 0.1930846 0.85 0.198431559375 0.846991978125 0.1966492390625 0.8439839578124999 0.18595532343750001 0.8359625671875 0.1699144484375 0.83495989375 0.1699144484375 0.8329545453125 0.184173003125 0.826938503125 0.184173003125 0.8249331546875001 0.17526140625 0.821925134375 0.1574382125 0.82393048125 0.14139733906250002 0.8309491984375
0 0.1890625 0.85625 0.0625 0.0125
0 0.20390625 0.92578125 0.0671875 0.0171875
0 0.1921875 0.909375 0.0578125 0.015625
0 0.16640625 0.9328125 0.040625 0.0125
0 0.16328125 0.90546875 0.03125 0.015625
0 0.17421875 0.94921875 0.065625 0.0140625
3 0.16171875 0.88671875 0.040625 0.0171875
3 0.159375 0.8453125 0.028125 0.021875
3 0.1515625 0.840625 0.025 0.025
3 0.184375 0.79140625 0.0484375 0.021875