2 0.6578125 0.29609375 0.34375 0.215625
5 0.91015625 0.396875 0.1796875 0.134375
5 0.86328125 0.29921875 0.11875 0.13125
3 0.47265625 0.1578125 0.1375 0.1984375
3 0.2875 0.2109375 0.271875 0.1953125
3 0.6328125 0.50546875 0.16875 0.1265625
3 0.58046875 0.82265625 0.215625 0.15625
3 0.47734375 0.92578125 0.24375 0.1484375
0 0.54375 0.6796875 0.2171875 0.05625
0 0.58828125 0.4140625 0.1859375 0.0375
1 0.6046875 0.0765625 0.175 0.1125
0 0.69140625 0.12109375 0.15 0.053125
0 0.8015625 0.1546875 0.1125 0.06875
0 0.79765625 0.7625 0.05625 0.03125
0 0.8015625 0.0640625 0.071875 0.0234375
1 0.8265625 0.090625 0.08125 0.0421875
1 0.85 0.0328125 0.05625 0.03125
4 0.5046875 0.0140625 0.171875 0.028125
4 0.68828125 0.00859375 0.16875 0.0171875
3 0.80078125 0.684375 0.05625 0.0671875
3 0.82890625 0.61875 0.0375 0.0390625
1 0.8546875 0.490625 0.0578125 0.021875
3 0.834375 0.53203125 0.05 0.04375
3 0.8921875 0.08515625 0.078125 0.1125
4 0.25 0.065625 0.3375 0.075
1 0.76328125 0.86796875 0.05 0.0765625
3 0.78984375 0.8359375 0.05 0.0921875