3 0.81640625 0.60546875 0.2296875 0.23828125
3 0.18046875 0.54765625 0.14375 0.17109375
3 0.2375 0.70078125 0.1953125 0.2640625
3 0.1859375 0.41796875 0.13046875 0.11484375
3 0.63125 0.41484375 0.146875 0.15234375
5 0.38359375 0.23984375 0.0671875 0.11015625
3 0.92734375 0.24921875 0.1140625 0.0796875
0 0.125 0.20390625 0.0328125 0.0515625
3 0.484375 0.33671875 0.10703125 0.1
3 0.925 0.47265625 0.146875 0.19453125
0 0.2171875 0.2953125 0.0484375 0.1
0 0.29765625 0.228125 0.028125 0.08203125
3 0.82421875 0.23359375 0.0640625 0.07265625
5 0.24140625 0.24453125 0.06015625 0.15546875
5 0.2 0.1375 0.07890625 0.1125
4 0.05546875 0.4828125 0.04140625 0.17890625
4 0.0734375 0.796875 0.0640625 0.1328125
4 0.2609375 0.97109375 0.05859375 0.053125
3 0.1015625 0.321875 0.10546875 0.11640625
3 0.1390625 0.16015625 0.0265625 0.040625
0 0.14921875 0.1875 0.0140625 0.05390625
0 0.10234375 0.16640625 0.0125 0.05
5 0.11796875 0.13125 0.03125 0.05625
0 0.08203125 0.121875 0.00546875 0.0296875
1 0.5015625 0.1734375 0.0265625 0.05390625