0 0.44609375 0.79140625 0.1625 0.084375
3 0.7046875 0.22578125 0.284375 0.2078125
0 0.265625 0.25625 0.0875 0.025
3 0.246875 0.96796875 0.096875 0.0640625
3 0.54765625 0.15703125 0.178125 0.15
0 0.62734375 0.80078125 0.259375 0.1125
3 0.2703125 0.375 0.084375 0.0875
1 0.17421875 0.1875 0.0515625 0.05
4 0.40703125 0.16171875 0.1125 0.046875
3 0.321875 0.10390625 0.10625 0.071875
3 0.19765625 0.28203125 0.065625 0.0515625
3 0.2125 0.853125 0.065625 0.08125
0 0.2015625 0.159375 0.0671875 0.028125
0 0.3109375 0.32734375 0.1078125 0.040625
0 0.24609375 0.18515625 0.084375 0.0328125
0 0.6625 0.91953125 0.1515625 0.1203125
1 0.40078125 0.43125 0.16875 0.090625
0 0.11328125 0.078125 0.078125 0.046875
3 0.38359375 0.5625 0.1515625 0.115625
0 0.2375 0.31171875 0.078125 0.0328125
3 0.20546875 0.0796875 0.065625 0.05625
1 0.146875 0.121875 0.05625 0.040625
0 0.78359375 0.9265625 0.1515625 0.140625
1 0.20859375 0.23203125 0.05625 0.05625
0 0.13671875 0.078125 0.059375 0.040625
0 0.4078125 0.08671875 0.1375 0.0375
4 0.86171875 0.053125 0.1390625 0.071875
4 0.76875 0.05078125 0.078125 0.0421875
4 0.77890625 0.44140625 0.340625 0.065625
4 0.8046875 0.58515625 0.328125 0.0484375
4 0.98828125 0.5 0.0234375 0.13125
4 0.4609375 0.02421875 0.21875 0.0296875
4 0.46796875 0.05078125 0.178125 0.021875
4 0.30078125 0.01015625 0.0359375 0.0171875
4 0.2921875 0.025 0.046875 0.01875
0 0.32265625 0.0609375 0.0640625 0.028125
0 0.25390625 0.43828125 0.10625 0.03125